7450-937372
OS REV: 1.03 Sensor Cal: 1527001961
Time (sec),  BV (Volts),  T (deg C),  DO (mg/l),  Q ()
1653764520,+3.18, +3.078, +8.673,+1.582
1653765120,+3.18, +3.254, +8.630,+1.564
1653765720,+3.18, +3.337, +8.614,+1.571
1653766320,+3.18, +3.409, +8.590,+1.576
1653766920,+3.18, +3.409, +8.594,+1.576
1653767520,+3.18, +3.440, +8.579,+1.588
1653768120,+3.18, +3.491, +8.563,+1.586
1653768720,+3.18, +3.481, +8.571,+1.587
1653769320,+3.18, +3.491, +8.574,+1.579
1653769920,+3.18, +3.573, +8.542,+1.583
1653770520,+3.18, +3.522, +8.560,+1.589
1653771120,+3.18, +3.594, +8.530,+1.597
1653771720,+3.18, +3.573, +8.552,+1.595
1653772320,+3.18, +3.553, +8.561,+1.596
1653772920,+3.18, +3.635, +8.535,+1.602
1653773520,+3.18, +3.604, +8.537,+1.609
1653774120,+3.18, +3.573, +8.539,+1.617
1653774720,+3.18, +3.543, +8.547,+1.624
1653775320,+3.18, +3.543, +8.543,+1.634
1653775920,+3.18, +3.543, +8.540,+1.642
1653776520,+3.18, +3.501, +8.545,+1.650
1653777120,+3.18, +3.501, +8.550,+1.657
1653777720,+3.18, +3.491, +8.541,+1.665
1653778320,+3.18, +3.440, +8.554,+1.671
1653778920,+3.18, +3.378, +8.568,+1.677
1653779520,+3.18, +3.326, +8.580,+1.681
1653780120,+3.18, +3.295, +8.596,+1.684
1653780720,+3.18, +3.337, +8.577,+1.685
1653781320,+3.18, +3.254, +8.604,+1.691
1653781920,+3.18, +3.213, +8.609,+1.693
1653782520,+3.18, +3.182, +8.622,+1.697
1653783120,+3.18, +3.202, +8.605,+1.699
1653783720,+3.18, +3.151, +8.624,+1.699
1653784320,+3.18, +3.119, +8.624,+1.702
1653784920,+3.18, +3.099, +8.628,+1.702
1653785520,+3.18, +3.026, +8.646,+1.705
1653786120,+3.18, +2.995, +8.645,+1.707
1653786720,+3.18, +2.912, +8.663,+1.708
1653787320,+3.18, +2.891, +8.663,+1.710
1653787920,+3.18, +2.808, +8.683,+1.710
1653788520,+3.18, +2.828, +8.673,+1.709
1653789120,+3.18, +2.755, +8.689,+1.710
1653789720,+3.18, +2.693, +8.714,+1.711
1653790320,+3.18, +2.630, +8.722,+1.711
1653790920,+3.18, +2.588, +8.737,+1.712
1653791520,+3.18, +2.630, +8.703,+1.710
1653792120,+3.18, +2.483, +8.752,+1.708
1653792720,+3.18, +2.452, +8.758,+1.707
1653793320,+3.18, +2.483, +8.739,+1.705
1653793920,+3.18, +2.389, +8.782,+1.706
1653794520,+3.18, +2.336, +8.772,+1.704
1653795120,+3.18, +2.347, +8.769,+1.705
1653795720,+3.18, +2.294, +8.787,+1.705
1653796320,+3.18, +2.283, +8.790,+1.703
1653796920,+3.18, +2.262, +8.785,+1.706
1653797520,+3.18, +2.210, +8.796,+1.707
1653798120,+3.18, +2.167, +8.803,+1.706
1653798720,+3.18, +2.125, +8.812,+1.704
1653799320,+3.18, +2.115, +8.814,+1.705
1653799920,+3.18, +2.030, +8.828,+1.707
1653800520,+3.18, +2.051, +8.817,+1.709
1653801120,+3.18, +1.956, +8.853,+1.709
1653801720,+3.18, +1.956, +8.833,+1.710
1653802320,+3.18, +1.881, +8.851,+1.709
1653802920,+3.18, +1.828, +8.867,+1.709
1653803520,+3.18, +1.860, +8.852,+1.707
1653804120,+3.18, +1.754, +8.874,+1.705
1653804720,+3.18, +1.764, +8.875,+1.703
1653805320,+3.18, +1.733, +8.873,+1.702
1653805920,+3.18, +1.754, +8.868,+1.701
1653806520,+3.18, +1.669, +8.887,+1.700
1653807120,+3.18, +1.647, +8.905,+1.700
1653807720,+3.18, +1.615, +8.898,+1.700
1653808320,+3.18, +1.551, +8.920,+1.699
1653808920,+3.18, +1.594, +8.900,+1.698
1653809520,+3.18, +1.572, +8.901,+1.696
1653810120,+3.18, +1.583, +8.892,+1.696
1653810720,+3.18, +1.508, +8.929,+1.695
1653811320,+3.18, +1.476, +8.932,+1.691
1653811920,+3.18, +1.476, +8.931,+1.690
1653812520,+3.18, +1.487, +8.925,+1.690
1653813120,+3.18, +1.433, +8.951,+1.688
1653813720,+3.18, +1.433, +8.942,+1.687
1653814320,+3.18, +1.423, +8.945,+1.683
1653814920,+3.18, +1.390, +8.965,+1.675
1653815520,+3.18, +1.412, +8.962,+1.668
1653816120,+3.18, +1.455, +8.939,+1.662
1653816720,+3.18, +1.401, +8.969,+1.656
1653817320,+3.18, +1.433, +8.955,+1.646
1653817920,+3.18, +1.455, +8.954,+1.639
1653818520,+3.18, +1.530, +8.930,+1.634
1653819120,+3.18, +1.530, +8.929,+1.627
1653819720,+3.18, +1.508, +8.941,+1.623
1653820320,+3.18, +1.540, +8.938,+1.619
1653820920,+3.18, +1.519, +8.955,+1.617
1653821520,+3.18, +1.583, +8.917,+1.617
1653822120,+3.18, +1.540, +8.932,+1.619
1653822720,+3.18, +1.530, +8.932,+1.620
1653823320,+3.18, +1.476, +8.958,+1.622
1653823920,+3.18, +1.572, +8.920,+1.623
1653824520,+3.18, +1.605, +8.910,+1.627
1653825120,+3.18, +1.530, +8.914,+1.650
1653825720,+3.18, +1.476, +8.937,+1.656
1653826320,+3.18, +1.465, +8.944,+1.659
1653826920,+3.18, +1.423, +8.946,+1.681
1653827520,+3.18, +1.455, +8.930,+1.679
1653828120,+3.18, +1.358, +8.971,+1.678
1653828720,+3.18, +1.369, +8.954,+1.678
1653829320,+3.18, +1.326, +8.975,+1.660
1653829920,+3.18, +1.358, +8.975,+1.652
1653830520,+3.18, +1.380, +8.976,+1.644
1653831120,+3.18, +1.380, +8.958,+1.648
1653831720,+3.18, +1.444, +8.935,+1.635
1653832320,+3.18, +1.358, +8.974,+1.629
1653832920,+3.18, +1.476, +8.929,+1.624
1653833520,+3.18, +1.498, +8.918,+1.618
1653834120,+3.18, +1.476, +8.921,+1.611
1653834720,+3.18, +1.540, +8.913,+1.604
1653835320,+3.18, +1.551, +8.906,+1.598
1653835920,+3.18, +1.626, +8.897,+1.588
1653836520,+3.18, +1.572, +8.913,+1.580
1653837120,+3.18, +1.605, +8.922,+1.570
1653837720,+3.18, +1.701, +8.891,+1.562
1653838320,+3.18, +1.722, +8.902,+1.558
1653838920,+3.18, +1.828, +8.855,+1.556
1653839520,+3.18, +1.871, +8.848,+1.555
1653840120,+3.18, +1.956, +8.823,+1.553
1653840720,+3.18, +2.083, +8.797,+1.551
1653841320,+3.18, +2.093, +8.804,+1.549
1653841920,+3.18, +2.210, +8.778,+1.549
1653842520,+3.18, +2.210, +8.775,+1.550
1653843120,+3.18, +2.336, +8.743,+1.550
1653843720,+3.18, +2.410, +8.714,+1.552
1653844320,+3.18, +2.452, +8.694,+1.556
1653844920,+3.18, +2.462, +8.697,+1.562
1653845520,+3.18, +2.431, +8.712,+1.565
1653846120,+3.18, +2.473, +8.715,+1.558
1653846720,+3.18, +2.546, +8.703,+1.556
1653847320,+3.18, +2.724, +8.648,+1.564
1653847920,+3.18, +2.860, +8.608,+1.574
1653848520,+3.18, +3.016, +8.583,+1.568
1653849120,+3.18, +3.088, +8.566,+1.572
1653849720,+3.18, +3.275, +8.526,+1.560
1653850320,+3.18, +3.501, +8.489,+1.554
1653850920,+3.18, +3.666, +8.453,+1.554
