7392-928226
OS REV: 1.11 Sensor Cal: 1496933196
Time (sec),  BV (Volts),  T (deg C),  DO (mg/l),  Q ()
1652022540,+3.21, +1.657, +9.183,+0.991
1652022600,+3.21, +1.678, +9.170,+0.990
1652022660,+3.21, +1.646, +9.176,+0.991
1652022720,+3.21, +1.646, +9.180,+0.991
1652022780,+3.21, +1.678, +9.170,+0.991
1652022840,+3.21, +1.668, +9.174,+0.991
1652022900,+3.21, +1.657, +9.188,+0.991
1652022960,+3.21, +1.678, +9.163,+0.990
1652023020,+3.21, +1.657, +9.187,+0.991
1652023080,+3.21, +1.636, +9.192,+0.991
1652023140,+3.21, +1.657, +9.189,+0.991
1652023200,+3.21, +1.657, +9.183,+0.991
1652023260,+3.21, +1.678, +9.172,+0.991
1652023320,+3.21, +1.668, +9.169,+0.990
1652023380,+3.21, +1.668, +9.173,+0.990
1652023440,+3.21, +1.678, +9.164,+0.991
1652023500,+3.21, +1.668, +9.168,+0.991
1652023560,+3.21, +1.678, +9.169,+0.991
1652023620,+3.21, +1.678, +9.172,+0.991
1652023680,+3.21, +1.678, +9.171,+0.991
1652023740,+3.21, +1.668, +9.149,+0.991
1652023800,+3.21, +1.625, +9.152,+0.990
1652023860,+3.21, +1.614, +9.161,+0.991
1652023920,+3.21, +1.614, +9.155,+0.990
1652023980,+3.21, +1.614, +9.182,+0.991
1652024040,+3.21, +1.657, +9.190,+0.992
1652024100,+3.21, +1.678, +9.174,+0.991
1652024160,+3.21, +1.657, +9.178,+0.991
1652024220,+3.21, +1.678, +9.174,+0.991
1652024280,+3.21, +1.700, +9.158,+0.991
1652024340,+3.21, +1.657, +9.172,+0.991
1652024400,+3.21, +1.668, +9.178,+0.991
1652024460,+3.21, +1.689, +9.161,+0.991
1652024520,+3.21, +1.668, +9.165,+0.990
1652024580,+3.21, +1.668, +9.165,+0.990
1652024640,+3.21, +1.636, +9.178,+0.990
1652024700,+3.21, +1.668, +9.171,+0.991
1652024760,+3.21, +1.689, +9.171,+0.991
1652024820,+3.21, +1.732, +9.146,+0.991
1652024880,+3.21, +1.689, +9.169,+0.991
1652024940,+3.21, +1.700, +9.170,+0.991
1652025000,+3.21, +1.700, +9.173,+0.992
1652025060,+3.21, +1.689, +9.172,+0.991
1652025120,+3.21, +1.732, +9.148,+0.991
1652025180,+3.21, +1.689, +9.174,+0.991
1652025240,+3.21, +1.678, +9.160,+0.990
1652025300,+3.21, +1.700, +9.165,+0.991
1652025360,+3.21, +1.678, +9.171,+0.991
1652025420,+3.21, +1.700, +9.164,+0.991
1652025480,+3.21, +1.646, +9.189,+0.991
1652025540,+3.21, +1.700, +9.164,+0.991
1652025600,+3.21, +1.678, +9.164,+0.991
1652025660,+3.21, +1.689, +9.155,+0.990
1652025720,+3.21, +1.721, +9.153,+0.991
1652025780,+3.21, +1.721, +9.151,+0.991
1652025840,+3.21, +1.700, +9.169,+0.991
1652025900,+3.21, +1.721, +9.153,+0.991
1652025960,+3.21, +1.678, +9.172,+0.991
1652026020,+3.21, +1.710, +9.158,+0.991
1652026080,+3.21, +1.700, +9.161,+0.991
1652026140,+3.21, +1.721, +9.146,+0.991
1652026200,+3.21, +1.742, +9.146,+0.991
1652026260,+3.21, +1.721, +9.157,+0.991
1652026320,+3.21, +1.710, +9.175,+0.992
1652026380,+3.21, +1.742, +9.143,+0.991
1652026440,+3.21, +1.742, +9.154,+0.991
1652026500,+3.21, +1.721, +9.157,+0.991
1652026560,+3.21, +1.721, +9.155,+0.991
1652026620,+3.21, +1.742, +9.141,+0.990
1652026680,+3.21, +1.721, +9.169,+0.992
1652026740,+3.21, +1.742, +9.152,+0.991
1652026800,+3.21, +1.732, +9.155,+0.991
1652026860,+3.21, +1.732, +9.151,+0.991
1652026920,+3.21, +1.764, +9.153,+0.991
1652026980,+3.21, +1.753, +9.139,+0.991
1652027040,+3.21, +1.742, +9.161,+0.991
1652027100,+3.21, +1.753, +9.161,+0.991
1652027160,+3.21, +1.753, +9.150,+0.991
1652027220,+3.21, +1.753, +9.148,+0.991
1652027280,+3.21, +1.753, +9.152,+0.991
1652027340,+3.21, +1.764, +9.140,+0.991
1652027400,+3.21, +1.774, +9.139,+0.991
1652027460,+3.21, +1.806, +9.121,+0.990
1652027520,+3.21, +1.700, +9.165,+0.991
1652027580,+3.21, +1.785, +9.131,+0.991
1652027640,+3.21, +1.774, +9.141,+0.991
1652027700,+3.21, +1.785, +9.133,+0.991
1652027760,+3.21, +1.796, +9.136,+0.991
1652027820,+3.21, +1.806, +9.131,+0.991
1652027880,+3.21, +1.774, +9.150,+0.991
1652027940,+3.21, +1.785, +9.137,+0.991
1652028000,+3.21, +1.796, +9.137,+0.991
1652028060,+3.21, +1.806, +9.143,+0.991
1652028120,+3.21, +1.764, +9.159,+0.991
1652028180,+3.21, +1.764, +9.156,+0.991
1652028240,+3.21, +1.796, +9.137,+0.991
1652028300,+3.21, +1.753, +9.158,+0.991
1652028360,+3.21, +1.785, +9.154,+0.991
1652028420,+3.21, +1.774, +9.153,+0.991
1652028480,+3.21, +1.828, +9.119,+0.991
1652028540,+3.21, +1.817, +9.134,+0.991
1652028600,+3.21, +1.817, +9.129,+0.990
1652028660,+3.21, +1.806, +9.141,+0.991
1652028720,+3.21, +1.806, +9.140,+0.991
1652028780,+3.21, +1.817, +9.137,+0.991
1652028840,+3.21, +1.838, +9.138,+0.991
1652028900,+3.21, +1.828, +9.135,+0.991
1652028960,+3.21, +1.828, +9.135,+0.991
1652029020,+3.21, +1.838, +9.133,+0.991
1652029080,+3.21, +1.860, +9.118,+0.991
1652029140,+3.21, +1.838, +9.132,+0.991
1652029200,+3.21, +1.849, +9.120,+0.991
1652029260,+3.21, +1.838, +9.135,+0.991
1652029320,+3.21, +1.828, +9.139,+0.991
1652029380,+3.21, +1.796, +9.138,+0.990
1652029440,+3.21, +1.796, +9.149,+0.991
1652029500,+3.21, +1.806, +9.137,+0.991
1652029560,+3.21, +1.817, +9.144,+0.991
1652029620,+3.21, +1.806, +9.143,+0.991
1652029680,+3.21, +1.817, +9.133,+0.991
1652029740,+3.21, +1.817, +9.136,+0.991
1652029800,+3.21, +1.828, +9.127,+0.991
1652029860,+3.21, +1.838, +9.128,+0.991
1652029920,+3.21, +1.828, +9.128,+0.991
1652029980,+3.21, +1.806, +9.138,+0.991
1652030040,+3.21, +1.828, +9.133,+0.991
1652030100,+3.21, +1.796, +9.148,+0.991
1652030160,+3.21, +1.806, +9.133,+0.991
1652030220,+3.21, +1.796, +9.134,+0.991
1652030280,+3.21, +1.828, +9.119,+0.990
1652030340,+3.21, +1.764, +9.158,+0.991
1652030400,+3.21, +1.838, +9.127,+0.991
1652030460,+3.21, +1.828, +9.146,+0.992
1652030520,+3.21, +1.828, +9.141,+0.991
1652030580,+3.21, +1.828, +9.136,+0.991
1652030640,+3.21, +1.838, +9.120,+0.990
1652030700,+3.21, +1.860, +9.110,+0.991
1652030760,+3.21, +1.860, +9.114,+0.991
1652030820,+3.21, +1.828, +9.127,+0.991
1652030880,+3.21, +1.860, +9.132,+0.992
1652030940,+3.21, +1.881, +9.107,+0.991
1652031000,+3.21, +1.860, +9.115,+0.991
1652031060,+3.21, +1.870, +9.115,+0.991
1652031120,+3.21, +1.870, +9.119,+0.991
1652031180,+3.21, +1.881, +9.114,+0.991
1652031240,+3.21, +1.881, +9.123,+0.991
1652031300,+3.21, +1.891, +9.108,+0.991
1652031360,+3.21, +1.891, +9.111,+0.991
1652031420,+3.21, +1.870, +9.123,+0.991
1652031480,+3.21, +1.881, +9.118,+0.991
1652031540,+3.21, +1.891, +9.115,+0.991
1652031600,+3.21, +1.881, +9.117,+0.991
1652031660,+3.21, +1.913, +9.096,+0.990
1652031720,+3.21, +1.891, +9.124,+0.991
1652031780,+3.21, +1.891, +9.125,+0.991
1652031840,+3.21, +1.923, +9.099,+0.991
1652031900,+3.21, +1.945, +9.102,+0.991
1652031960,+3.21, +1.923, +9.111,+0.991
1652032020,+3.21, +1.934, +9.098,+0.991
1652032080,+3.21, +1.955, +9.096,+0.991
1652032140,+3.21, +1.881, +9.117,+0.990
1652032200,+3.21, +1.945, +9.111,+0.991
1652032260,+3.21, +1.945, +9.100,+0.991
1652032320,+3.21, +1.966, +9.088,+0.991
1652032380,+3.21, +1.976, +9.084,+0.991
1652032440,+3.21, +1.955, +9.093,+0.991
1652032500,+3.21, +1.934, +9.095,+0.991
1652032560,+3.21, +1.923, +9.095,+0.991
1652032620,+3.21, +1.913, +9.106,+0.991
1652032680,+3.21, +1.923, +9.104,+0.991
1652032740,+3.21, +1.913, +9.109,+0.991
1652032800,+3.21, +1.934, +9.090,+0.991
1652032860,+3.21, +1.913, +9.102,+0.991
1652032920,+3.21, +1.955, +9.094,+0.991
1652032980,+3.21, +1.934, +9.105,+0.991
1652033040,+3.21, +1.976, +9.079,+0.991
1652033100,+3.21, +1.966, +9.094,+0.991
1652033160,+3.21, +1.955, +9.100,+0.991
1652033220,+3.21, +1.966, +9.088,+0.991
1652033280,+3.21, +1.998, +9.079,+0.991
1652033340,+3.21, +1.966, +9.089,+0.991
1652033400,+3.21, +1.966, +9.109,+0.992
1652033460,+3.21, +1.987, +9.088,+0.990
1652033520,+3.21, +1.976, +9.093,+0.991
1652033580,+3.21, +1.998, +9.089,+0.991
1652033640,+3.21, +1.998, +9.085,+0.991
1652033700,+3.21, +2.019, +9.074,+0.991
1652033760,+3.21, +2.019, +9.075,+0.991
1652033820,+3.21, +2.008, +9.083,+0.991
1652033880,+3.21, +2.029, +9.064,+0.990
1652033940,+3.21, +2.040, +9.070,+0.991
1652034000,+3.21, +2.019, +9.088,+0.991
1652034060,+3.21, +2.061, +9.062,+0.990
1652034120,+3.21, +2.061, +9.085,+0.991
1652034180,+3.21, +2.104, +9.053,+0.991
1652034240,+3.21, +2.051, +9.069,+0.990
1652034300,+3.21, +2.093, +9.073,+0.991
1652034360,+3.21, +2.061, +9.046,+0.991
1652034420,+3.21, +2.019, +9.029,+0.991
1652034480,+3.21, +1.998, +9.068,+0.991
1652034540,+3.21, +1.976, +9.097,+0.991
1652034600,+3.21, +2.029, +9.096,+0.991
1652034660,+3.21, +2.061, +9.088,+0.991
1652034720,+3.21, +2.072, +9.070,+0.991
1652034780,+3.21, +2.104, +9.068,+0.991
1652034840,+3.21, +2.135, +9.048,+0.991
1652034900,+3.21, +2.125, +9.053,+0.991
1652034960,+3.21, +2.135, +9.059,+0.991
1652035020,+3.21, +2.114, +9.067,+0.991
1652035080,+3.21, +2.114, +9.072,+0.991
1652035140,+3.21, +2.188, +9.051,+0.991
1652035200,+3.21, +2.146, +9.064,+0.991
1652035260,+3.21, +2.157, +9.036,+0.991
1652035320,+3.21, +2.146, +9.028,+0.990
1652035380,+3.21, +2.125, +9.030,+0.990
1652035440,+3.21, +2.114, +9.032,+0.990
1652035500,+3.21, +2.125, +9.058,+0.991
1652035560,+3.21, +2.157, +9.044,+0.991
1652035620,+3.21, +2.125, +9.054,+0.991
1652035680,+3.21, +2.135, +9.026,+0.990
1652035740,+3.21, +2.146, +9.029,+0.990
1652035800,+3.21, +2.072, +9.063,+0.991
1652035860,+3.21, +2.104, +9.051,+0.991
1652035920,+3.21, +2.114, +9.035,+0.990
1652035980,+3.21, +2.125, +9.038,+0.991
1652036040,+3.21, +2.072, +9.025,+0.990
1652036100,+3.21, +2.008, +9.054,+0.991
1652036160,+3.21, +1.987, +9.053,+0.990
1652036220,+3.21, +2.008, +9.058,+0.991
1652036280,+3.21, +1.998, +9.076,+0.990
1652036340,+3.21, +2.040, +9.079,+0.991
1652036400,+3.21, +2.040, +9.036,+0.991
1652036460,+3.21, +1.998, +9.018,+0.990
1652036520,+3.21, +1.923, +9.029,+0.990
1652036580,+3.21, +1.891, +9.024,+0.991
1652036640,+3.21, +1.849, +9.032,+0.990
1652036700,+3.21, +1.828, +9.054,+0.991
1652036760,+3.21, +1.796, +9.063,+0.990
1652036820,+3.21, +1.849, +9.075,+0.991
1652036880,+3.21, +1.870, +9.087,+0.991
1652036940,+3.21, +1.913, +9.082,+0.991
1652037000,+3.21, +1.966, +9.088,+0.991
1652037060,+3.21, +2.029, +9.057,+0.990
1652037120,+3.21, +2.051, +9.056,+0.990
1652037180,+3.21, +2.051, +9.081,+0.992
1652037240,+3.21, +2.082, +9.055,+0.991
1652037300,+3.21, +2.061, +9.079,+0.991
1652037360,+3.21, +2.082, +9.053,+0.991
1652037420,+3.21, +2.093, +9.057,+0.991
1652037480,+3.21, +2.104, +9.067,+0.991
1652037540,+3.21, +2.125, +9.041,+0.990
1652037600,+3.21, +2.114, +9.057,+0.991
1652037660,+3.21, +2.104, +9.051,+0.991
1652037720,+3.21, +2.104, +9.056,+0.991
1652037780,+3.21, +2.072, +9.074,+0.991
1652037840,+3.21, +2.146, +9.047,+0.991
1652037900,+3.21, +2.104, +9.074,+0.992
1652037960,+3.21, +2.125, +9.045,+0.991
1652038020,+3.21, +2.125, +9.041,+0.990
1652038080,+3.21, +2.104, +9.063,+0.991
1652038140,+3.21, +2.125, +9.055,+0.991
1652038200,+3.21, +2.135, +9.046,+0.991
1652038260,+3.21, +2.114, +9.049,+0.991
1652038320,+3.21, +2.104, +9.053,+0.991
1652038380,+3.21, +2.125, +9.048,+0.991
1652038440,+3.21, +2.114, +9.047,+0.991
1652038500,+3.21, +2.157, +9.035,+0.991
1652038560,+3.21, +2.135, +9.047,+0.991
1652038620,+3.21, +2.178, +9.038,+0.991
1652038680,+3.21, +2.157, +9.033,+0.991
1652038740,+3.21, +2.167, +9.039,+0.991
1652038800,+3.21, +2.167, +9.045,+0.991
1652038860,+3.21, +2.178, +9.044,+0.991
1652038920,+3.21, +2.157, +9.043,+0.990
1652038980,+3.21, +2.199, +9.035,+0.991
1652039040,+3.21, +2.199, +9.026,+0.991
1652039100,+3.21, +2.220, +9.030,+0.991
1652039160,+3.21, +2.209, +9.036,+0.991
1652039220,+3.21, +2.209, +9.034,+0.991
1652039280,+3.21, +2.167, +9.042,+0.990
1652039340,+3.21, +2.252, +9.017,+0.991
1652039400,+3.21, +2.230, +9.026,+0.991
1652039460,+3.21, +2.209, +9.049,+0.991
1652039520,+3.21, +2.220, +9.034,+0.991
1652039580,+3.21, +2.209, +9.035,+0.991
1652039640,+3.21, +2.230, +9.025,+0.991
1652039700,+3.21, +2.241, +9.007,+0.990
1652039760,+3.21, +2.241, +9.021,+0.991
1652039820,+3.21, +2.241, +9.026,+0.991
1652039880,+3.21, +2.273, +9.009,+0.991
1652039940,+3.21, +2.241, +9.015,+0.991
1652040000,+3.21, +2.241, +9.015,+0.991
1652040060,+3.21, +2.252, +9.022,+0.991
1652040120,+3.21, +2.252, +9.018,+0.991
1652040180,+3.21, +2.283, +9.009,+0.991
1652040240,+3.21, +2.241, +9.024,+0.991
1652040300,+3.21, +2.252, +9.010,+0.991
1652040360,+3.21, +2.230, +9.018,+0.990
1652040420,+3.21, +2.273, +9.009,+0.991
1652040480,+3.21, +2.252, +9.013,+0.990
1652040540,+3.21, +2.283, +9.022,+0.991
1652040600,+3.21, +2.315, +8.985,+0.990
1652040660,+3.21, +2.304, +8.991,+0.990
1652040720,+3.21, +2.262, +9.007,+0.991
1652040780,+3.21, +2.262, +9.002,+0.991
1652040840,+3.21, +2.252, +9.001,+0.990
1652040900,+3.21, +2.199, +9.014,+0.991
1652040960,+3.21, +2.220, +8.999,+0.990
1652041020,+3.21, +2.241, +9.009,+0.991
1652041080,+3.21, +2.230, +9.001,+0.990
1652041140,+3.21, +2.220, +9.012,+0.991
1652041200,+3.21, +2.262, +9.005,+0.991
1652041260,+3.21, +2.241, +9.024,+0.991
1652041320,+3.21, +2.283, +9.001,+0.991
1652041380,+3.21, +2.262, +9.007,+0.990
1652041440,+3.21, +2.273, +9.003,+0.991
1652041500,+3.21, +2.252, +8.978,+0.990
1652041560,+3.21, +2.262, +8.964,+0.991
1652041620,+3.21, +2.241, +8.981,+0.990
1652041680,+3.21, +2.188, +9.005,+0.990
1652041740,+3.21, +2.146, +9.007,+0.990
1652041800,+3.21, +2.167, +9.021,+0.991
1652041860,+3.21, +2.167, +9.007,+0.990
1652041920,+3.21, +2.178, +9.013,+0.991
1652041980,+3.21, +2.135, +9.037,+0.991
1652042040,+3.21, +2.178, +9.021,+0.991
1652042100,+3.21, +2.188, +8.996,+0.990
1652042160,+3.21, +2.146, +9.023,+0.991
1652042220,+3.21, +2.157, +9.020,+0.991
1652042280,+3.21, +2.188, +9.002,+0.991
1652042340,+3.21, +2.135, +9.021,+0.991
1652042400,+3.21, +2.188, +9.011,+0.991
1652042460,+3.21, +2.220, +9.001,+0.991
1652042520,+3.21, +2.178, +9.025,+0.991
1652042580,+3.21, +2.157, +9.035,+0.991
1652042640,+3.21, +2.178, +9.017,+0.991
1652042700,+3.21, +2.157, +9.017,+0.990
1652042760,+3.21, +2.167, +9.015,+0.990
1652042820,+3.21, +2.167, +9.009,+0.990
1652042880,+3.21, +2.178, +9.020,+0.991
1652042940,+3.21, +2.209, +9.009,+0.991
1652043000,+3.21, +2.188, +9.011,+0.991
1652043060,+3.21, +2.188, +9.013,+0.990
1652043120,+3.21, +2.178, +9.005,+0.990
1652043180,+3.21, +2.199, +9.000,+0.990
1652043240,+3.21, +2.125, +9.025,+0.991
1652043300,+3.21, +2.167, +9.021,+0.991
1652043360,+3.21, +2.167, +9.015,+0.990
1652043420,+3.21, +2.157, +9.030,+0.990
1652043480,+3.21, +2.199, +9.007,+0.990
1652043540,+3.21, +2.188, +9.019,+0.991
1652043600,+3.21, +2.188, +9.009,+0.990
1652043660,+3.21, +2.199, +9.010,+0.991
1652043720,+3.21, +2.209, +9.005,+0.991
1652043780,+3.21, +2.188, +9.019,+0.991
1652043840,+3.21, +2.209, +9.005,+0.991
1652043900,+3.21, +2.220, +9.010,+0.991
1652043960,+3.21, +2.199, +9.006,+0.990
1652044020,+3.21, +2.188, +9.024,+0.991
1652044080,+3.21, +2.178, +9.022,+0.990
1652044140,+3.21, +2.188, +9.010,+0.990
1652044200,+3.21, +2.178, +9.019,+0.990
1652044260,+3.21, +2.167, +9.015,+0.990
1652044320,+3.21, +2.167, +9.013,+0.990
1652044380,+3.21, +2.146, +9.012,+0.991
1652044440,+3.21, +2.114, +9.013,+0.990
1652044500,+3.21, +2.061, +9.039,+0.990
1652044560,+3.21, +2.061, +9.038,+0.990
1652044620,+3.21, +2.029, +9.053,+0.991
1652044680,+3.21, +2.040, +9.034,+0.990
1652044740,+3.21, +2.040, +9.049,+0.991
1652044800,+3.21, +2.019, +9.056,+0.991
1652044860,+3.21, +2.040, +9.053,+0.991
1652044920,+3.21, +2.008, +9.064,+0.991
1652044980,+3.21, +1.987, +9.059,+0.990
1652045040,+3.21, +1.998, +9.050,+0.990
1652045100,+3.21, +1.955, +9.061,+0.990
1652045160,+3.21, +1.976, +9.066,+0.991
1652045220,+3.21, +1.955, +9.056,+0.990
1652045280,+3.21, +1.945, +9.056,+0.990
1652045340,+3.21, +1.976, +9.052,+0.990
1652045400,+3.21, +1.976, +9.055,+0.990
1652045460,+3.21, +1.966, +9.068,+0.991
1652045520,+3.21, +1.976, +9.068,+0.991
1652045580,+3.21, +1.976, +9.075,+0.991
1652045640,+3.21, +1.987, +9.066,+0.991
1652045700,+3.21, +1.976, +9.068,+0.991
1652045760,+3.21, +1.998, +9.064,+0.991
1652045820,+3.21, +2.008, +9.067,+0.991
1652045880,+3.21, +2.040, +9.040,+0.991
1652045940,+3.21, +2.008, +9.056,+0.991
1652046000,+3.21, +2.029, +9.052,+0.991
1652046060,+3.21, +2.029, +9.047,+0.991
1652046120,+3.21, +2.019, +9.054,+0.991
1652046180,+3.21, +2.008, +9.050,+0.991
1652046240,+3.21, +2.029, +9.041,+0.991
1652046300,+3.21, +2.008, +9.044,+0.990
1652046360,+3.21, +1.998, +9.053,+0.991
1652046420,+3.21, +2.019, +9.051,+0.991
1652046480,+3.21, +1.966, +9.066,+0.990
1652046540,+3.21, +2.040, +9.045,+0.991
1652046600,+3.21, +1.998, +9.055,+0.991
1652046660,+3.21, +1.987, +9.040,+0.990
1652046720,+3.21, +1.966, +9.059,+0.991
1652046780,+3.21, +1.987, +9.056,+0.991
1652046840,+3.21, +1.987, +9.059,+0.991
1652046900,+3.21, +1.966, +9.070,+0.991
1652046960,+3.21, +1.955, +9.063,+0.990
1652047020,+3.21, +1.955, +9.057,+0.991
1652047080,+3.21, +1.976, +9.055,+0.991
1652047140,+3.21, +1.955, +9.071,+0.991
1652047200,+3.21, +1.934, +9.046,+0.990
1652047260,+3.21, +1.934, +9.061,+0.991
1652047320,+3.21, +1.934, +9.069,+0.991
1652047380,+3.21, +1.902, +9.074,+0.991
1652047440,+3.21, +1.902, +9.081,+0.991
1652047500,+3.21, +1.934, +9.072,+0.991
1652047560,+3.21, +1.966, +9.052,+0.991
1652047620,+3.21, +1.913, +9.072,+0.991
1652047680,+3.21, +1.891, +9.058,+0.990
1652047740,+3.21, +1.860, +9.068,+0.990
1652047800,+3.21, +1.849, +9.073,+0.990
1652047860,+3.21, +1.860, +9.075,+0.991
1652047920,+3.21, +1.796, +9.079,+0.990
1652047980,+3.21, +1.828, +9.083,+0.991
1652048040,+3.21, +1.860, +9.079,+0.991
1652048100,+3.21, +1.860, +9.068,+0.990
1652048160,+3.21, +1.838, +9.089,+0.990
1652048220,+3.21, +1.891, +9.077,+0.991
1652048280,+3.21, +1.881, +9.089,+0.991
1652048340,+3.21, +1.860, +9.097,+0.991
1652048400,+3.21, +1.881, +9.074,+0.991
1652048460,+3.21, +1.860, +9.073,+0.990
1652048520,+3.21, +1.860, +9.086,+0.991
1652048580,+3.21, +1.870, +9.084,+0.991
1652048640,+3.21, +1.870, +9.079,+0.991
1652048700,+3.21, +1.849, +9.071,+0.990
1652048760,+3.21, +1.828, +9.085,+0.990
1652048820,+3.21, +1.817, +9.089,+0.991
1652048880,+3.21, +1.849, +9.076,+0.991
1652048940,+3.21, +1.828, +9.089,+0.991
1652049000,+3.21, +1.817, +9.096,+0.991
1652049060,+3.21, +1.838, +9.079,+0.990
1652049120,+3.21, +1.806, +9.112,+0.991
1652049180,+3.21, +1.828, +9.100,+0.991
1652049240,+3.21, +1.860, +9.095,+0.992
1652049300,+3.21, +1.828, +9.094,+0.991
1652049360,+3.21, +1.817, +9.096,+0.991
1652049420,+3.21, +1.796, +9.109,+0.991
1652049480,+3.21, +1.828, +9.096,+0.991
1652049540,+3.21, +1.870, +9.077,+0.991
1652049600,+3.21, +1.828, +9.090,+0.991
1652049660,+3.21, +1.838, +9.083,+0.991
1652049720,+3.21, +1.828, +9.081,+0.990
1652049780,+3.21, +1.806, +9.109,+0.991
1652049840,+3.21, +1.838, +9.097,+0.991
1652049900,+3.21, +1.860, +9.078,+0.991
1652049960,+3.21, +1.860, +9.081,+0.991
1652050020,+3.21, +1.849, +9.078,+0.991
1652050080,+3.21, +1.838, +9.081,+0.991
1652050140,+3.21, +1.849, +9.084,+0.991
1652050200,+3.21, +1.849, +9.086,+0.991
1652050260,+3.21, +1.838, +9.087,+0.991
1652050320,+3.21, +1.860, +9.087,+0.991
1652050380,+3.21, +1.849, +9.080,+0.991
1652050440,+3.21, +1.849, +9.078,+0.991
1652050500,+3.21, +1.860, +9.074,+0.991
1652050560,+3.21, +1.849, +9.088,+0.991
1652050620,+3.21, +1.849, +9.084,+0.991
1652050680,+3.21, +1.838, +9.092,+0.991
1652050740,+3.21, +1.806, +9.102,+0.991
1652050800,+3.21, +1.838, +9.095,+0.991
1652050860,+3.21, +1.838, +9.086,+0.991
1652050920,+3.21, +1.849, +9.085,+0.991
1652050980,+3.21, +1.828, +9.099,+0.991
1652051040,+3.21, +1.806, +9.112,+0.991
1652051100,+3.21, +1.838, +9.086,+0.991
1652051160,+3.21, +1.838, +9.091,+0.991
1652051220,+3.21, +1.860, +9.075,+0.991
1652051280,+3.21, +1.806, +9.099,+0.990
1652051340,+3.21, +1.860, +9.078,+0.991
1652051400,+3.21, +1.849, +9.085,+0.991
1652051460,+3.21, +1.870, +9.077,+0.991
1652051520,+3.21, +1.849, +9.096,+0.991
1652051580,+3.21, +1.870, +9.082,+0.991
1652051640,+3.21, +1.838, +9.095,+0.991
1652051700,+3.21, +1.860, +9.065,+0.990
1652051760,+3.21, +1.860, +9.086,+0.991
1652051820,+3.21, +1.838, +9.096,+0.991
1652051880,+3.21, +1.860, +9.090,+0.991
1652051940,+3.21, +1.849, +9.088,+0.991
1652052000,+3.21, +1.849, +9.090,+0.991
1652052060,+3.21, +1.860, +9.084,+0.991
1652052120,+3.21, +1.913, +9.069,+0.991
1652052180,+3.21, +1.838, +9.085,+0.991
1652052240,+3.21, +1.849, +9.090,+0.991
1652052300,+3.21, +1.838, +9.083,+0.990
1652052360,+3.21, +1.838, +9.084,+0.990
1652052420,+3.21, +1.849, +9.083,+0.991
1652052480,+3.21, +1.870, +9.077,+0.991
1652052540,+3.21, +1.860, +9.083,+0.991
1652052600,+3.21, +1.870, +9.079,+0.991
1652052660,+3.21, +1.796, +9.101,+0.991
1652052720,+3.21, +1.828, +9.096,+0.991
1652052780,+3.21, +1.849, +9.082,+0.991
1652052840,+3.21, +1.828, +9.088,+0.991
1652052900,+3.21, +1.828, +9.097,+0.991
1652052960,+3.21, +1.828, +9.083,+0.990
1652053020,+3.21, +1.838, +9.086,+0.991
1652053080,+3.21, +1.828, +9.103,+0.992
1652053140,+3.21, +1.828, +9.073,+0.990
1652053200,+3.21, +1.817, +9.105,+0.991
1652053260,+3.21, +1.838, +9.091,+0.991
1652053320,+3.21, +1.828, +9.095,+0.991
1652053380,+3.21, +1.817, +9.083,+0.991
1652053440,+3.21, +1.817, +9.090,+0.991
1652053500,+3.21, +1.796, +9.101,+0.991
1652053560,+3.21, +1.817, +9.088,+0.991
1652053620,+3.21, +1.774, +9.114,+0.991
1652053680,+3.21, +1.806, +9.086,+0.991
1652053740,+3.21, +1.806, +9.084,+0.991
1652053800,+3.21, +1.806, +9.079,+0.991
1652053860,+3.21, +1.806, +9.080,+0.991
1652053920,+3.21, +1.817, +9.081,+0.991
1652053980,+3.21, +1.806, +9.099,+0.991
1652054040,+3.21, +1.785, +9.093,+0.991
1652054100,+3.21, +1.785, +9.098,+0.991
1652054160,+3.21, +1.817, +9.076,+0.991
1652054220,+3.21, +1.785, +9.086,+0.990
1652054280,+3.21, +1.742, +9.116,+0.991
1652054340,+3.21, +1.806, +9.071,+0.990
1652054400,+3.21, +1.796, +9.077,+0.991
1652054460,+3.21, +1.785, +9.090,+0.991
1652054520,+3.21, +1.806, +9.083,+0.991
1652054580,+3.21, +1.764, +9.102,+0.991
1652054640,+3.21, +1.774, +9.087,+0.991
1652054700,+3.21, +1.753, +9.090,+0.991
1652054760,+3.21, +1.753, +9.085,+0.990
1652054820,+3.21, +1.742, +9.100,+0.990
1652054880,+3.21, +1.774, +9.087,+0.991
1652054940,+3.21, +1.753, +9.100,+0.991
1652055000,+3.21, +1.753, +9.100,+0.991
1652055060,+3.21, +1.721, +9.098,+0.990
1652055120,+3.21, +1.753, +9.110,+0.992
1652055180,+3.21, +1.710, +9.118,+0.991
1652055240,+3.21, +1.753, +9.094,+0.991
1652055300,+3.21, +1.742, +9.110,+0.991
1652055360,+3.21, +1.732, +9.101,+0.991
1652055420,+3.21, +1.732, +9.107,+0.991
1652055480,+3.21, +1.721, +9.111,+0.991
1652055540,+3.21, +1.742, +9.094,+0.991
1652055600,+3.21, +1.721, +9.109,+0.991
1652055660,+3.21, +1.764, +9.080,+0.991
1652055720,+3.21, +1.742, +9.087,+0.991
1652055780,+3.21, +1.742, +9.089,+0.991
1652055840,+3.21, +1.678, +9.100,+0.990
1652055900,+3.21, +1.721, +9.084,+0.991
1652055960,+3.21, +1.710, +9.099,+0.991
1652056020,+3.21, +1.668, +9.122,+0.991
1652056080,+3.21, +1.678, +9.112,+0.991
1652056140,+3.21, +1.668, +9.108,+0.991
1652056200,+3.21, +1.689, +9.106,+0.991
1652056260,+3.21, +1.604, +9.133,+0.990
1652056320,+3.21, +1.700, +9.105,+0.991
1652056380,+3.21, +1.678, +9.113,+0.991
1652056440,+3.21, +1.700, +9.100,+0.991
1652056500,+3.21, +1.710, +9.091,+0.990
1652056560,+3.21, +1.700, +9.105,+0.991
1652056620,+3.21, +1.700, +9.103,+0.991
1652056680,+3.21, +1.689, +9.112,+0.991
1652056740,+3.21, +1.700, +9.104,+0.991
1652056800,+3.21, +1.700, +9.099,+0.991
1652056860,+3.21, +1.732, +9.094,+0.991
1652056920,+3.21, +1.657, +9.126,+0.991
1652056980,+3.21, +1.668, +9.103,+0.991
1652057040,+3.21, +1.646, +9.124,+0.991
1652057100,+3.21, +1.657, +9.122,+0.991
1652057160,+3.21, +1.657, +9.111,+0.991
1652057220,+3.21, +1.657, +9.109,+0.991
1652057280,+3.21, +1.646, +9.107,+0.991
1652057340,+3.21, +1.636, +9.104,+0.990
1652057400,+3.21, +1.625, +9.127,+0.991
1652057460,+3.21, +1.582, +9.141,+0.991
1652057520,+3.21, +1.625, +9.129,+0.991
1652057580,+3.21, +1.657, +9.117,+0.991
1652057640,+3.21, +1.646, +9.101,+0.990
1652057700,+3.21, +1.657, +9.121,+0.991
1652057760,+3.21, +1.668, +9.109,+0.991
1652057820,+3.21, +1.646, +9.098,+0.991
1652057880,+3.21, +1.646, +9.105,+0.991
1652057940,+3.21, +1.614, +9.098,+0.991
1652058000,+3.21, +1.593, +9.100,+0.991
1652058060,+3.21, +1.582, +9.127,+0.991
1652058120,+3.21, +1.604, +9.131,+0.991
1652058180,+3.21, +1.625, +9.123,+0.991
1652058240,+3.21, +1.593, +9.116,+0.990
1652058300,+3.21, +1.657, +9.101,+0.990
1652058360,+3.21, +1.657, +9.101,+0.991
1652058420,+3.21, +1.646, +9.115,+0.991
1652058480,+3.21, +1.604, +9.137,+0.991
1652058540,+3.21, +1.657, +9.115,+0.991
1652058600,+3.21, +1.657, +9.110,+0.991
1652058660,+3.21, +1.646, +9.118,+0.991
1652058720,+3.21, +1.636, +9.120,+0.991
1652058780,+3.21, +1.678, +9.099,+0.991
1652058840,+3.21, +1.646, +9.113,+0.991
1652058900,+3.21, +1.636, +9.136,+0.992
1652058960,+3.21, +1.646, +9.109,+0.991
1652059020,+3.21, +1.646, +9.105,+0.991
1652059080,+3.21, +1.646, +9.118,+0.991
1652059140,+3.21, +1.636, +9.121,+0.991
1652059200,+3.21, +1.646, +9.125,+0.992
1652059260,+3.21, +1.646, +9.112,+0.991
1652059320,+3.21, +1.636, +9.107,+0.991
1652059380,+3.21, +1.625, +9.118,+0.991
1652059440,+3.21, +1.636, +9.109,+0.990
1652059500,+3.21, +1.657, +9.111,+0.991
1652059560,+3.21, +1.657, +9.101,+0.991
1652059620,+3.21, +1.646, +9.110,+0.991
1652059680,+3.21, +1.678, +9.094,+0.991
1652059740,+3.21, +1.668, +9.088,+0.991
1652059800,+3.21, +1.668, +9.109,+0.991
1652059860,+3.21, +1.657, +9.114,+0.991
1652059920,+3.21, +1.668, +9.100,+0.991
1652059980,+3.21, +1.657, +9.115,+0.991
1652060040,+3.21, +1.657, +9.088,+0.990
1652060100,+3.21, +1.668, +9.103,+0.991
1652060160,+3.21, +1.636, +9.105,+0.990
1652060220,+3.21, +1.636, +9.119,+0.991
1652060280,+3.21, +1.646, +9.111,+0.991
1652060340,+3.21, +1.636, +9.116,+0.991
1652060400,+3.21, +1.657, +9.100,+0.991
1652060460,+3.21, +1.646, +9.108,+0.991
1652060520,+3.21, +1.625, +9.125,+0.991
1652060580,+3.21, +1.657, +9.108,+0.991
1652060640,+3.21, +1.625, +9.118,+0.991
1652060700,+3.21, +1.625, +9.113,+0.991
1652060760,+3.21, +1.625, +9.127,+0.992
1652060820,+3.21, +1.625, +9.124,+0.992
1652060880,+3.21, +1.625, +9.109,+0.991
1652060940,+3.21, +1.614, +9.111,+0.991
1652061000,+3.21, +1.614, +9.112,+0.991
1652061060,+3.21, +1.646, +9.095,+0.991
1652061120,+3.21, +1.614, +9.110,+0.991
1652061180,+3.21, +1.625, +9.127,+0.992
1652061240,+3.21, +1.614, +9.116,+0.991
1652061300,+3.21, +1.582, +9.127,+0.991
1652061360,+3.21, +1.625, +9.107,+0.991
1652061420,+3.21, +1.625, +9.102,+0.991
1652061480,+3.21, +1.646, +9.098,+0.991
1652061540,+3.21, +1.614, +9.117,+0.991
1652061600,+3.21, +1.614, +9.102,+0.990
1652061660,+3.21, +1.625, +9.117,+0.992
1652061720,+3.21, +1.614, +9.124,+0.991
1652061780,+3.21, +1.582, +9.122,+0.991
1652061840,+3.21, +1.636, +9.104,+0.991
1652061900,+3.21, +1.636, +9.091,+0.990
1652061960,+3.21, +1.614, +9.113,+0.991
1652062020,+3.21, +1.636, +9.104,+0.991
1652062080,+3.21, +1.614, +9.119,+0.991
1652062140,+3.21, +1.625, +9.114,+0.991
1652062200,+3.21, +1.614, +9.114,+0.991
1652062260,+3.21, +1.593, +9.121,+0.991
1652062320,+3.21, +1.614, +9.112,+0.991
1652062380,+3.21, +1.593, +9.115,+0.991
1652062440,+3.21, +1.593, +9.116,+0.990
1652062500,+3.21, +1.614, +9.126,+0.991
1652062560,+3.21, +1.614, +9.111,+0.991
1652062620,+3.21, +1.604, +9.130,+0.991
1652062680,+3.21, +1.604, +9.125,+0.991
1652062740,+3.21, +1.614, +9.113,+0.991
1652062800,+3.21, +1.593, +9.117,+0.991
1652062860,+3.21, +1.593, +9.118,+0.991
1652062920,+3.21, +1.614, +9.104,+0.990
1652062980,+3.21, +1.593, +9.117,+0.991
1652063040,+3.21, +1.593, +9.118,+0.991
1652063100,+3.21, +1.614, +9.111,+0.991
1652063160,+3.21, +1.593, +9.119,+0.991
1652063220,+3.21, +1.604, +9.108,+0.990
1652063280,+3.21, +1.657, +9.091,+0.991
1652063340,+3.21, +1.604, +9.126,+0.991
1652063400,+3.21, +1.625, +9.094,+0.990
1652063460,+3.21, +1.614, +9.109,+0.991
1652063520,+3.21, +1.614, +9.099,+0.991
1652063580,+3.21, +1.614, +9.114,+0.991
1652063640,+3.21, +1.604, +9.113,+0.991
1652063700,+3.21, +1.582, +9.115,+0.991
1652063760,+3.21, +1.604, +9.118,+0.991
1652063820,+3.21, +1.625, +9.116,+0.991
1652063880,+3.21, +1.593, +9.120,+0.991
1652063940,+3.21, +1.625, +9.099,+0.990
1652064000,+3.21, +1.604, +9.107,+0.991
1652064060,+3.21, +1.593, +9.118,+0.991
1652064120,+3.21, +1.625, +9.108,+0.991
1652064180,+3.21, +1.604, +9.110,+0.991
1652064240,+3.21, +1.604, +9.117,+0.991
1652064300,+3.21, +1.604, +9.114,+0.991
1652064360,+3.21, +1.625, +9.099,+0.991
1652064420,+3.21, +1.614, +9.095,+0.990
1652064480,+3.21, +1.604, +9.129,+0.992
1652064540,+3.21, +1.604, +9.112,+0.991
1652064600,+3.21, +1.604, +9.114,+0.991
1652064660,+3.21, +1.582, +9.129,+0.991
1652064720,+3.21, +1.593, +9.103,+0.990
1652064780,+3.21, +1.625, +9.091,+0.990
1652064840,+3.21, +1.625, +9.101,+0.991
1652064900,+3.21, +1.593, +9.108,+0.991
1652064960,+3.21, +1.582, +9.125,+0.991
1652065020,+3.21, +1.593, +9.112,+0.991
1652065080,+3.21, +1.582, +9.113,+0.991
1652065140,+3.21, +1.561, +9.122,+0.990
1652065200,+3.21, +1.571, +9.115,+0.990
1652065260,+3.21, +1.593, +9.118,+0.991
1652065320,+3.21, +1.604, +9.108,+0.991
1652065380,+3.21, +1.604, +9.113,+0.991
1652065440,+3.21, +1.593, +9.114,+0.991
1652065500,+3.21, +1.593, +9.115,+0.991
1652065560,+3.21, +1.604, +9.113,+0.991
1652065620,+3.21, +1.593, +9.113,+0.991
1652065680,+3.21, +1.593, +9.113,+0.991
1652065740,+3.21, +1.593, +9.110,+0.991
1652065800,+3.21, +1.604, +9.109,+0.991
1652065860,+3.21, +1.582, +9.112,+0.991
1652065920,+3.21, +1.571, +9.111,+0.990
1652065980,+3.21, +1.625, +9.093,+0.991
1652066040,+3.21, +1.604, +9.110,+0.991
1652066100,+3.21, +1.582, +9.116,+0.991
1652066160,+3.21, +1.571, +9.120,+0.991
1652066220,+3.21, +1.582, +9.124,+0.991
1652066280,+3.21, +1.571, +9.121,+0.991
1652066340,+3.21, +1.582, +9.114,+0.991
1652066400,+3.21, +1.604, +9.108,+0.991
1652066460,+3.21, +1.593, +9.116,+0.991
1652066520,+3.21, +1.571, +9.121,+0.991
1652066580,+3.21, +1.582, +9.109,+0.991
1652066640,+3.21, +1.582, +9.100,+0.990
1652066700,+3.21, +1.582, +9.115,+0.991
1652066760,+3.21, +1.593, +9.123,+0.991
1652066820,+3.21, +1.582, +9.112,+0.991
1652066880,+3.21, +1.604, +9.107,+0.991
1652066940,+3.21, +1.593, +9.111,+0.991
1652067000,+3.21, +1.571, +9.129,+0.991
1652067060,+3.21, +1.582, +9.115,+0.991
1652067120,+3.21, +1.571, +9.119,+0.991
1652067180,+3.21, +1.529, +9.130,+0.991
1652067240,+3.21, +1.625, +9.111,+0.992
1652067300,+3.21, +1.593, +9.119,+0.991
1652067360,+3.21, +1.571, +9.113,+0.991
1652067420,+3.21, +1.614, +9.111,+0.991
1652067480,+3.21, +1.604, +9.109,+0.991
1652067540,+3.21, +1.582, +9.118,+0.991
1652067600,+3.21, +1.582, +9.118,+0.991
1652067660,+3.21, +1.561, +9.123,+0.991
1652067720,+3.21, +1.593, +9.117,+0.991
1652067780,+3.21, +1.571, +9.131,+0.991
1652067840,+3.21, +1.582, +9.117,+0.991
1652067900,+3.21, +1.582, +9.108,+0.990
1652067960,+3.21, +1.593, +9.114,+0.991
1652068020,+3.21, +1.571, +9.114,+0.990
1652068080,+3.21, +1.593, +9.118,+0.992
1652068140,+3.21, +1.571, +9.124,+0.991
1652068200,+3.21, +1.593, +9.109,+0.991
1652068260,+3.21, +1.571, +9.138,+0.992
1652068320,+3.21, +1.582, +9.114,+0.991
1652068380,+3.21, +1.571, +9.117,+0.991
1652068440,+3.21, +1.604, +9.103,+0.991
1652068500,+3.21, +1.571, +9.117,+0.991
1652068560,+3.21, +1.571, +9.114,+0.991
1652068620,+3.21, +1.550, +9.136,+0.991
1652068680,+3.21, +1.571, +9.117,+0.991
1652068740,+3.21, +1.571, +9.125,+0.991
1652068800,+3.21, +1.561, +9.127,+0.991
1652068860,+3.21, +1.571, +9.117,+0.991
1652068920,+3.21, +1.593, +9.122,+0.991
1652068980,+3.21, +1.571, +9.114,+0.990
1652069040,+3.21, +1.582, +9.124,+0.991
1652069100,+3.21, +1.550, +9.133,+0.991
1652069160,+3.21, +1.593, +9.119,+0.991
1652069220,+3.21, +1.604, +9.105,+0.991
1652069280,+3.21, +1.604, +9.106,+0.991
1652069340,+3.21, +1.582, +9.120,+0.991
1652069400,+3.21, +1.604, +9.122,+0.992
1652069460,+3.21, +1.582, +9.116,+0.991
1652069520,+3.21, +1.604, +9.114,+0.991
1652069580,+3.21, +1.614, +9.102,+0.991
1652069640,+3.21, +1.582, +9.116,+0.991
1652069700,+3.21, +1.593, +9.116,+0.991
1652069760,+3.21, +1.582, +9.099,+0.990
1652069820,+3.21, +1.593, +9.107,+0.991
1652069880,+3.21, +1.614, +9.104,+0.991
1652069940,+3.21, +1.614, +9.107,+0.991
1652070000,+3.21, +1.593, +9.122,+0.991
1652070060,+3.21, +1.593, +9.108,+0.991
1652070120,+3.21, +1.593, +9.108,+0.990
1652070180,+3.21, +1.582, +9.110,+0.991
1652070240,+3.21, +1.593, +9.118,+0.991
1652070300,+3.21, +1.593, +9.117,+0.991
1652070360,+3.21, +1.571, +9.114,+0.991
1652070420,+3.21, +1.571, +9.128,+0.991
1652070480,+3.21, +1.561, +9.122,+0.991
1652070540,+3.21, +1.529, +9.131,+0.991
1652070600,+3.21, +1.550, +9.142,+0.992
1652070660,+3.21, +1.539, +9.135,+0.991
1652070720,+3.21, +1.550, +9.127,+0.991
1652070780,+3.21, +1.593, +9.125,+0.992
1652070840,+3.21, +1.593, +9.125,+0.992
1652070900,+3.21, +1.593, +9.112,+0.991
1652070960,+3.21, +1.582, +9.128,+0.991
1652071020,+3.21, +1.614, +9.109,+0.991
1652071080,+3.21, +1.593, +9.112,+0.991
1652071140,+3.21, +1.614, +9.096,+0.990
1652071200,+3.21, +1.582, +9.127,+0.991
1652071260,+3.21, +1.571, +9.131,+0.991
1652071320,+3.21, +1.604, +9.115,+0.991
1652071380,+3.21, +1.561, +9.128,+0.991
1652071440,+3.21, +1.561, +9.116,+0.991
1652071500,+3.21, +1.604, +9.113,+0.991
1652071560,+3.21, +1.593, +9.124,+0.991
1652071620,+3.21, +1.604, +9.112,+0.991
1652071680,+3.21, +1.571, +9.128,+0.991
1652071740,+3.21, +1.582, +9.124,+0.991
1652071800,+3.21, +1.625, +9.105,+0.991
1652071860,+3.21, +1.593, +9.124,+0.991
1652071920,+3.21, +1.614, +9.115,+0.991
1652071980,+3.21, +1.604, +9.114,+0.991
1652072040,+3.21, +1.604, +9.116,+0.991
1652072100,+3.21, +1.582, +9.123,+0.991
1652072160,+3.21, +1.582, +9.128,+0.991
1652072220,+3.21, +1.582, +9.111,+0.990
1652072280,+3.21, +1.593, +9.122,+0.991
1652072340,+3.21, +1.604, +9.113,+0.991
1652072400,+3.21, +1.625, +9.107,+0.991
1652072460,+3.21, +1.582, +9.109,+0.990
1652072520,+3.21, +1.571, +9.129,+0.991
1652072580,+3.21, +1.593, +9.115,+0.991
1652072640,+3.21, +1.604, +9.111,+0.991
1652072700,+3.21, +1.604, +9.121,+0.991
1652072760,+3.21, +1.561, +9.131,+0.991
1652072820,+3.21, +1.582, +9.115,+0.991
1652072880,+3.21, +1.593, +9.119,+0.991
1652072940,+3.21, +1.561, +9.131,+0.991
1652073000,+3.21, +1.582, +9.116,+0.991
1652073060,+3.21, +1.571, +9.129,+0.991
1652073120,+3.21, +1.604, +9.120,+0.991
1652073180,+3.21, +1.614, +9.108,+0.991
1652073240,+3.21, +1.593, +9.130,+0.992
1652073300,+3.21, +1.593, +9.109,+0.991
1652073360,+3.21, +1.561, +9.124,+0.991
1652073420,+3.21, +1.636, +9.095,+0.991
1652073480,+3.21, +1.593, +9.117,+0.991
1652073540,+3.21, +1.571, +9.120,+0.991
1652073600,+3.21, +1.593, +9.107,+0.990
1652073660,+3.21, +1.593, +9.114,+0.991
1652073720,+3.21, +1.561, +9.132,+0.991
1652073780,+3.21, +1.561, +9.125,+0.991
1652073840,+3.21, +1.561, +9.116,+0.991
1652073900,+3.21, +1.582, +9.120,+0.991
1652073960,+3.21, +1.561, +9.129,+0.992
1652074020,+3.21, +1.561, +9.126,+0.991
1652074080,+3.21, +1.582, +9.108,+0.991
1652074140,+3.21, +1.593, +9.108,+0.991
1652074200,+3.21, +1.604, +9.107,+0.991
1652074260,+3.21, +1.561, +9.114,+0.990
1652074320,+3.21, +1.571, +9.117,+0.991
1652074380,+3.21, +1.582, +9.115,+0.991
1652074440,+3.21, +1.571, +9.132,+0.991
1652074500,+3.21, +1.571, +9.130,+0.991
1652074560,+3.21, +1.593, +9.103,+0.991
1652074620,+3.21, +1.561, +9.124,+0.991
1652074680,+3.21, +1.539, +9.140,+0.991
1652074740,+3.21, +1.571, +9.131,+0.991
1652074800,+3.21, +1.571, +9.121,+0.991
1652074860,+3.21, +1.571, +9.120,+0.991
1652074920,+3.21, +1.561, +9.115,+0.990
1652074980,+3.21, +1.582, +9.115,+0.991
1652075040,+3.21, +1.571, +9.117,+0.991
1652075100,+3.21, +1.550, +9.135,+0.991
1652075160,+3.21, +1.571, +9.111,+0.990
1652075220,+3.21, +1.582, +9.130,+0.991
1652075280,+3.21, +1.571, +9.116,+0.991
1652075340,+3.21, +1.604, +9.101,+0.991
1652075400,+3.21, +1.571, +9.123,+0.991
1652075460,+3.21, +1.582, +9.113,+0.991
1652075520,+3.21, +1.550, +9.115,+0.990
1652075580,+3.21, +1.571, +9.103,+0.990
1652075640,+3.21, +1.571, +9.117,+0.991
1652075700,+3.21, +1.593, +9.107,+0.990
1652075760,+3.21, +1.614, +9.096,+0.991
1652075820,+3.21, +1.582, +9.122,+0.991
1652075880,+3.21, +1.604, +9.095,+0.990
1652075940,+3.21, +1.582, +9.122,+0.991
1652076000,+3.21, +1.593, +9.119,+0.991
1652076060,+3.21, +1.571, +9.115,+0.991
1652076120,+3.21, +1.614, +9.108,+0.991
1652076180,+3.21, +1.582, +9.103,+0.990
1652076240,+3.21, +1.593, +9.121,+0.991
1652076300,+3.21, +1.571, +9.110,+0.990
1652076360,+3.21, +1.593, +9.109,+0.991
1652076420,+3.21, +1.582, +9.103,+0.991
1652076480,+3.21, +1.582, +9.107,+0.991
1652076540,+3.21, +1.582, +9.127,+0.992
1652076600,+3.21, +1.604, +9.096,+0.990
1652076660,+3.21, +1.582, +9.107,+0.990
1652076720,+3.21, +1.582, +9.124,+0.991
1652076780,+3.21, +1.571, +9.128,+0.991
1652076840,+3.21, +1.604, +9.109,+0.991
1652076900,+3.21, +1.614, +9.107,+0.991
1652076960,+3.21, +1.593, +9.108,+0.991
1652077020,+3.21, +1.593, +9.117,+0.991
1652077080,+3.21, +1.582, +9.112,+0.991
1652077140,+3.21, +1.593, +9.109,+0.991
1652077200,+3.21, +1.571, +9.136,+0.992
1652077260,+3.21, +1.593, +9.110,+0.991
1652077320,+3.21, +1.539, +9.131,+0.991
1652077380,+3.21, +1.561, +9.121,+0.991
1652077440,+3.21, +1.550, +9.134,+0.991
1652077500,+3.21, +1.593, +9.109,+0.991
1652077560,+3.21, +1.571, +9.102,+0.990
1652077620,+3.21, +1.571, +9.108,+0.991
1652077680,+3.21, +1.561, +9.135,+0.991
1652077740,+3.21, +1.550, +9.133,+0.991
1652077800,+3.21, +1.582, +9.131,+0.992
1652077860,+3.21, +1.518, +9.138,+0.991
1652077920,+3.21, +1.561, +9.122,+0.991
1652077980,+3.21, +1.550, +9.131,+0.991
1652078040,+3.21, +1.571, +9.122,+0.991
1652078100,+3.21, +1.550, +9.139,+0.991
1652078160,+3.21, +1.582, +9.113,+0.991
1652078220,+3.21, +1.550, +9.124,+0.991
1652078280,+3.21, +1.582, +9.116,+0.991
1652078340,+3.21, +1.593, +9.114,+0.991
1652078400,+3.21, +1.582, +9.123,+0.991
1652078460,+3.21, +1.561, +9.130,+0.991
1652078520,+3.21, +1.582, +9.116,+0.991
1652078580,+3.21, +1.582, +9.113,+0.991
1652078640,+3.21, +1.604, +9.097,+0.990
1652078700,+3.21, +1.550, +9.123,+0.991
1652078760,+3.21, +1.571, +9.118,+0.991
1652078820,+3.21, +1.593, +9.109,+0.991
1652078880,+3.21, +1.614, +9.101,+0.991
1652078940,+3.21, +1.571, +9.115,+0.991
1652079000,+3.21, +1.582, +9.107,+0.991
1652079060,+3.21, +1.571, +9.120,+0.991
1652079120,+3.21, +1.593, +9.109,+0.991
1652079180,+3.21, +1.593, +9.113,+0.991
1652079240,+3.21, +1.582, +9.117,+0.991
1652079300,+3.21, +1.604, +9.117,+0.992
1652079360,+3.21, +1.593, +9.121,+0.991
1652079420,+3.21, +1.593, +9.111,+0.991
1652079480,+3.21, +1.582, +9.118,+0.991
1652079540,+3.21, +1.561, +9.140,+0.991
1652079600,+3.21, +1.604, +9.105,+0.991
1652079660,+3.21, +1.582, +9.112,+0.991
1652079720,+3.21, +1.571, +9.117,+0.991
1652079780,+3.21, +1.582, +9.121,+0.991
1652079840,+3.21, +1.604, +9.108,+0.991
1652079900,+3.21, +1.561, +9.118,+0.991
1652079960,+3.21, +1.561, +9.131,+0.991
1652080020,+3.21, +1.593, +9.105,+0.990
1652080080,+3.21, +1.571, +9.124,+0.991
1652080140,+3.21, +1.582, +9.118,+0.991
1652080200,+3.21, +1.571, +9.121,+0.991
1652080260,+3.21, +1.593, +9.114,+0.991
1652080320,+3.21, +1.571, +9.105,+0.990
1652080380,+3.21, +1.614, +9.104,+0.991
1652080440,+3.21, +1.582, +9.113,+0.991
1652080500,+3.21, +1.561, +9.130,+0.991
1652080560,+3.21, +1.582, +9.121,+0.991
1652080620,+3.21, +1.593, +9.114,+0.991
1652080680,+3.21, +1.561, +9.131,+0.991
1652080740,+3.21, +1.593, +9.108,+0.991
1652080800,+3.21, +1.582, +9.114,+0.991
1652080860,+3.21, +1.593, +9.102,+0.991
1652080920,+3.21, +1.593, +9.099,+0.990
1652080980,+3.21, +1.582, +9.122,+0.992
1652081040,+3.21, +1.582, +9.112,+0.991
1652081100,+3.21, +1.561, +9.117,+0.990
1652081160,+3.21, +1.582, +9.113,+0.991
1652081220,+3.21, +1.593, +9.105,+0.991
1652081280,+3.21, +1.593, +9.107,+0.991
1652081340,+3.21, +1.582, +9.119,+0.991
1652081400,+3.21, +1.571, +9.124,+0.991
1652081460,+3.21, +1.582, +9.118,+0.991
1652081520,+3.21, +1.593, +9.108,+0.991
1652081580,+3.21, +1.582, +9.110,+0.991
1652081640,+3.21, +1.550, +9.131,+0.991
1652081700,+3.21, +1.582, +9.114,+0.991
1652081760,+3.21, +1.571, +9.123,+0.991
1652081820,+3.21, +1.529, +9.128,+0.991
1652081880,+3.21, +1.582, +9.113,+0.991
1652081940,+3.21, +1.571, +9.113,+0.991
1652082000,+3.21, +1.593, +9.108,+0.991
1652082060,+3.21, +1.582, +9.113,+0.991
1652082120,+3.21, +1.614, +9.099,+0.991
1652082180,+3.21, +1.582, +9.113,+0.991
1652082240,+3.21, +1.582, +9.111,+0.991
1652082300,+3.21, +1.582, +9.122,+0.991
1652082360,+3.21, +1.604, +9.099,+0.991
1652082420,+3.21, +1.582, +9.119,+0.991
1652082480,+3.21, +1.593, +9.107,+0.991
1652082540,+3.21, +1.593, +9.102,+0.991
1652082600,+3.21, +1.582, +9.126,+0.992
1652082660,+3.21, +1.582, +9.127,+0.991
1652082720,+3.21, +1.582, +9.122,+0.991
1652082780,+3.21, +1.561, +9.124,+0.991
1652082840,+3.21, +1.582, +9.116,+0.991
1652082900,+3.21, +1.593, +9.106,+0.991
1652082960,+3.21, +1.571, +9.117,+0.991
1652083020,+3.21, +1.582, +9.117,+0.991
1652083080,+3.21, +1.539, +9.125,+0.991
1652083140,+3.21, +1.582, +9.107,+0.991
1652083200,+3.21, +1.593, +9.103,+0.991
1652083260,+3.21, +1.571, +9.115,+0.991
1652083320,+3.21, +1.550, +9.119,+0.991
1652083380,+3.21, +1.582, +9.107,+0.990
1652083440,+3.21, +1.571, +9.110,+0.991
1652083500,+3.21, +1.571, +9.117,+0.991
1652083560,+3.21, +1.593, +9.092,+0.990
1652083620,+3.21, +1.550, +9.130,+0.991
1652083680,+3.21, +1.593, +9.096,+0.991
1652083740,+3.21, +1.550, +9.128,+0.991
1652083800,+3.21, +1.593, +9.101,+0.991
1652083860,+3.21, +1.571, +9.111,+0.991
1652083920,+3.21, +1.561, +9.126,+0.991
1652083980,+3.21, +1.571, +9.109,+0.991
1652084040,+3.21, +1.571, +9.115,+0.991
1652084100,+3.21, +1.582, +9.110,+0.991
1652084160,+3.21, +1.550, +9.125,+0.991
1652084220,+3.21, +1.561, +9.116,+0.991
1652084280,+3.21, +1.582, +9.106,+0.991
1652084340,+3.21, +1.582, +9.108,+0.991
1652084400,+3.21, +1.582, +9.108,+0.991
1652084460,+3.21, +1.593, +9.104,+0.991
1652084520,+3.21, +1.582, +9.113,+0.991
1652084580,+3.21, +1.571, +9.110,+0.991
1652084640,+3.21, +1.625, +9.088,+0.991
1652084700,+3.21, +1.571, +9.106,+0.990
1652084760,+3.21, +1.571, +9.114,+0.991
1652084820,+3.21, +1.571, +9.112,+0.991
1652084880,+3.21, +1.571, +9.116,+0.991
1652084940,+3.21, +1.593, +9.118,+0.992
1652085000,+3.21, +1.593, +9.107,+0.991
1652085060,+3.21, +1.582, +9.103,+0.991
1652085120,+3.21, +1.561, +9.113,+0.991
1652085180,+3.21, +1.561, +9.118,+0.991
1652085240,+3.21, +1.571, +9.117,+0.991
1652085300,+3.21, +1.550, +9.113,+0.990
1652085360,+3.21, +1.571, +9.111,+0.991
1652085420,+3.21, +1.571, +9.115,+0.991
1652085480,+3.21, +1.582, +9.100,+0.991
1652085540,+3.21, +1.571, +9.120,+0.991
1652085600,+3.21, +1.582, +9.101,+0.991
1652085660,+3.21, +1.571, +9.107,+0.991
1652085720,+3.21, +1.561, +9.120,+0.991
1652085780,+3.21, +1.593, +9.101,+0.991
1652085840,+3.21, +1.582, +9.101,+0.991
1652085900,+3.21, +1.604, +9.096,+0.991
1652085960,+3.21, +1.571, +9.118,+0.991
1652086020,+3.21, +1.593, +9.091,+0.991
1652086080,+3.21, +1.593, +9.115,+0.991
1652086140,+3.21, +1.561, +9.104,+0.990
1652086200,+3.21, +1.582, +9.105,+0.991
1652086260,+3.21, +1.582, +9.107,+0.991
1652086320,+3.21, +1.571, +9.109,+0.991
1652086380,+3.21, +1.571, +9.099,+0.990
1652086440,+3.21, +1.571, +9.116,+0.991
1652086500,+3.21, +1.571, +9.104,+0.991
1652086560,+3.21, +1.582, +9.115,+0.991
1652086620,+3.21, +1.571, +9.114,+0.991
1652086680,+3.21, +1.550, +9.117,+0.990
1652086740,+3.21, +1.571, +9.100,+0.990
1652086800,+3.21, +1.582, +9.095,+0.990
1652086860,+3.21, +1.539, +9.135,+0.991
1652086920,+3.21, +1.561, +9.109,+0.990
1652086980,+3.21, +1.571, +9.111,+0.991
1652087040,+3.21, +1.625, +9.105,+0.992
1652087100,+3.21, +1.561, +9.120,+0.991
1652087160,+3.21, +1.571, +9.107,+0.991
1652087220,+3.21, +1.582, +9.107,+0.991
1652087280,+3.21, +1.582, +9.112,+0.991
1652087340,+3.21, +1.571, +9.115,+0.991
1652087400,+3.21, +1.561, +9.117,+0.991
1652087460,+3.21, +1.604, +9.099,+0.991
1652087520,+3.21, +1.593, +9.121,+0.992
1652087580,+3.21, +1.571, +9.113,+0.991
1652087640,+3.21, +1.593, +9.110,+0.991
1652087700,+3.21, +1.571, +9.118,+0.991
1652087760,+3.21, +1.518, +9.127,+0.990
1652087820,+3.21, +1.593, +9.100,+0.991
1652087880,+3.21, +1.593, +9.104,+0.991
1652087940,+3.21, +1.593, +9.110,+0.991
1652088000,+3.21, +1.571, +9.114,+0.991
1652088060,+3.21, +1.593, +9.094,+0.990
1652088120,+3.21, +1.582, +9.107,+0.991
1652088180,+3.21, +1.571, +9.121,+0.991
1652088240,+3.21, +1.539, +9.130,+0.991
1652088300,+3.21, +1.571, +9.124,+0.991
1652088360,+3.21, +1.571, +9.111,+0.991
1652088420,+3.21, +1.529, +9.117,+0.990
1652088480,+3.21, +1.582, +9.102,+0.990
1652088540,+3.21, +1.593, +9.107,+0.991
1652088600,+3.21, +1.550, +9.123,+0.991
1652088660,+3.21, +1.582, +9.102,+0.991
1652088720,+3.21, +1.582, +9.102,+0.991
1652088780,+3.21, +1.582, +9.123,+0.992
1652088840,+3.21, +1.561, +9.104,+0.990
1652088900,+3.21, +1.582, +9.111,+0.991
1652088960,+3.21, +1.582, +9.110,+0.991
1652089020,+3.21, +1.593, +9.099,+0.991
1652089080,+3.21, +1.571, +9.122,+0.991
1652089140,+3.21, +1.571, +9.115,+0.991
1652089200,+3.21, +1.593, +9.101,+0.990
1652089260,+3.21, +1.561, +9.108,+0.990
1652089320,+3.21, +1.571, +9.119,+0.991
1652089380,+3.21, +1.571, +9.105,+0.990
1652089440,+3.21, +1.604, +9.104,+0.991
1652089500,+3.21, +1.582, +9.115,+0.991
1652089560,+3.21, +1.571, +9.119,+0.991
1652089620,+3.21, +1.561, +9.126,+0.991
1652089680,+3.20, +1.582, +9.118,+0.991
1652089740,+3.21, +1.582, +9.118,+0.991
1652089800,+3.21, +1.550, +9.127,+0.991
1652089860,+3.21, +1.593, +9.102,+0.991
1652089920,+3.21, +1.550, +9.128,+0.991
1652089980,+3.21, +1.561, +9.128,+0.991
1652090040,+3.21, +1.582, +9.113,+0.991
1652090100,+3.21, +1.529, +9.135,+0.991
1652090160,+3.21, +1.571, +9.127,+0.991
1652090220,+3.21, +1.593, +9.119,+0.992
1652090280,+3.21, +1.604, +9.094,+0.991
1652090340,+3.21, +1.571, +9.113,+0.991
1652090400,+3.21, +1.582, +9.116,+0.991
1652090460,+3.21, +1.582, +9.112,+0.991
1652090520,+3.21, +1.582, +9.120,+0.991
1652090580,+3.21, +1.571, +9.117,+0.991
1652090640,+3.21, +1.539, +9.132,+0.991
1652090700,+3.21, +1.582, +9.120,+0.991
1652090760,+3.21, +1.593, +9.104,+0.991
1652090820,+3.21, +1.593, +9.114,+0.991
1652090880,+3.21, +1.593, +9.107,+0.991
1652090940,+3.21, +1.561, +9.124,+0.991
1652091000,+3.21, +1.593, +9.114,+0.991
1652091060,+3.21, +1.571, +9.124,+0.991
1652091120,+3.21, +1.571, +9.129,+0.991
1652091180,+3.21, +1.561, +9.124,+0.991
1652091240,+3.21, +1.582, +9.121,+0.991
1652091300,+3.21, +1.582, +9.109,+0.990
1652091360,+3.21, +1.561, +9.114,+0.991
1652091420,+3.21, +1.582, +9.119,+0.991
1652091480,+3.21, +1.571, +9.102,+0.990
1652091540,+3.21, +1.582, +9.125,+0.992
1652091600,+3.21, +1.561, +9.122,+0.991
1652091660,+3.21, +1.561, +9.130,+0.991
1652091720,+3.21, +1.561, +9.123,+0.991
1652091780,+3.21, +1.614, +9.102,+0.991
1652091840,+3.21, +1.550, +9.124,+0.991
1652091900,+3.21, +1.571, +9.129,+0.991
1652091960,+3.21, +1.571, +9.121,+0.991
1652092020,+3.21, +1.571, +9.121,+0.991
1652092080,+3.21, +1.593, +9.116,+0.991
1652092140,+3.21, +1.571, +9.129,+0.991
1652092200,+3.21, +1.593, +9.100,+0.990
1652092260,+3.21, +1.571, +9.133,+0.991
1652092320,+3.21, +1.582, +9.117,+0.991
1652092380,+3.21, +1.614, +9.100,+0.991
1652092440,+3.21, +1.539, +9.136,+0.991
1652092500,+3.21, +1.593, +9.112,+0.991
1652092560,+3.21, +1.582, +9.128,+0.991
1652092620,+3.21, +1.561, +9.119,+0.991
1652092680,+3.21, +1.582, +9.119,+0.991
1652092740,+3.21, +1.550, +9.139,+0.991
1652092800,+3.21, +1.582, +9.120,+0.991
1652092860,+3.21, +1.593, +9.113,+0.991
1652092920,+3.21, +1.593, +9.106,+0.991
1652092980,+3.21, +1.571, +9.125,+0.991
1652093040,+3.21, +1.571, +9.116,+0.991
1652093100,+3.21, +1.571, +9.128,+0.991
1652093160,+3.21, +1.614, +9.120,+0.992
1652093220,+3.21, +1.593, +9.116,+0.991
1652093280,+3.21, +1.539, +9.134,+0.991
1652093340,+3.21, +1.604, +9.110,+0.991
1652093400,+3.21, +1.582, +9.107,+0.990
1652093460,+3.21, +1.582, +9.119,+0.991
1652093520,+3.21, +1.593, +9.123,+0.991
1652093580,+3.21, +1.593, +9.124,+0.991
1652093640,+3.21, +1.614, +9.110,+0.991
1652093700,+3.21, +1.571, +9.130,+0.991
1652093760,+3.21, +1.593, +9.127,+0.991
1652093820,+3.21, +1.582, +9.129,+0.991
1652093880,+3.21, +1.571, +9.120,+0.991
1652093940,+3.21, +1.571, +9.126,+0.991
1652094000,+3.21, +1.582, +9.119,+0.991
1652094060,+3.21, +1.561, +9.117,+0.990
1652094120,+3.21, +1.593, +9.119,+0.991
1652094180,+3.21, +1.561, +9.141,+0.991
1652094240,+3.21, +1.571, +9.125,+0.991
1652094300,+3.21, +1.593, +9.124,+0.991
1652094360,+3.21, +1.582, +9.120,+0.991
1652094420,+3.21, +1.593, +9.110,+0.991
1652094480,+3.21, +1.582, +9.128,+0.991
1652094540,+3.21, +1.582, +9.121,+0.991
1652094600,+3.21, +1.604, +9.107,+0.991
1652094660,+3.21, +1.593, +9.109,+0.990
1652094720,+3.21, +1.604, +9.112,+0.991
1652094780,+3.21, +1.582, +9.135,+0.991
1652094840,+3.21, +1.539, +9.138,+0.991
1652094900,+3.21, +1.582, +9.122,+0.991
1652094960,+3.21, +1.561, +9.121,+0.990
1652095020,+3.21, +1.593, +9.124,+0.991
1652095080,+3.21, +1.561, +9.124,+0.991
1652095140,+3.21, +1.593, +9.122,+0.991
1652095200,+3.21, +1.593, +9.116,+0.991
1652095260,+3.21, +1.593, +9.124,+0.991
1652095320,+3.21, +1.561, +9.129,+0.991
1652095380,+3.21, +1.571, +9.130,+0.991
1652095440,+3.21, +1.571, +9.127,+0.991
1652095500,+3.21, +1.604, +9.103,+0.991
1652095560,+3.21, +1.571, +9.129,+0.991
1652095620,+3.21, +1.582, +9.120,+0.991
1652095680,+3.21, +1.571, +9.128,+0.991
1652095740,+3.21, +1.571, +9.128,+0.991
1652095800,+3.21, +1.507, +9.162,+0.991
1652095860,+3.21, +1.593, +9.119,+0.991
1652095920,+3.21, +1.571, +9.134,+0.991
1652095980,+3.20, +1.593, +9.124,+0.991
1652096040,+3.21, +1.571, +9.132,+0.991
1652096100,+3.21, +1.561, +9.121,+0.990
1652096160,+3.21, +1.550, +9.146,+0.991
1652096220,+3.21, +1.582, +9.130,+0.991
1652096280,+3.21, +1.582, +9.129,+0.991
1652096340,+3.21, +1.604, +9.122,+0.991
1652096400,+3.21, +1.571, +9.138,+0.991
1652096460,+3.21, +1.550, +9.141,+0.991
1652096520,+3.21, +1.561, +9.136,+0.991
1652096580,+3.21, +1.571, +9.135,+0.991
1652096640,+3.21, +1.582, +9.138,+0.991
1652096700,+3.21, +1.604, +9.114,+0.990
1652096760,+3.21, +1.582, +9.150,+0.992
1652096820,+3.21, +1.561, +9.144,+0.991
1652096880,+3.21, +1.550, +9.136,+0.991
1652096940,+3.21, +1.529, +9.145,+0.991
1652097000,+3.21, +1.550, +9.134,+0.990
1652097060,+3.21, +1.561, +9.143,+0.991
1652097120,+3.21, +1.571, +9.139,+0.991
1652097180,+3.21, +1.561, +9.148,+0.992
1652097240,+3.21, +1.561, +9.139,+0.991
1652097300,+3.21, +1.561, +9.148,+0.991
1652097360,+3.21, +1.561, +9.143,+0.991
1652097420,+3.21, +1.539, +9.156,+0.991
1652097480,+3.21, +1.550, +9.144,+0.991
1652097540,+3.21, +1.561, +9.147,+0.991
1652097600,+3.21, +1.529, +9.154,+0.991
1652097660,+3.21, +1.550, +9.139,+0.991
1652097720,+3.21, +1.561, +9.129,+0.990
1652097780,+3.21, +1.529, +9.157,+0.991
1652097840,+3.21, +1.539, +9.150,+0.991
1652097900,+3.21, +1.539, +9.153,+0.991
1652097960,+3.21, +1.539, +9.151,+0.991
1652098020,+3.21, +1.571, +9.138,+0.991
1652098080,+3.21, +1.539, +9.144,+0.991
1652098140,+3.21, +1.571, +9.135,+0.991
1652098200,+3.21, +1.550, +9.139,+0.991
1652098260,+3.21, +1.529, +9.158,+0.991
1652098320,+3.21, +1.561, +9.142,+0.991
1652098380,+3.21, +1.539, +9.147,+0.991
1652098440,+3.21, +1.550, +9.151,+0.991
1652098500,+3.21, +1.507, +9.164,+0.991
1652098560,+3.21, +1.582, +9.134,+0.991
1652098620,+3.21, +1.550, +9.149,+0.991
1652098680,+3.21, +1.550, +9.139,+0.991
1652098740,+3.21, +1.561, +9.130,+0.990
1652098800,+3.21, +1.539, +9.151,+0.991
1652098860,+3.21, +1.539, +9.156,+0.991
1652098920,+3.21, +1.539, +9.159,+0.991
1652098980,+3.21, +1.550, +9.137,+0.991
1652099040,+3.21, +1.518, +9.164,+0.991
1652099100,+3.21, +1.529, +9.162,+0.991
1652099160,+3.21, +1.550, +9.159,+0.991
1652099220,+3.21, +1.529, +9.157,+0.991
1652099280,+3.21, +1.550, +9.149,+0.991
1652099340,+3.21, +1.561, +9.143,+0.991
1652099400,+3.21, +1.539, +9.134,+0.990
1652099460,+3.21, +1.561, +9.154,+0.991
1652099520,+3.21, +1.571, +9.135,+0.991
1652099580,+3.21, +1.518, +9.161,+0.991
1652099640,+3.21, +1.529, +9.167,+0.991
1652099700,+3.21, +1.539, +9.150,+0.991
1652099760,+3.21, +1.539, +9.156,+0.991
1652099820,+3.21, +1.507, +9.173,+0.991
1652099880,+3.21, +1.486, +9.177,+0.991
1652099940,+3.21, +1.539, +9.157,+0.991
1652100000,+3.21, +1.550, +9.152,+0.991
1652100060,+3.21, +1.539, +9.152,+0.991
1652100120,+3.21, +1.539, +9.154,+0.991
1652100180,+3.21, +1.518, +9.161,+0.991
1652100240,+3.21, +1.529, +9.153,+0.991
1652100300,+3.21, +1.529, +9.166,+0.991
1652100360,+3.21, +1.550, +9.157,+0.991
1652100420,+3.21, +1.529, +9.163,+0.991
1652100480,+3.21, +1.518, +9.167,+0.991
1652100540,+3.21, +1.518, +9.159,+0.991
1652100600,+3.21, +1.529, +9.165,+0.991
1652100660,+3.21, +1.496, +9.172,+0.991
1652100720,+3.21, +1.518, +9.169,+0.991
1652100780,+3.21, +1.507, +9.178,+0.991
1652100840,+3.21, +1.486, +9.179,+0.991
1652100900,+3.21, +1.550, +9.159,+0.991
1652100960,+3.21, +1.518, +9.161,+0.991
1652101020,+3.21, +1.529, +9.174,+0.991
1652101080,+3.21, +1.529, +9.154,+0.990
1652101140,+3.21, +1.561, +9.156,+0.991
1652101200,+3.21, +1.561, +9.154,+0.991
1652101260,+3.21, +1.539, +9.169,+0.991
1652101320,+3.21, +1.529, +9.161,+0.991
1652101380,+3.20, +1.550, +9.151,+0.991
1652101440,+3.20, +1.518, +9.168,+0.991
1652101500,+3.21, +1.529, +9.163,+0.991
1652101560,+3.21, +1.550, +9.156,+0.991
1652101620,+3.21, +1.550, +9.161,+0.991
1652101680,+3.21, +1.539, +9.166,+0.991
1652101740,+3.21, +1.518, +9.180,+0.991
1652101800,+3.21, +1.539, +9.161,+0.991
1652101860,+3.21, +1.518, +9.171,+0.991
1652101920,+3.21, +1.496, +9.185,+0.991
1652101980,+3.21, +1.529, +9.183,+0.992
1652102040,+3.21, +1.550, +9.159,+0.991
1652102100,+3.21, +1.518, +9.177,+0.991
1652102160,+3.21, +1.529, +9.175,+0.991
1652102220,+3.21, +1.518, +9.191,+0.991
1652102280,+3.21, +1.529, +9.167,+0.991
1652102340,+3.21, +1.529, +9.178,+0.991
1652102400,+3.21, +1.550, +9.163,+0.991
1652102460,+3.21, +1.518, +9.183,+0.991
1652102520,+3.21, +1.529, +9.177,+0.991
1652102580,+3.21, +1.507, +9.184,+0.991
1652102640,+3.21, +1.518, +9.169,+0.991
1652102700,+3.21, +1.539, +9.169,+0.991
1652102760,+3.20, +1.518, +9.181,+0.991
1652102820,+3.21, +1.518, +9.190,+0.991
1652102880,+3.21, +1.539, +9.172,+0.991
1652102940,+3.21, +1.507, +9.192,+0.991
1652103000,+3.21, +1.486, +9.213,+0.992
1652103060,+3.21, +1.539, +9.173,+0.991
1652103120,+3.21, +1.550, +9.171,+0.991
1652103180,+3.21, +1.539, +9.177,+0.991
1652103240,+3.21, +1.550, +9.165,+0.991
1652103300,+3.21, +1.550, +9.167,+0.991
1652103360,+3.21, +1.529, +9.174,+0.991
1652103420,+3.21, +1.529, +9.187,+0.991
1652103480,+3.21, +1.550, +9.161,+0.990
1652103540,+3.21, +1.550, +9.173,+0.991
1652103600,+3.21, +1.550, +9.170,+0.991
1652103660,+3.21, +1.518, +9.189,+0.991
1652103720,+3.21, +1.539, +9.184,+0.991
1652103780,+3.21, +1.550, +9.171,+0.991
1652103840,+3.20, +1.518, +9.187,+0.991
1652103900,+3.21, +1.550, +9.176,+0.991
1652103960,+3.21, +1.539, +9.177,+0.991
1652104020,+3.21, +1.550, +9.176,+0.991
1652104080,+3.21, +1.550, +9.180,+0.991
1652104140,+3.21, +1.539, +9.170,+0.990
1652104200,+3.21, +1.550, +9.176,+0.991
1652104260,+3.21, +1.550, +9.171,+0.991
1652104320,+3.21, +1.571, +9.162,+0.991
1652104380,+3.21, +1.550, +9.179,+0.991
1652104440,+3.21, +1.561, +9.174,+0.991
1652104500,+3.21, +1.529, +9.185,+0.991
1652104560,+3.21, +1.529, +9.189,+0.991
1652104620,+3.21, +1.539, +9.177,+0.991
1652104680,+3.21, +1.539, +9.183,+0.991
1652104740,+3.21, +1.561, +9.171,+0.991
1652104800,+3.21, +1.571, +9.187,+0.992
1652104860,+3.21, +1.561, +9.174,+0.991
1652104920,+3.21, +1.571, +9.167,+0.991
1652104980,+3.21, +1.571, +9.178,+0.991
1652105040,+3.21, +1.561, +9.173,+0.991
1652105100,+3.21, +1.550, +9.184,+0.991
1652105160,+3.21, +1.550, +9.178,+0.991
1652105220,+3.21, +1.571, +9.181,+0.991
1652105280,+3.21, +1.561, +9.170,+0.991
1652105340,+3.21, +1.561, +9.179,+0.991
1652105400,+3.21, +1.582, +9.174,+0.991
1652105460,+3.21, +1.571, +9.185,+0.991
1652105520,+3.21, +1.550, +9.180,+0.991
1652105580,+3.21, +1.550, +9.186,+0.991
1652105640,+3.21, +1.604, +9.150,+0.990
1652105700,+3.21, +1.550, +9.163,+0.990
1652105760,+3.21, +1.550, +9.182,+0.991
1652105820,+3.21, +1.571, +9.171,+0.991
1652105880,+3.21, +1.571, +9.185,+0.991
1652105940,+3.21, +1.593, +9.158,+0.990
1652106000,+3.21, +1.571, +9.169,+0.991
1652106060,+3.21, +1.593, +9.176,+0.991
1652106120,+3.21, +1.593, +9.186,+0.992
1652106180,+3.21, +1.593, +9.174,+0.991
1652106240,+3.21, +1.604, +9.165,+0.991
1652106300,+3.21, +1.582, +9.172,+0.990
1652106360,+3.21, +1.593, +9.174,+0.991
1652106420,+3.21, +1.593, +9.166,+0.991
1652106480,+3.21, +1.604, +9.161,+0.990
1652106540,+3.20, +1.614, +9.166,+0.991
1652106600,+3.20, +1.582, +9.174,+0.991
1652106660,+3.21, +1.582, +9.167,+0.990
1652106720,+3.20, +1.593, +9.179,+0.991
1652106780,+3.21, +1.593, +9.172,+0.991
1652106840,+3.21, +1.604, +9.164,+0.990
1652106900,+3.21, +1.614, +9.161,+0.990
1652106960,+3.21, +1.582, +9.174,+0.991
1652107020,+3.20, +1.604, +9.167,+0.990
1652107080,+3.21, +1.614, +9.177,+0.991
1652107140,+3.21, +1.614, +9.174,+0.991
1652107200,+3.20, +1.614, +9.177,+0.991
1652107260,+3.20, +1.614, +9.165,+0.991
1652107320,+3.21, +1.625, +9.159,+0.991
1652107380,+3.21, +1.636, +9.158,+0.991
1652107440,+3.21, +1.614, +9.168,+0.991
1652107500,+3.21, +1.614, +9.167,+0.991
1652107560,+3.20, +1.625, +9.159,+0.991
1652107620,+3.21, +1.561, +9.201,+0.991
1652107680,+3.21, +1.614, +9.170,+0.991
1652107740,+3.21, +1.604, +9.170,+0.991
1652107800,+3.21, +1.604, +9.170,+0.990
1652107860,+3.21, +1.614, +9.177,+0.991
1652107920,+3.20, +1.614, +9.167,+0.991
1652107980,+3.21, +1.625, +9.154,+0.990
1652108040,+3.21, +1.636, +9.165,+0.991
1652108100,+3.20, +1.614, +9.176,+0.991
1652108160,+3.21, +1.614, +9.159,+0.991
1652108220,+3.21, +1.625, +9.167,+0.991
1652108280,+3.21, +1.582, +9.183,+0.991
1652108340,+3.20, +1.614, +9.160,+0.991
1652108400,+3.21, +1.625, +9.168,+0.991
1652108460,+3.20, +1.614, +9.163,+0.990
1652108520,+3.21, +1.614, +9.181,+0.991
1652108580,+3.21, +1.625, +9.162,+0.990
1652108640,+3.21, +1.614, +9.157,+0.990
1652108700,+3.20, +1.571, +9.189,+0.991
1652108760,+3.21, +1.625, +9.174,+0.991
1652108820,+3.21, +1.636, +9.160,+0.991
1652108880,+3.20, +1.614, +9.165,+0.991
