7392-928226
OS REV: 1.11 Sensor Cal: 1496933196
Time (sec),  BV (Volts),  T (deg C),  DO (mg/l),  Q ()
1651763340,+3.23, +1.292, +9.382,+0.991
1651763400,+3.23, +1.314, +9.355,+0.990
1651763460,+3.23, +1.292, +9.371,+0.991
1651763520,+3.23, +1.303, +9.367,+0.991
1651763580,+3.23, +1.314, +9.353,+0.991
1651763640,+3.23, +1.346, +9.358,+0.991
1651763700,+3.23, +1.303, +9.364,+0.990
1651763760,+3.23, +1.314, +9.355,+0.990
1651763820,+3.23, +1.292, +9.390,+0.991
1651763880,+3.23, +1.314, +9.384,+0.991
1651763940,+3.23, +1.314, +9.373,+0.991
1651764000,+3.23, +1.314, +9.365,+0.991
1651764060,+3.23, +1.303, +9.379,+0.991
1651764120,+3.23, +1.314, +9.374,+0.991
1651764180,+3.23, +1.335, +9.369,+0.991
1651764240,+3.23, +1.303, +9.379,+0.991
1651764300,+3.23, +1.335, +9.366,+0.991
1651764360,+3.23, +1.325, +9.352,+0.990
1651764420,+3.23, +1.325, +9.355,+0.991
1651764480,+3.23, +1.325, +9.362,+0.990
1651764540,+3.23, +1.314, +9.370,+0.991
1651764600,+3.23, +1.314, +9.349,+0.990
1651764660,+3.23, +1.303, +9.365,+0.991
1651764720,+3.23, +1.303, +9.361,+0.991
1651764780,+3.23, +1.292, +9.357,+0.990
1651764840,+3.23, +1.271, +9.364,+0.991
1651764900,+3.23, +1.292, +9.354,+0.991
1651764960,+3.23, +1.292, +9.374,+0.991
1651765020,+3.23, +1.292, +9.372,+0.991
1651765080,+3.23, +1.271, +9.374,+0.990
1651765140,+3.23, +1.292, +9.368,+0.991
1651765200,+3.23, +1.292, +9.375,+0.991
1651765260,+3.23, +1.292, +9.362,+0.991
1651765320,+3.23, +1.271, +9.373,+0.991
1651765380,+3.23, +1.282, +9.375,+0.991
1651765440,+3.23, +1.303, +9.352,+0.991
1651765500,+3.23, +1.271, +9.351,+0.990
1651765560,+3.23, +1.249, +9.363,+0.991
1651765620,+3.23, +1.206, +9.371,+0.991
1651765680,+3.23, +1.206, +9.358,+0.991
1651765740,+3.23, +1.174, +9.378,+0.991
1651765800,+3.23, +1.174, +9.382,+0.991
1651765860,+3.23, +1.163, +9.383,+0.990
1651765920,+3.23, +1.174, +9.397,+0.991
1651765980,+3.23, +1.174, +9.406,+0.991
1651766040,+3.23, +1.195, +9.399,+0.991
1651766100,+3.23, +1.249, +9.390,+0.991
1651766160,+3.23, +1.217, +9.384,+0.991
1651766220,+3.23, +1.206, +9.391,+0.991
1651766280,+3.23, +1.260, +9.378,+0.991
1651766340,+3.23, +1.271, +9.371,+0.990
1651766400,+3.23, +1.260, +9.394,+0.991
1651766460,+3.23, +1.271, +9.379,+0.990
1651766520,+3.23, +1.292, +9.381,+0.991
1651766580,+3.23, +1.249, +9.398,+0.991
1651766640,+3.23, +1.292, +9.370,+0.991
1651766700,+3.23, +1.292, +9.372,+0.991
1651766760,+3.23, +1.271, +9.369,+0.990
1651766820,+3.23, +1.271, +9.372,+0.990
1651766880,+3.23, +1.282, +9.385,+0.991
1651766940,+3.23, +1.282, +9.373,+0.991
1651767000,+3.23, +1.282, +9.385,+0.991
1651767060,+3.23, +1.271, +9.392,+0.991
1651767120,+3.23, +1.260, +9.404,+0.991
1651767180,+3.23, +1.303, +9.375,+0.991
1651767240,+3.23, +1.292, +9.380,+0.991
1651767300,+3.23, +1.314, +9.372,+0.991
1651767360,+3.23, +1.282, +9.396,+0.991
1651767420,+3.23, +1.325, +9.364,+0.990
1651767480,+3.23, +1.314, +9.386,+0.991
1651767540,+3.23, +1.314, +9.370,+0.990
1651767600,+3.23, +1.303, +9.382,+0.991
1651767660,+3.23, +1.325, +9.372,+0.991
1651767720,+3.23, +1.303, +9.373,+0.991
1651767780,+3.23, +1.303, +9.383,+0.991
1651767840,+3.23, +1.282, +9.394,+0.991
1651767900,+3.23, +1.335, +9.367,+0.991
1651767960,+3.23, +1.325, +9.373,+0.991
1651768020,+3.23, +1.314, +9.372,+0.990
1651768080,+3.23, +1.325, +9.370,+0.991
1651768140,+3.23, +1.335, +9.361,+0.990
1651768200,+3.23, +1.335, +9.369,+0.991
1651768260,+3.23, +1.314, +9.386,+0.991
1651768320,+3.23, +1.335, +9.363,+0.990
1651768380,+3.23, +1.335, +9.363,+0.991
1651768440,+3.23, +1.389, +9.351,+0.991
1651768500,+3.23, +1.346, +9.370,+0.991
1651768560,+3.23, +1.346, +9.376,+0.991
1651768620,+3.23, +1.335, +9.392,+0.991
1651768680,+3.23, +1.346, +9.357,+0.990
1651768740,+3.23, +1.357, +9.362,+0.991
1651768800,+3.23, +1.346, +9.382,+0.992
1651768860,+3.23, +1.357, +9.355,+0.990
1651768920,+3.23, +1.357, +9.376,+0.991
1651768980,+3.23, +1.357, +9.380,+0.991
1651769040,+3.23, +1.368, +9.364,+0.991
1651769100,+3.23, +1.368, +9.366,+0.991
1651769160,+3.23, +1.357, +9.381,+0.991
1651769220,+3.23, +1.357, +9.376,+0.991
1651769280,+3.23, +1.335, +9.389,+0.991
1651769340,+3.23, +1.400, +9.358,+0.991
1651769400,+3.23, +1.389, +9.364,+0.991
1651769460,+3.23, +1.378, +9.377,+0.991
1651769520,+3.23, +1.400, +9.361,+0.991
1651769580,+3.23, +1.378, +9.374,+0.991
1651769640,+3.23, +1.389, +9.370,+0.991
1651769700,+3.23, +1.389, +9.378,+0.991
1651769760,+3.23, +1.368, +9.362,+0.990
1651769820,+3.23, +1.357, +9.378,+0.990
1651769880,+3.23, +1.400, +9.355,+0.991
1651769940,+3.23, +1.389, +9.366,+0.991
1651770000,+3.23, +1.400, +9.384,+0.992
1651770060,+3.23, +1.389, +9.373,+0.991
1651770120,+3.23, +1.432, +9.355,+0.991
1651770180,+3.23, +1.400, +9.371,+0.990
1651770240,+3.23, +1.421, +9.363,+0.991
1651770300,+3.23, +1.400, +9.384,+0.991
1651770360,+3.23, +1.411, +9.374,+0.991
1651770420,+3.23, +1.400, +9.370,+0.991
1651770480,+3.23, +1.411, +9.350,+0.990
1651770540,+3.23, +1.432, +9.349,+0.990
1651770600,+3.23, +1.400, +9.366,+0.990
1651770660,+3.23, +1.454, +9.348,+0.991
1651770720,+3.23, +1.432, +9.351,+0.991
1651770780,+3.23, +1.443, +9.356,+0.991
1651770840,+3.23, +1.443, +9.353,+0.991
1651770900,+3.23, +1.400, +9.362,+0.991
1651770960,+3.23, +1.432, +9.355,+0.991
1651771020,+3.23, +1.443, +9.338,+0.990
1651771080,+3.23, +1.432, +9.353,+0.991
1651771140,+3.23, +1.432, +9.360,+0.991
1651771200,+3.23, +1.443, +9.351,+0.991
1651771260,+3.23, +1.432, +9.346,+0.990
1651771320,+3.23, +1.400, +9.367,+0.991
1651771380,+3.23, +1.421, +9.357,+0.991
1651771440,+3.23, +1.421, +9.340,+0.990
1651771500,+3.23, +1.421, +9.348,+0.990
1651771560,+3.23, +1.432, +9.352,+0.991
1651771620,+3.23, +1.432, +9.354,+0.991
1651771680,+3.23, +1.421, +9.344,+0.990
1651771740,+3.23, +1.411, +9.367,+0.991
1651771800,+3.23, +1.432, +9.355,+0.991
1651771860,+3.23, +1.432, +9.354,+0.991
1651771920,+3.23, +1.432, +9.351,+0.991
1651771980,+3.23, +1.443, +9.358,+0.991
1651772040,+3.23, +1.432, +9.354,+0.991
1651772100,+3.23, +1.432, +9.346,+0.990
1651772160,+3.23, +1.421, +9.362,+0.991
1651772220,+3.23, +1.443, +9.352,+0.991
1651772280,+3.23, +1.443, +9.343,+0.990
1651772340,+3.23, +1.411, +9.364,+0.991
1651772400,+3.23, +1.454, +9.337,+0.991
1651772460,+3.23, +1.443, +9.348,+0.991
1651772520,+3.23, +1.454, +9.334,+0.990
1651772580,+3.23, +1.443, +9.344,+0.991
1651772640,+3.23, +1.411, +9.369,+0.991
1651772700,+3.23, +1.454, +9.344,+0.990
1651772760,+3.23, +1.443, +9.338,+0.990
1651772820,+3.23, +1.443, +9.352,+0.991
1651772880,+3.23, +1.432, +9.359,+0.991
1651772940,+3.23, +1.443, +9.352,+0.991
1651773000,+3.23, +1.432, +9.352,+0.991
1651773060,+3.23, +1.443, +9.340,+0.990
1651773120,+3.23, +1.443, +9.347,+0.990
1651773180,+3.23, +1.464, +9.357,+0.991
1651773240,+3.23, +1.443, +9.358,+0.991
1651773300,+3.23, +1.464, +9.353,+0.991
1651773360,+3.23, +1.443, +9.368,+0.991
1651773420,+3.23, +1.421, +9.372,+0.991
1651773480,+3.23, +1.475, +9.346,+0.991
1651773540,+3.23, +1.475, +9.349,+0.991
1651773600,+3.23, +1.486, +9.336,+0.990
1651773660,+3.23, +1.464, +9.356,+0.991
1651773720,+3.23, +1.454, +9.352,+0.990
1651773780,+3.23, +1.475, +9.355,+0.991
1651773840,+3.23, +1.507, +9.330,+0.990
1651773900,+3.23, +1.518, +9.334,+0.991
1651773960,+3.23, +1.496, +9.343,+0.991
1651774020,+3.23, +1.507, +9.349,+0.991
1651774080,+3.23, +1.464, +9.352,+0.990
1651774140,+3.23, +1.507, +9.362,+0.992
1651774200,+3.23, +1.507, +9.339,+0.991
1651774260,+3.23, +1.496, +9.353,+0.991
1651774320,+3.23, +1.507, +9.353,+0.991
1651774380,+3.23, +1.496, +9.342,+0.990
1651774440,+3.23, +1.518, +9.356,+0.991
1651774500,+3.23, +1.518, +9.334,+0.990
1651774560,+3.23, +1.529, +9.354,+0.991
1651774620,+3.23, +1.539, +9.345,+0.991
1651774680,+3.23, +1.539, +9.341,+0.990
1651774740,+3.23, +1.539, +9.347,+0.991
1651774800,+3.23, +1.529, +9.352,+0.991
1651774860,+3.23, +1.529, +9.338,+0.990
1651774920,+3.23, +1.571, +9.319,+0.991
1651774980,+3.23, +1.593, +9.318,+0.991
1651775040,+3.23, +1.550, +9.321,+0.991
1651775100,+3.23, +1.518, +9.331,+0.990
1651775160,+3.23, +1.539, +9.315,+0.990
1651775220,+3.23, +1.539, +9.320,+0.991
1651775280,+3.23, +1.529, +9.316,+0.990
1651775340,+3.23, +1.550, +9.321,+0.991
1651775400,+3.23, +1.539, +9.342,+0.991
1651775460,+3.23, +1.561, +9.341,+0.991
1651775520,+3.23, +1.561, +9.328,+0.990
1651775580,+3.23, +1.614, +9.332,+0.992
1651775640,+3.23, +1.582, +9.326,+0.991
1651775700,+3.23, +1.614, +9.323,+0.991
1651775760,+3.23, +1.582, +9.346,+0.991
1651775820,+3.23, +1.625, +9.338,+0.991
1651775880,+3.23, +1.625, +9.335,+0.991
1651775940,+3.23, +1.646, +9.342,+0.992
1651776000,+3.23, +1.668, +9.332,+0.991
1651776060,+3.23, +1.625, +9.341,+0.991
1651776120,+3.23, +1.689, +9.316,+0.991
1651776180,+3.23, +1.668, +9.323,+0.991
1651776240,+3.23, +1.678, +9.328,+0.991
1651776300,+3.23, +1.700, +9.312,+0.991
1651776360,+3.23, +1.700, +9.315,+0.991
1651776420,+3.23, +1.646, +9.352,+0.991
1651776480,+3.23, +1.721, +9.320,+0.991
1651776540,+3.23, +1.732, +9.297,+0.991
1651776600,+3.23, +1.721, +9.306,+0.991
1651776660,+3.23, +1.646, +9.326,+0.991
1651776720,+3.23, +1.700, +9.296,+0.990
1651776780,+3.23, +1.721, +9.294,+0.991
1651776840,+3.23, +1.689, +9.320,+0.991
1651776900,+3.23, +1.700, +9.299,+0.991
1651776960,+3.23, +1.678, +9.301,+0.991
1651777020,+3.23, +1.689, +9.299,+0.991
1651777080,+3.23, +1.678, +9.288,+0.990
1651777140,+3.23, +1.668, +9.312,+0.991
1651777200,+3.23, +1.700, +9.295,+0.991
1651777260,+3.23, +1.689, +9.296,+0.991
1651777320,+3.23, +1.678, +9.306,+0.991
1651777380,+3.23, +1.689, +9.301,+0.991
1651777440,+3.23, +1.689, +9.300,+0.991
1651777500,+3.23, +1.689, +9.296,+0.991
1651777560,+3.23, +1.657, +9.295,+0.990
1651777620,+3.23, +1.657, +9.297,+0.991
1651777680,+3.23, +1.657, +9.299,+0.991
1651777740,+3.23, +1.678, +9.292,+0.990
1651777800,+3.23, +1.689, +9.287,+0.990
1651777860,+3.23, +1.710, +9.295,+0.991
1651777920,+3.23, +1.721, +9.293,+0.991
1651777980,+3.23, +1.710, +9.299,+0.991
1651778040,+3.23, +1.710, +9.294,+0.991
1651778100,+3.23, +1.689, +9.302,+0.991
1651778160,+3.23, +1.668, +9.298,+0.990
1651778220,+3.23, +1.678, +9.303,+0.991
1651778280,+3.23, +1.721, +9.293,+0.991
1651778340,+3.23, +1.689, +9.305,+0.990
1651778400,+3.23, +1.710, +9.284,+0.990
1651778460,+3.23, +1.689, +9.299,+0.991
1651778520,+3.23, +1.700, +9.298,+0.991
1651778580,+3.23, +1.710, +9.290,+0.991
1651778640,+3.23, +1.678, +9.294,+0.991
1651778700,+3.23, +1.678, +9.298,+0.991
1651778760,+3.23, +1.700, +9.274,+0.990
1651778820,+3.23, +1.668, +9.297,+0.991
1651778880,+3.23, +1.668, +9.287,+0.990
1651778940,+3.23, +1.710, +9.273,+0.991
1651779000,+3.23, +1.668, +9.297,+0.991
1651779060,+3.23, +1.700, +9.281,+0.991
1651779120,+3.23, +1.678, +9.287,+0.991
1651779180,+3.23, +1.678, +9.266,+0.990
1651779240,+3.23, +1.678, +9.290,+0.991
1651779300,+3.23, +1.689, +9.280,+0.991
1651779360,+3.23, +1.700, +9.269,+0.991
1651779420,+3.23, +1.657, +9.287,+0.991
1651779480,+3.23, +1.678, +9.263,+0.990
1651779540,+3.23, +1.678, +9.276,+0.991
1651779600,+3.23, +1.700, +9.270,+0.991
1651779660,+3.23, +1.689, +9.276,+0.991
1651779720,+3.23, +1.700, +9.290,+0.991
1651779780,+3.23, +1.700, +9.292,+0.990
1651779840,+3.23, +1.710, +9.298,+0.991
1651779900,+3.23, +1.710, +9.296,+0.991
1651779960,+3.23, +1.732, +9.306,+0.992
1651780020,+3.23, +1.732, +9.287,+0.991
1651780080,+3.23, +1.732, +9.275,+0.990
1651780140,+3.23, +1.753, +9.274,+0.991
1651780200,+3.23, +1.742, +9.280,+0.991
1651780260,+3.23, +1.700, +9.300,+0.991
1651780320,+3.23, +1.721, +9.292,+0.991
1651780380,+3.23, +1.742, +9.285,+0.991
1651780440,+3.23, +1.764, +9.266,+0.991
1651780500,+3.23, +1.689, +9.295,+0.991
1651780560,+3.23, +1.710, +9.277,+0.990
1651780620,+3.23, +1.710, +9.288,+0.991
1651780680,+3.23, +1.710, +9.282,+0.991
1651780740,+3.23, +1.689, +9.294,+0.991
1651780800,+3.23, +1.678, +9.289,+0.991
1651780860,+3.23, +1.700, +9.286,+0.991
1651780920,+3.23, +1.710, +9.290,+0.991
1651780980,+3.23, +1.721, +9.293,+0.991
1651781040,+3.23, +1.742, +9.286,+0.991
1651781100,+3.23, +1.689, +9.315,+0.991
1651781160,+3.23, +1.710, +9.313,+0.991
1651781220,+3.23, +1.721, +9.311,+0.991
1651781280,+3.23, +1.732, +9.289,+0.991
1651781340,+3.23, +1.721, +9.302,+0.991
1651781400,+3.23, +1.732, +9.286,+0.990
1651781460,+3.23, +1.742, +9.279,+0.990
1651781520,+3.23, +1.732, +9.300,+0.991
1651781580,+3.23, +1.764, +9.286,+0.991
1651781640,+3.23, +1.764, +9.288,+0.991
1651781700,+3.23, +1.753, +9.288,+0.990
1651781760,+3.23, +1.774, +9.291,+0.991
1651781820,+3.23, +1.742, +9.296,+0.991
1651781880,+3.23, +1.764, +9.271,+0.991
1651781940,+3.23, +1.753, +9.276,+0.991
1651782000,+3.23, +1.700, +9.298,+0.990
1651782060,+3.23, +1.732, +9.272,+0.990
1651782120,+3.23, +1.742, +9.296,+0.991
1651782180,+3.23, +1.764, +9.265,+0.990
1651782240,+3.23, +1.764, +9.272,+0.991
1651782300,+3.23, +1.785, +9.261,+0.990
1651782360,+3.23, +1.774, +9.275,+0.991
1651782420,+3.23, +1.753, +9.267,+0.991
1651782480,+3.23, +1.796, +9.250,+0.990
1651782540,+3.23, +1.785, +9.260,+0.991
1651782600,+3.23, +1.774, +9.271,+0.991
1651782660,+3.23, +1.796, +9.246,+0.990
1651782720,+3.23, +1.785, +9.260,+0.991
1651782780,+3.23, +1.785, +9.263,+0.991
1651782840,+3.23, +1.817, +9.246,+0.990
1651782900,+3.23, +1.817, +9.248,+0.991
1651782960,+3.23, +1.753, +9.276,+0.990
1651783020,+3.23, +1.796, +9.255,+0.991
1651783080,+3.23, +1.796, +9.265,+0.991
1651783140,+3.23, +1.774, +9.269,+0.991
1651783200,+3.23, +1.774, +9.262,+0.991
1651783260,+3.23, +1.785, +9.252,+0.990
1651783320,+3.23, +1.817, +9.249,+0.991
1651783380,+3.23, +1.742, +9.285,+0.991
1651783440,+3.23, +1.796, +9.258,+0.991
1651783500,+3.23, +1.774, +9.261,+0.990
1651783560,+3.23, +1.753, +9.277,+0.991
1651783620,+3.23, +1.742, +9.270,+0.990
1651783680,+3.23, +1.742, +9.270,+0.990
1651783740,+3.23, +1.721, +9.271,+0.990
1651783800,+3.23, +1.732, +9.276,+0.991
1651783860,+3.23, +1.721, +9.284,+0.991
1651783920,+3.23, +1.732, +9.266,+0.990
1651783980,+3.23, +1.721, +9.273,+0.990
1651784040,+3.23, +1.732, +9.262,+0.990
1651784100,+3.23, +1.710, +9.277,+0.990
1651784160,+3.23, +1.732, +9.263,+0.990
1651784220,+3.23, +1.689, +9.283,+0.990
1651784280,+3.23, +1.732, +9.280,+0.991
1651784340,+3.23, +1.721, +9.277,+0.990
1651784400,+3.23, +1.742, +9.267,+0.990
1651784460,+3.23, +1.721, +9.278,+0.991
1651784520,+3.23, +1.753, +9.277,+0.991
1651784580,+3.23, +1.774, +9.251,+0.990
1651784640,+3.23, +1.732, +9.277,+0.991
1651784700,+3.23, +1.774, +9.258,+0.991
1651784760,+3.23, +1.753, +9.263,+0.990
1651784820,+3.23, +1.742, +9.268,+0.991
1651784880,+3.23, +1.774, +9.255,+0.990
1651784940,+3.23, +1.742, +9.269,+0.990
1651785000,+3.23, +1.785, +9.251,+0.991
1651785060,+3.23, +1.764, +9.250,+0.990
1651785120,+3.23, +1.774, +9.263,+0.991
1651785180,+3.23, +1.785, +9.261,+0.991
1651785240,+3.23, +1.774, +9.255,+0.990
1651785300,+3.23, +1.753, +9.263,+0.991
1651785360,+3.23, +1.764, +9.282,+0.992
1651785420,+3.23, +1.785, +9.251,+0.990
1651785480,+3.23, +1.764, +9.269,+0.991
1651785540,+3.23, +1.774, +9.260,+0.990
1651785600,+3.23, +1.764, +9.253,+0.990
1651785660,+3.23, +1.774, +9.262,+0.991
1651785720,+3.23, +1.774, +9.266,+0.991
1651785780,+3.23, +1.774, +9.252,+0.990
1651785840,+3.23, +1.806, +9.254,+0.991
1651785900,+3.23, +1.785, +9.251,+0.991
1651785960,+3.23, +1.796, +9.253,+0.991
1651786020,+3.23, +1.764, +9.265,+0.991
1651786080,+3.23, +1.774, +9.261,+0.990
1651786140,+3.23, +1.785, +9.263,+0.991
1651786200,+3.23, +1.774, +9.259,+0.990
1651786260,+3.23, +1.774, +9.254,+0.990
1651786320,+3.23, +1.774, +9.266,+0.991
1651786380,+3.23, +1.785, +9.269,+0.991
1651786440,+3.23, +1.774, +9.258,+0.991
1651786500,+3.23, +1.817, +9.249,+0.991
1651786560,+3.23, +1.785, +9.258,+0.991
1651786620,+3.23, +1.785, +9.258,+0.991
1651786680,+3.23, +1.774, +9.245,+0.990
1651786740,+3.23, +1.753, +9.276,+0.991
1651786800,+3.23, +1.774, +9.258,+0.991
1651786860,+3.23, +1.774, +9.263,+0.991
1651786920,+3.23, +1.785, +9.245,+0.991
1651786980,+3.23, +1.806, +9.237,+0.990
1651787040,+3.23, +1.828, +9.243,+0.991
1651787100,+3.23, +1.796, +9.252,+0.991
1651787160,+3.23, +1.796, +9.245,+0.990
1651787220,+3.23, +1.796, +9.253,+0.991
1651787280,+3.23, +1.817, +9.248,+0.991
1651787340,+3.23, +1.785, +9.255,+0.991
1651787400,+3.23, +1.817, +9.234,+0.991
1651787460,+3.23, +1.764, +9.266,+0.991
1651787520,+3.23, +1.806, +9.251,+0.991
1651787580,+3.23, +1.742, +9.270,+0.991
1651787640,+3.23, +1.785, +9.242,+0.991
1651787700,+3.23, +1.796, +9.235,+0.991
1651787760,+3.23, +1.774, +9.236,+0.990
1651787820,+3.23, +1.764, +9.232,+0.990
1651787880,+3.23, +1.764, +9.252,+0.991
1651787940,+3.23, +1.796, +9.232,+0.991
1651788000,+3.23, +1.796, +9.243,+0.991
1651788060,+3.23, +1.764, +9.246,+0.991
1651788120,+3.23, +1.774, +9.246,+0.991
1651788180,+3.23, +1.785, +9.254,+0.991
1651788240,+3.23, +1.796, +9.247,+0.991
1651788300,+3.23, +1.764, +9.254,+0.991
1651788360,+3.23, +1.774, +9.267,+0.992
1651788420,+3.23, +1.753, +9.244,+0.990
1651788480,+3.23, +1.774, +9.241,+0.991
1651788540,+3.23, +1.764, +9.247,+0.991
1651788600,+3.23, +1.774, +9.233,+0.990
1651788660,+3.23, +1.785, +9.235,+0.990
1651788720,+3.23, +1.774, +9.239,+0.990
1651788780,+3.23, +1.753, +9.258,+0.991
1651788840,+3.23, +1.764, +9.246,+0.991
1651788900,+3.23, +1.764, +9.248,+0.991
1651788960,+3.23, +1.753, +9.252,+0.991
1651789020,+3.23, +1.753, +9.268,+0.991
1651789080,+3.23, +1.764, +9.269,+0.991
1651789140,+3.23, +1.774, +9.247,+0.991
1651789200,+3.23, +1.764, +9.254,+0.991
1651789260,+3.23, +1.774, +9.236,+0.990
1651789320,+3.23, +1.753, +9.262,+0.991
1651789380,+3.23, +1.774, +9.243,+0.991
1651789440,+3.23, +1.721, +9.279,+0.992
1651789500,+3.23, +1.764, +9.253,+0.991
1651789560,+3.23, +1.753, +9.250,+0.991
1651789620,+3.23, +1.742, +9.255,+0.991
1651789680,+3.23, +1.774, +9.238,+0.990
1651789740,+3.23, +1.721, +9.261,+0.991
1651789800,+3.23, +1.732, +9.251,+0.990
1651789860,+3.23, +1.732, +9.256,+0.990
1651789920,+3.23, +1.753, +9.243,+0.990
1651789980,+3.23, +1.732, +9.263,+0.991
1651790040,+3.23, +1.732, +9.263,+0.991
1651790100,+3.23, +1.774, +9.247,+0.991
1651790160,+3.23, +1.764, +9.265,+0.991
1651790220,+3.23, +1.721, +9.258,+0.990
1651790280,+3.23, +1.764, +9.249,+0.991
1651790340,+3.23, +1.742, +9.254,+0.991
1651790400,+3.23, +1.732, +9.262,+0.991
1651790460,+3.23, +1.646, +9.301,+0.991
1651790520,+3.23, +1.742, +9.255,+0.991
1651790580,+3.23, +1.742, +9.253,+0.991
1651790640,+3.23, +1.732, +9.259,+0.991
1651790700,+3.23, +1.742, +9.242,+0.990
1651790760,+3.23, +1.721, +9.249,+0.990
1651790820,+3.23, +1.732, +9.253,+0.991
1651790880,+3.23, +1.732, +9.256,+0.991
1651790940,+3.23, +1.710, +9.259,+0.991
1651791000,+3.23, +1.742, +9.248,+0.991
1651791060,+3.23, +1.700, +9.270,+0.991
1651791120,+3.23, +1.700, +9.257,+0.990
1651791180,+3.23, +1.742, +9.230,+0.990
1651791240,+3.23, +1.710, +9.263,+0.991
1651791300,+3.23, +1.732, +9.252,+0.991
1651791360,+3.23, +1.710, +9.253,+0.991
1651791420,+3.23, +1.721, +9.253,+0.991
1651791480,+3.23, +1.700, +9.259,+0.991
1651791540,+3.23, +1.721, +9.262,+0.991
1651791600,+3.23, +1.732, +9.247,+0.991
1651791660,+3.23, +1.700, +9.261,+0.991
1651791720,+3.23, +1.710, +9.255,+0.991
1651791780,+3.23, +1.689, +9.266,+0.991
1651791840,+3.23, +1.689, +9.274,+0.991
1651791900,+3.23, +1.700, +9.262,+0.991
1651791960,+3.23, +1.668, +9.268,+0.991
1651792020,+3.23, +1.721, +9.244,+0.991
1651792080,+3.23, +1.721, +9.251,+0.991
1651792140,+3.23, +1.678, +9.262,+0.991
1651792200,+3.23, +1.700, +9.248,+0.991
1651792260,+3.23, +1.689, +9.244,+0.990
1651792320,+3.23, +1.689, +9.257,+0.991
1651792380,+3.23, +1.678, +9.263,+0.991
1651792440,+3.23, +1.700, +9.249,+0.991
1651792500,+3.23, +1.710, +9.254,+0.991
1651792560,+3.23, +1.710, +9.255,+0.991
1651792620,+3.23, +1.689, +9.252,+0.991
1651792680,+3.23, +1.668, +9.276,+0.991
1651792740,+3.23, +1.700, +9.258,+0.991
1651792800,+3.23, +1.721, +9.242,+0.991
1651792860,+3.23, +1.700, +9.255,+0.991
1651792920,+3.23, +1.668, +9.255,+0.990
1651792980,+3.23, +1.689, +9.252,+0.991
1651793040,+3.23, +1.721, +9.245,+0.991
1651793100,+3.23, +1.689, +9.255,+0.991
1651793160,+3.23, +1.689, +9.256,+0.991
1651793220,+3.23, +1.689, +9.264,+0.991
1651793280,+3.23, +1.678, +9.253,+0.990
1651793340,+3.23, +1.700, +9.244,+0.991
1651793400,+3.23, +1.700, +9.257,+0.991
1651793460,+3.23, +1.689, +9.255,+0.991
1651793520,+3.23, +1.689, +9.253,+0.991
1651793580,+3.23, +1.721, +9.248,+0.991
1651793640,+3.23, +1.721, +9.235,+0.991
1651793700,+3.23, +1.700, +9.259,+0.992
1651793760,+3.23, +1.657, +9.267,+0.991
1651793820,+3.23, +1.700, +9.242,+0.991
1651793880,+3.23, +1.678, +9.257,+0.991
1651793940,+3.23, +1.700, +9.255,+0.991
1651794000,+3.23, +1.700, +9.245,+0.991
1651794060,+3.23, +1.668, +9.259,+0.990
1651794120,+3.23, +1.678, +9.260,+0.991
1651794180,+3.23, +1.700, +9.254,+0.991
1651794240,+3.23, +1.689, +9.249,+0.990
1651794300,+3.23, +1.678, +9.245,+0.990
1651794360,+3.23, +1.678, +9.255,+0.991
1651794420,+3.23, +1.668, +9.243,+0.990
1651794480,+3.23, +1.721, +9.246,+0.991
1651794540,+3.23, +1.646, +9.270,+0.991
1651794600,+3.23, +1.668, +9.267,+0.991
1651794660,+3.23, +1.646, +9.262,+0.990
1651794720,+3.23, +1.668, +9.266,+0.991
1651794780,+3.23, +1.678, +9.251,+0.991
1651794840,+3.23, +1.678, +9.255,+0.991
1651794900,+3.23, +1.668, +9.262,+0.991
1651794960,+3.23, +1.657, +9.256,+0.990
1651795020,+3.23, +1.689, +9.254,+0.991
1651795080,+3.23, +1.689, +9.237,+0.990
1651795140,+3.23, +1.689, +9.255,+0.991
1651795200,+3.23, +1.678, +9.255,+0.991
1651795260,+3.23, +1.700, +9.256,+0.991
1651795320,+3.23, +1.636, +9.265,+0.991
1651795380,+3.23, +1.657, +9.280,+0.991
1651795440,+3.23, +1.614, +9.275,+0.991
1651795500,+3.23, +1.657, +9.265,+0.991
1651795560,+3.23, +1.678, +9.251,+0.991
1651795620,+3.23, +1.678, +9.256,+0.991
1651795680,+3.23, +1.636, +9.262,+0.990
1651795740,+3.23, +1.668, +9.257,+0.991
1651795800,+3.23, +1.646, +9.262,+0.991
1651795860,+3.23, +1.657, +9.265,+0.991
1651795920,+3.23, +1.646, +9.254,+0.991
1651795980,+3.23, +1.657, +9.264,+0.991
1651796040,+3.23, +1.646, +9.259,+0.991
1651796100,+3.23, +1.646, +9.267,+0.991
1651796160,+3.23, +1.668, +9.251,+0.991
1651796220,+3.23, +1.657, +9.253,+0.991
1651796280,+3.23, +1.625, +9.273,+0.991
1651796340,+3.23, +1.689, +9.249,+0.991
1651796400,+3.23, +1.646, +9.265,+0.991
1651796460,+3.23, +1.646, +9.260,+0.991
1651796520,+3.23, +1.614, +9.275,+0.991
1651796580,+3.23, +1.636, +9.258,+0.990
1651796640,+3.23, +1.657, +9.265,+0.991
1651796700,+3.23, +1.668, +9.249,+0.991
1651796760,+3.23, +1.657, +9.268,+0.991
1651796820,+3.23, +1.646, +9.265,+0.991
1651796880,+3.23, +1.646, +9.260,+0.991
1651796940,+3.23, +1.625, +9.279,+0.991
1651797000,+3.23, +1.636, +9.267,+0.991
1651797060,+3.23, +1.636, +9.264,+0.990
1651797120,+3.23, +1.646, +9.265,+0.991
1651797180,+3.23, +1.636, +9.261,+0.990
1651797240,+3.23, +1.668, +9.253,+0.991
1651797300,+3.23, +1.646, +9.254,+0.991
1651797360,+3.23, +1.636, +9.263,+0.991
1651797420,+3.23, +1.646, +9.255,+0.991
1651797480,+3.23, +1.636, +9.270,+0.991
1651797540,+3.23, +1.636, +9.268,+0.991
1651797600,+3.23, +1.614, +9.276,+0.991
1651797660,+3.23, +1.614, +9.270,+0.990
1651797720,+3.23, +1.625, +9.272,+0.991
1651797780,+3.23, +1.625, +9.267,+0.991
1651797840,+3.23, +1.625, +9.257,+0.990
1651797900,+3.23, +1.625, +9.256,+0.990
1651797960,+3.23, +1.636, +9.253,+0.990
1651798020,+3.23, +1.636, +9.271,+0.991
1651798080,+3.23, +1.614, +9.267,+0.991
1651798140,+3.23, +1.636, +9.253,+0.990
1651798200,+3.23, +1.614, +9.286,+0.992
1651798260,+3.23, +1.636, +9.272,+0.992
1651798320,+3.23, +1.625, +9.274,+0.991
1651798380,+3.23, +1.571, +9.294,+0.991
1651798440,+3.23, +1.582, +9.283,+0.990
1651798500,+3.23, +1.604, +9.281,+0.991
1651798560,+3.23, +1.604, +9.283,+0.991
1651798620,+3.23, +1.625, +9.282,+0.992
1651798680,+3.23, +1.582, +9.289,+0.991
1651798740,+3.23, +1.561, +9.288,+0.991
1651798800,+3.23, +1.571, +9.285,+0.991
1651798860,+3.23, +1.625, +9.258,+0.991
1651798920,+3.23, +1.561, +9.287,+0.990
1651798980,+3.23, +1.550, +9.291,+0.990
1651799040,+3.23, +1.561, +9.285,+0.991
1651799100,+3.23, +1.571, +9.275,+0.991
1651799160,+3.23, +1.561, +9.284,+0.991
1651799220,+3.23, +1.571, +9.276,+0.990
1651799280,+3.23, +1.561, +9.282,+0.991
1651799340,+3.23, +1.539, +9.296,+0.991
1651799400,+3.23, +1.550, +9.296,+0.991
1651799460,+3.23, +1.571, +9.285,+0.991
1651799520,+3.23, +1.571, +9.274,+0.990
1651799580,+3.23, +1.550, +9.294,+0.991
1651799640,+3.23, +1.550, +9.294,+0.991
1651799700,+3.23, +1.561, +9.291,+0.991
1651799760,+3.23, +1.550, +9.290,+0.991
1651799820,+3.23, +1.550, +9.289,+0.991
1651799880,+3.23, +1.582, +9.265,+0.990
1651799940,+3.23, +1.571, +9.277,+0.991
1651800000,+3.23, +1.593, +9.269,+0.991
1651800060,+3.23, +1.561, +9.294,+0.991
1651800120,+3.23, +1.571, +9.284,+0.991
1651800180,+3.23, +1.571, +9.276,+0.991
1651800240,+3.23, +1.593, +9.282,+0.991
1651800300,+3.23, +1.593, +9.265,+0.991
1651800360,+3.23, +1.593, +9.266,+0.990
1651800420,+3.23, +1.582, +9.285,+0.991
1651800480,+3.23, +1.593, +9.273,+0.991
1651800540,+3.23, +1.582, +9.277,+0.990
1651800600,+3.23, +1.625, +9.263,+0.991
1651800660,+3.23, +1.593, +9.266,+0.991
1651800720,+3.23, +1.571, +9.287,+0.991
1651800780,+3.23, +1.571, +9.277,+0.990
1651800840,+3.23, +1.593, +9.279,+0.991
1651800900,+3.23, +1.582, +9.283,+0.991
1651800960,+3.23, +1.582, +9.273,+0.991
1651801020,+3.23, +1.593, +9.265,+0.990
1651801080,+3.23, +1.571, +9.291,+0.991
1651801140,+3.23, +1.550, +9.296,+0.991
1651801200,+3.23, +1.571, +9.294,+0.991
1651801260,+3.23, +1.561, +9.296,+0.991
1651801320,+3.23, +1.571, +9.283,+0.991
1651801380,+3.23, +1.625, +9.269,+0.991
1651801440,+3.23, +1.593, +9.281,+0.991
1651801500,+3.23, +1.571, +9.279,+0.991
1651801560,+3.23, +1.593, +9.259,+0.990
1651801620,+3.23, +1.582, +9.272,+0.990
1651801680,+3.23, +1.582, +9.280,+0.991
1651801740,+3.23, +1.561, +9.279,+0.991
1651801800,+3.23, +1.486, +9.313,+0.991
1651801860,+3.23, +1.582, +9.274,+0.990
1651801920,+3.23, +1.571, +9.267,+0.990
1651801980,+3.23, +1.593, +9.265,+0.991
1651802040,+3.23, +1.571, +9.294,+0.991
1651802100,+3.23, +1.593, +9.257,+0.990
1651802160,+3.23, +1.561, +9.283,+0.990
1651802220,+3.23, +1.582, +9.275,+0.990
1651802280,+3.23, +1.582, +9.285,+0.991
1651802340,+3.23, +1.571, +9.274,+0.990
1651802400,+3.23, +1.604, +9.273,+0.991
1651802460,+3.23, +1.571, +9.280,+0.991
1651802520,+3.23, +1.582, +9.270,+0.991
1651802580,+3.23, +1.571, +9.279,+0.991
1651802640,+3.23, +1.571, +9.274,+0.991
1651802700,+3.23, +1.571, +9.278,+0.991
1651802760,+3.23, +1.550, +9.296,+0.991
1651802820,+3.23, +1.561, +9.285,+0.991
1651802880,+3.23, +1.571, +9.289,+0.991
1651802940,+3.23, +1.593, +9.270,+0.991
1651803000,+3.23, +1.550, +9.289,+0.991
1651803060,+3.23, +1.571, +9.293,+0.992
1651803120,+3.23, +1.550, +9.292,+0.991
1651803180,+3.23, +1.539, +9.289,+0.991
1651803240,+3.23, +1.582, +9.273,+0.991
1651803300,+3.23, +1.550, +9.272,+0.990
1651803360,+3.23, +1.582, +9.274,+0.991
1651803420,+3.23, +1.593, +9.280,+0.991
1651803480,+3.23, +1.550, +9.291,+0.991
1651803540,+3.23, +1.571, +9.263,+0.990
1651803600,+3.23, +1.561, +9.287,+0.991
1651803660,+3.23, +1.561, +9.275,+0.991
1651803720,+3.23, +1.539, +9.295,+0.991
1651803780,+3.23, +1.539, +9.291,+0.991
1651803840,+3.23, +1.571, +9.283,+0.991
1651803900,+3.23, +1.571, +9.281,+0.991
1651803960,+3.23, +1.561, +9.285,+0.991
1651804020,+3.23, +1.550, +9.288,+0.991
1651804080,+3.23, +1.529, +9.308,+0.991
1651804140,+3.23, +1.539, +9.286,+0.991
1651804200,+3.23, +1.582, +9.280,+0.991
1651804260,+3.23, +1.582, +9.271,+0.991
1651804320,+3.23, +1.571, +9.287,+0.991
1651804380,+3.23, +1.561, +9.276,+0.990
1651804440,+3.23, +1.550, +9.288,+0.991
1651804500,+3.23, +1.539, +9.308,+0.991
1651804560,+3.23, +1.550, +9.290,+0.991
1651804620,+3.23, +1.571, +9.275,+0.991
1651804680,+3.23, +1.529, +9.294,+0.991
1651804740,+3.23, +1.539, +9.288,+0.991
1651804800,+3.23, +1.550, +9.275,+0.990
1651804860,+3.23, +1.550, +9.290,+0.991
1651804920,+3.23, +1.550, +9.288,+0.991
1651804980,+3.23, +1.550, +9.282,+0.991
1651805040,+3.23, +1.561, +9.284,+0.991
1651805100,+3.23, +1.539, +9.278,+0.990
1651805160,+3.23, +1.571, +9.280,+0.991
1651805220,+3.23, +1.550, +9.290,+0.991
1651805280,+3.23, +1.550, +9.287,+0.990
1651805340,+3.23, +1.539, +9.281,+0.990
1651805400,+3.23, +1.550, +9.291,+0.991
1651805460,+3.23, +1.539, +9.281,+0.990
1651805520,+3.23, +1.571, +9.274,+0.991
1651805580,+3.23, +1.539, +9.293,+0.991
1651805640,+3.23, +1.561, +9.276,+0.991
1651805700,+3.23, +1.550, +9.271,+0.990
1651805760,+3.23, +1.539, +9.287,+0.991
1651805820,+3.23, +1.561, +9.285,+0.991
1651805880,+3.23, +1.529, +9.284,+0.990
1651805940,+3.23, +1.507, +9.299,+0.991
1651806000,+3.23, +1.507, +9.292,+0.990
1651806060,+3.23, +1.550, +9.274,+0.990
1651806120,+3.23, +1.550, +9.289,+0.991
1651806180,+3.23, +1.529, +9.285,+0.991
1651806240,+3.23, +1.539, +9.283,+0.991
1651806300,+3.23, +1.550, +9.284,+0.991
1651806360,+3.23, +1.507, +9.285,+0.990
1651806420,+3.23, +1.507, +9.308,+0.991
1651806480,+3.23, +1.529, +9.302,+0.991
1651806540,+3.23, +1.539, +9.290,+0.991
1651806600,+3.23, +1.507, +9.301,+0.991
1651806660,+3.23, +1.507, +9.289,+0.990
1651806720,+3.23, +1.539, +9.287,+0.991
1651806780,+3.23, +1.518, +9.296,+0.991
1651806840,+3.23, +1.539, +9.291,+0.991
1651806900,+3.23, +1.539, +9.288,+0.991
1651806960,+3.23, +1.539, +9.283,+0.991
1651807020,+3.23, +1.529, +9.292,+0.991
1651807080,+3.23, +1.550, +9.285,+0.991
1651807140,+3.23, +1.529, +9.295,+0.991
1651807200,+3.23, +1.539, +9.277,+0.991
1651807260,+3.23, +1.486, +9.310,+0.991
1651807320,+3.23, +1.539, +9.289,+0.991
1651807380,+3.23, +1.529, +9.304,+0.991
1651807440,+3.23, +1.550, +9.289,+0.991
1651807500,+3.23, +1.518, +9.299,+0.991
1651807560,+3.23, +1.539, +9.274,+0.990
1651807620,+3.23, +1.550, +9.280,+0.991
1651807680,+3.23, +1.529, +9.283,+0.990
1651807740,+3.23, +1.529, +9.298,+0.991
1651807800,+3.23, +1.529, +9.298,+0.991
1651807860,+3.23, +1.529, +9.288,+0.990
1651807920,+3.23, +1.518, +9.301,+0.991
1651807980,+3.23, +1.539, +9.291,+0.991
1651808040,+3.23, +1.518, +9.287,+0.991
1651808100,+3.23, +1.529, +9.296,+0.991
1651808160,+3.23, +1.539, +9.279,+0.991
1651808220,+3.23, +1.507, +9.311,+0.991
1651808280,+3.23, +1.529, +9.298,+0.991
1651808340,+3.23, +1.539, +9.291,+0.991
1651808400,+3.23, +1.539, +9.304,+0.992
1651808460,+3.23, +1.529, +9.296,+0.991
1651808520,+3.23, +1.550, +9.292,+0.991
1651808580,+3.23, +1.518, +9.297,+0.991
1651808640,+3.23, +1.539, +9.284,+0.990
1651808700,+3.23, +1.518, +9.307,+0.991
1651808760,+3.23, +1.475, +9.318,+0.991
1651808820,+3.23, +1.496, +9.305,+0.991
1651808880,+3.23, +1.518, +9.305,+0.991
1651808940,+3.23, +1.518, +9.297,+0.991
1651809000,+3.23, +1.539, +9.282,+0.991
1651809060,+3.23, +1.507, +9.299,+0.991
1651809120,+3.23, +1.507, +9.303,+0.991
1651809180,+3.23, +1.529, +9.293,+0.991
1651809240,+3.23, +1.539, +9.284,+0.991
1651809300,+3.23, +1.507, +9.288,+0.991
1651809360,+3.23, +1.529, +9.288,+0.991
1651809420,+3.23, +1.507, +9.300,+0.991
1651809480,+3.23, +1.529, +9.299,+0.991
1651809540,+3.23, +1.539, +9.290,+0.991
1651809600,+3.23, +1.507, +9.292,+0.990
1651809660,+3.23, +1.529, +9.295,+0.991
1651809720,+3.23, +1.529, +9.294,+0.991
1651809780,+3.23, +1.529, +9.300,+0.991
1651809840,+3.23, +1.539, +9.276,+0.990
1651809900,+3.23, +1.529, +9.292,+0.991
1651809960,+3.23, +1.518, +9.287,+0.991
1651810020,+3.23, +1.518, +9.293,+0.991
1651810080,+3.23, +1.539, +9.289,+0.991
1651810140,+3.23, +1.539, +9.288,+0.991
1651810200,+3.23, +1.475, +9.308,+0.991
1651810260,+3.23, +1.529, +9.270,+0.991
1651810320,+3.23, +1.496, +9.306,+0.991
1651810380,+3.23, +1.529, +9.290,+0.991
1651810440,+3.23, +1.496, +9.298,+0.991
1651810500,+3.23, +1.486, +9.298,+0.990
1651810560,+3.23, +1.518, +9.288,+0.991
1651810620,+3.23, +1.529, +9.290,+0.991
1651810680,+3.23, +1.507, +9.301,+0.991
1651810740,+3.23, +1.507, +9.314,+0.992
1651810800,+3.23, +1.486, +9.311,+0.991
1651810860,+3.23, +1.571, +9.279,+0.991
1651810920,+3.23, +1.486, +9.300,+0.991
1651810980,+3.23, +1.464, +9.325,+0.991
1651811040,+3.23, +1.518, +9.287,+0.990
1651811100,+3.23, +1.518, +9.282,+0.990
1651811160,+3.23, +1.464, +9.321,+0.991
1651811220,+3.23, +1.539, +9.286,+0.991
1651811280,+3.23, +1.518, +9.269,+0.990
1651811340,+3.23, +1.529, +9.286,+0.991
1651811400,+3.23, +1.507, +9.298,+0.991
1651811460,+3.23, +1.550, +9.277,+0.990
1651811520,+3.23, +1.496, +9.287,+0.990
1651811580,+3.23, +1.475, +9.317,+0.991
1651811640,+3.23, +1.539, +9.282,+0.991
1651811700,+3.23, +1.496, +9.306,+0.991
1651811760,+3.23, +1.486, +9.304,+0.991
1651811820,+3.23, +1.518, +9.298,+0.991
1651811880,+3.23, +1.496, +9.301,+0.991
1651811940,+3.23, +1.529, +9.289,+0.991
1651812000,+3.23, +1.507, +9.300,+0.991
1651812060,+3.23, +1.507, +9.291,+0.991
1651812120,+3.23, +1.475, +9.306,+0.991
1651812180,+3.23, +1.507, +9.297,+0.991
1651812240,+3.23, +1.518, +9.293,+0.991
1651812300,+3.23, +1.496, +9.307,+0.991
1651812360,+3.23, +1.486, +9.302,+0.991
1651812420,+3.23, +1.496, +9.286,+0.990
1651812480,+3.23, +1.507, +9.308,+0.991
1651812540,+3.23, +1.518, +9.299,+0.991
1651812600,+3.23, +1.486, +9.303,+0.991
1651812660,+3.23, +1.518, +9.308,+0.992
1651812720,+3.23, +1.507, +9.287,+0.990
1651812780,+3.23, +1.464, +9.310,+0.991
1651812840,+3.23, +1.507, +9.294,+0.991
1651812900,+3.23, +1.507, +9.290,+0.990
1651812960,+3.23, +1.507, +9.309,+0.992
1651813020,+3.23, +1.507, +9.299,+0.991
1651813080,+3.23, +1.464, +9.314,+0.991
1651813140,+3.23, +1.486, +9.296,+0.990
1651813200,+3.23, +1.518, +9.294,+0.991
1651813260,+3.23, +1.518, +9.298,+0.991
1651813320,+3.23, +1.464, +9.314,+0.991
1651813380,+3.23, +1.507, +9.287,+0.990
1651813440,+3.23, +1.486, +9.299,+0.991
1651813500,+3.23, +1.475, +9.315,+0.991
1651813560,+3.23, +1.507, +9.308,+0.992
1651813620,+3.23, +1.486, +9.315,+0.991
1651813680,+3.23, +1.518, +9.286,+0.991
1651813740,+3.23, +1.507, +9.304,+0.991
1651813800,+3.23, +1.496, +9.310,+0.991
1651813860,+3.23, +1.486, +9.307,+0.991
1651813920,+3.23, +1.486, +9.309,+0.991
1651813980,+3.23, +1.464, +9.320,+0.991
1651814040,+3.23, +1.475, +9.301,+0.991
1651814100,+3.23, +1.475, +9.307,+0.991
1651814160,+3.23, +1.475, +9.307,+0.991
1651814220,+3.23, +1.486, +9.299,+0.990
1651814280,+3.23, +1.454, +9.301,+0.990
1651814340,+3.23, +1.475, +9.297,+0.991
1651814400,+3.23, +1.486, +9.308,+0.991
1651814460,+3.23, +1.464, +9.309,+0.991
1651814520,+3.23, +1.518, +9.307,+0.991
1651814580,+3.23, +1.475, +9.311,+0.991
1651814640,+3.23, +1.464, +9.303,+0.991
1651814700,+3.23, +1.464, +9.318,+0.991
1651814760,+3.23, +1.496, +9.303,+0.991
1651814820,+3.23, +1.464, +9.304,+0.991
1651814880,+3.23, +1.486, +9.311,+0.991
1651814940,+3.23, +1.464, +9.310,+0.991
1651815000,+3.23, +1.486, +9.300,+0.991
1651815060,+3.23, +1.486, +9.301,+0.991
1651815120,+3.23, +1.486, +9.302,+0.991
1651815180,+3.23, +1.454, +9.305,+0.990
1651815240,+3.23, +1.496, +9.304,+0.991
1651815300,+3.23, +1.507, +9.289,+0.991
1651815360,+3.23, +1.507, +9.298,+0.991
1651815420,+3.23, +1.475, +9.303,+0.990
1651815480,+3.23, +1.475, +9.308,+0.991
1651815540,+3.23, +1.486, +9.302,+0.991
1651815600,+3.23, +1.486, +9.300,+0.991
1651815660,+3.23, +1.464, +9.314,+0.991
1651815720,+3.23, +1.496, +9.300,+0.991
1651815780,+3.23, +1.475, +9.310,+0.991
1651815840,+3.23, +1.475, +9.306,+0.990
1651815900,+3.23, +1.475, +9.298,+0.991
1651815960,+3.23, +1.454, +9.312,+0.991
1651816020,+3.23, +1.454, +9.317,+0.991
1651816080,+3.23, +1.464, +9.317,+0.991
1651816140,+3.23, +1.464, +9.304,+0.991
1651816200,+3.23, +1.475, +9.290,+0.990
1651816260,+3.23, +1.486, +9.301,+0.991
1651816320,+3.23, +1.464, +9.312,+0.991
1651816380,+3.23, +1.529, +9.275,+0.991
1651816440,+3.23, +1.464, +9.320,+0.991
1651816500,+3.23, +1.454, +9.313,+0.991
1651816560,+3.23, +1.464, +9.304,+0.991
1651816620,+3.23, +1.486, +9.299,+0.991
1651816680,+3.23, +1.464, +9.306,+0.991
1651816740,+3.23, +1.475, +9.304,+0.991
1651816800,+3.23, +1.464, +9.314,+0.991
1651816860,+3.23, +1.475, +9.301,+0.991
1651816920,+3.23, +1.475, +9.290,+0.990
1651816980,+3.23, +1.454, +9.324,+0.992
1651817040,+3.23, +1.443, +9.315,+0.991
1651817100,+3.23, +1.464, +9.312,+0.991
1651817160,+3.23, +1.443, +9.306,+0.990
1651817220,+3.23, +1.421, +9.321,+0.990
1651817280,+3.23, +1.443, +9.315,+0.991
1651817340,+3.23, +1.464, +9.298,+0.990
1651817400,+3.23, +1.454, +9.306,+0.991
1651817460,+3.23, +1.421, +9.333,+0.991
1651817520,+3.23, +1.464, +9.314,+0.991
1651817580,+3.23, +1.464, +9.305,+0.991
1651817640,+3.23, +1.421, +9.320,+0.991
1651817700,+3.23, +1.443, +9.307,+0.990
1651817760,+3.23, +1.496, +9.271,+0.990
1651817820,+3.23, +1.464, +9.295,+0.990
1651817880,+3.23, +1.454, +9.302,+0.991
1651817940,+3.23, +1.421, +9.318,+0.991
1651818000,+3.23, +1.454, +9.315,+0.991
1651818060,+3.23, +1.432, +9.325,+0.991
1651818120,+3.23, +1.432, +9.316,+0.991
1651818180,+3.23, +1.421, +9.313,+0.991
1651818240,+3.23, +1.432, +9.314,+0.991
1651818300,+3.23, +1.464, +9.295,+0.990
1651818360,+3.23, +1.454, +9.309,+0.991
1651818420,+3.23, +1.454, +9.303,+0.991
1651818480,+3.23, +1.421, +9.308,+0.990
1651818540,+3.23, +1.454, +9.317,+0.991
1651818600,+3.23, +1.464, +9.307,+0.991
1651818660,+3.23, +1.389, +9.324,+0.991
1651818720,+3.23, +1.454, +9.305,+0.991
1651818780,+3.23, +1.432, +9.295,+0.990
1651818840,+3.23, +1.432, +9.313,+0.991
1651818900,+3.23, +1.443, +9.313,+0.991
1651818960,+3.23, +1.475, +9.297,+0.991
1651819020,+3.23, +1.421, +9.321,+0.991
1651819080,+3.23, +1.464, +9.304,+0.991
1651819140,+3.23, +1.454, +9.315,+0.991
1651819200,+3.23, +1.421, +9.321,+0.991
1651819260,+3.23, +1.464, +9.288,+0.990
1651819320,+3.23, +1.421, +9.311,+0.991
1651819380,+3.23, +1.454, +9.300,+0.991
1651819440,+3.23, +1.454, +9.302,+0.991
1651819500,+3.23, +1.454, +9.286,+0.990
1651819560,+3.23, +1.443, +9.319,+0.991
1651819620,+3.23, +1.443, +9.323,+0.992
1651819680,+3.23, +1.443, +9.300,+0.991
1651819740,+3.23, +1.432, +9.301,+0.991
1651819800,+3.23, +1.454, +9.297,+0.991
1651819860,+3.23, +1.421, +9.309,+0.991
1651819920,+3.23, +1.421, +9.308,+0.991
1651819980,+3.23, +1.432, +9.294,+0.990
1651820040,+3.23, +1.432, +9.304,+0.991
1651820100,+3.23, +1.443, +9.304,+0.991
1651820160,+3.23, +1.421, +9.298,+0.990
1651820220,+3.23, +1.411, +9.314,+0.991
1651820280,+3.23, +1.411, +9.316,+0.991
1651820340,+3.23, +1.400, +9.325,+0.991
1651820400,+3.23, +1.443, +9.289,+0.990
1651820460,+3.23, +1.454, +9.286,+0.990
1651820520,+3.23, +1.432, +9.295,+0.990
1651820580,+3.23, +1.400, +9.312,+0.991
1651820640,+3.23, +1.411, +9.316,+0.991
1651820700,+3.23, +1.432, +9.298,+0.990
1651820760,+3.23, +1.411, +9.306,+0.991
1651820820,+3.23, +1.475, +9.281,+0.991
1651820880,+3.23, +1.357, +9.327,+0.991
1651820940,+3.23, +1.432, +9.295,+0.990
1651821000,+3.23, +1.400, +9.316,+0.991
1651821060,+3.23, +1.411, +9.305,+0.990
1651821120,+3.23, +1.411, +9.317,+0.991
1651821180,+3.23, +1.421, +9.314,+0.991
1651821240,+3.23, +1.421, +9.310,+0.991
1651821300,+3.23, +1.432, +9.304,+0.991
1651821360,+3.23, +1.443, +9.304,+0.991
1651821420,+3.23, +1.432, +9.308,+0.991
1651821480,+3.23, +1.400, +9.317,+0.991
1651821540,+3.23, +1.421, +9.299,+0.990
1651821600,+3.23, +1.432, +9.305,+0.991
1651821660,+3.23, +1.400, +9.318,+0.991
1651821720,+3.23, +1.411, +9.310,+0.991
1651821780,+3.23, +1.454, +9.299,+0.991
1651821840,+3.23, +1.432, +9.292,+0.990
1651821900,+3.23, +1.421, +9.307,+0.991
1651821960,+3.23, +1.432, +9.302,+0.991
1651822020,+3.23, +1.421, +9.303,+0.991
1651822080,+3.23, +1.411, +9.318,+0.991
1651822140,+3.23, +1.411, +9.306,+0.990
1651822200,+3.23, +1.411, +9.303,+0.990
1651822260,+3.23, +1.411, +9.299,+0.990
1651822320,+3.23, +1.432, +9.309,+0.991
1651822380,+3.23, +1.411, +9.305,+0.990
1651822440,+3.23, +1.432, +9.297,+0.991
1651822500,+3.23, +1.389, +9.322,+0.991
1651822560,+3.23, +1.432, +9.307,+0.991
1651822620,+3.23, +1.400, +9.329,+0.991
1651822680,+3.23, +1.432, +9.303,+0.991
1651822740,+3.23, +1.432, +9.311,+0.991
1651822800,+3.23, +1.464, +9.276,+0.991
1651822860,+3.23, +1.443, +9.291,+0.991
1651822920,+3.23, +1.421, +9.316,+0.991
1651822980,+3.23, +1.454, +9.272,+0.990
1651823040,+3.23, +1.411, +9.300,+0.990
1651823100,+3.23, +1.432, +9.304,+0.991
1651823160,+3.23, +1.411, +9.302,+0.991
1651823220,+3.23, +1.421, +9.308,+0.991
1651823280,+3.23, +1.411, +9.306,+0.991
1651823340,+3.23, +1.421, +9.284,+0.990
1651823400,+3.23, +1.421, +9.308,+0.991
1651823460,+3.23, +1.432, +9.304,+0.991
1651823520,+3.23, +1.454, +9.297,+0.991
1651823580,+3.23, +1.454, +9.283,+0.991
1651823640,+3.23, +1.389, +9.324,+0.992
1651823700,+3.23, +1.432, +9.302,+0.991
1651823760,+3.23, +1.443, +9.288,+0.991
1651823820,+3.23, +1.389, +9.318,+0.991
1651823880,+3.23, +1.443, +9.283,+0.991
1651823940,+3.23, +1.378, +9.320,+0.991
1651824000,+3.23, +1.421, +9.290,+0.990
1651824060,+3.23, +1.432, +9.297,+0.991
1651824120,+3.23, +1.443, +9.292,+0.991
1651824180,+3.23, +1.389, +9.314,+0.991
1651824240,+3.23, +1.411, +9.300,+0.991
1651824300,+3.23, +1.400, +9.311,+0.991
1651824360,+3.23, +1.400, +9.320,+0.991
1651824420,+3.23, +1.432, +9.305,+0.992
1651824480,+3.23, +1.443, +9.288,+0.991
1651824540,+3.22, +1.443, +9.287,+0.991
1651824600,+3.23, +1.411, +9.307,+0.991
1651824660,+3.23, +1.432, +9.297,+0.991
1651824720,+3.23, +1.432, +9.303,+0.991
1651824780,+3.23, +1.411, +9.309,+0.991
1651824840,+3.23, +1.421, +9.303,+0.991
1651824900,+3.23, +1.443, +9.295,+0.991
1651824960,+3.23, +1.443, +9.285,+0.990
1651825020,+3.23, +1.432, +9.290,+0.991
1651825080,+3.23, +1.421, +9.305,+0.991
1651825140,+3.23, +1.432, +9.296,+0.991
1651825200,+3.23, +1.411, +9.308,+0.991
1651825260,+3.23, +1.432, +9.298,+0.991
1651825320,+3.23, +1.443, +9.292,+0.991
1651825380,+3.23, +1.432, +9.292,+0.991
1651825440,+3.23, +1.411, +9.308,+0.991
1651825500,+3.23, +1.432, +9.297,+0.991
1651825560,+3.23, +1.432, +9.301,+0.991
1651825620,+3.23, +1.432, +9.295,+0.991
1651825680,+3.23, +1.443, +9.294,+0.991
1651825740,+3.23, +1.411, +9.311,+0.991
1651825800,+3.23, +1.432, +9.288,+0.990
1651825860,+3.23, +1.421, +9.295,+0.991
1651825920,+3.23, +1.389, +9.313,+0.991
1651825980,+3.23, +1.421, +9.306,+0.991
1651826040,+3.23, +1.421, +9.304,+0.991
1651826100,+3.23, +1.443, +9.291,+0.991
1651826160,+3.23, +1.400, +9.311,+0.991
1651826220,+3.23, +1.443, +9.309,+0.992
1651826280,+3.23, +1.421, +9.303,+0.991
1651826340,+3.23, +1.400, +9.307,+0.991
1651826400,+3.23, +1.368, +9.331,+0.991
1651826460,+3.23, +1.411, +9.300,+0.991
1651826520,+3.23, +1.411, +9.303,+0.991
1651826580,+3.23, +1.411, +9.310,+0.991
1651826640,+3.23, +1.432, +9.311,+0.991
1651826700,+3.23, +1.421, +9.301,+0.991
1651826760,+3.23, +1.421, +9.303,+0.991
1651826820,+3.23, +1.400, +9.307,+0.991
1651826880,+3.23, +1.389, +9.307,+0.990
1651826940,+3.23, +1.432, +9.296,+0.991
1651827000,+3.23, +1.378, +9.310,+0.991
1651827060,+3.23, +1.400, +9.306,+0.991
1651827120,+3.23, +1.421, +9.301,+0.991
1651827180,+3.23, +1.421, +9.291,+0.990
1651827240,+3.23, +1.421, +9.294,+0.991
1651827300,+3.23, +1.432, +9.299,+0.991
1651827360,+3.23, +1.443, +9.298,+0.991
1651827420,+3.23, +1.432, +9.294,+0.991
1651827480,+3.23, +1.411, +9.292,+0.990
1651827540,+3.23, +1.421, +9.315,+0.992
1651827600,+3.23, +1.432, +9.288,+0.991
1651827660,+3.23, +1.411, +9.300,+0.991
1651827720,+3.23, +1.432, +9.284,+0.990
1651827780,+3.23, +1.432, +9.289,+0.991
1651827840,+3.23, +1.421, +9.301,+0.991
1651827900,+3.23, +1.443, +9.292,+0.991
1651827960,+3.23, +1.421, +9.298,+0.991
1651828020,+3.23, +1.421, +9.300,+0.991
1651828080,+3.23, +1.443, +9.293,+0.991
1651828140,+3.23, +1.378, +9.327,+0.991
1651828200,+3.23, +1.411, +9.301,+0.991
1651828260,+3.23, +1.421, +9.300,+0.991
1651828320,+3.23, +1.411, +9.308,+0.991
1651828380,+3.23, +1.432, +9.296,+0.991
1651828440,+3.23, +1.421, +9.293,+0.991
1651828500,+3.23, +1.443, +9.295,+0.991
1651828560,+3.23, +1.432, +9.288,+0.991
1651828620,+3.23, +1.400, +9.297,+0.990
1651828680,+3.23, +1.421, +9.286,+0.990
1651828740,+3.23, +1.389, +9.302,+0.990
1651828800,+3.23, +1.421, +9.300,+0.991
1651828860,+3.23, +1.421, +9.302,+0.991
1651828920,+3.23, +1.432, +9.279,+0.990
1651828980,+3.23, +1.421, +9.301,+0.991
1651829040,+3.23, +1.421, +9.300,+0.991
1651829100,+3.23, +1.411, +9.294,+0.991
1651829160,+3.23, +1.400, +9.305,+0.991
1651829220,+3.23, +1.357, +9.330,+0.991
1651829280,+3.23, +1.421, +9.295,+0.991
1651829340,+3.23, +1.411, +9.298,+0.991
1651829400,+3.23, +1.421, +9.291,+0.991
1651829460,+3.23, +1.411, +9.305,+0.991
1651829520,+3.23, +1.421, +9.285,+0.991
1651829580,+3.23, +1.454, +9.277,+0.991
1651829640,+3.23, +1.411, +9.297,+0.991
1651829700,+3.23, +1.421, +9.298,+0.991
1651829760,+3.23, +1.411, +9.293,+0.991
1651829820,+3.23, +1.411, +9.288,+0.991
1651829880,+3.23, +1.378, +9.300,+0.990
1651829940,+3.23, +1.368, +9.309,+0.990
1651830000,+3.23, +1.411, +9.289,+0.990
1651830060,+3.23, +1.432, +9.274,+0.990
1651830120,+3.23, +1.421, +9.277,+0.990
1651830180,+3.23, +1.411, +9.298,+0.991
1651830240,+3.23, +1.432, +9.292,+0.991
1651830300,+3.23, +1.421, +9.281,+0.990
1651830360,+3.23, +1.421, +9.293,+0.991
1651830420,+3.23, +1.421, +9.282,+0.990
1651830480,+3.23, +1.411, +9.298,+0.991
1651830540,+3.23, +1.421, +9.294,+0.991
1651830600,+3.23, +1.421, +9.292,+0.991
1651830660,+3.23, +1.421, +9.293,+0.991
1651830720,+3.23, +1.421, +9.304,+0.992
1651830780,+3.23, +1.421, +9.305,+0.992
1651830840,+3.23, +1.411, +9.301,+0.991
1651830900,+3.23, +1.432, +9.297,+0.992
1651830960,+3.23, +1.421, +9.290,+0.991
1651831020,+3.23, +1.411, +9.292,+0.991
1651831080,+3.23, +1.411, +9.285,+0.990
1651831140,+3.23, +1.411, +9.299,+0.991
1651831200,+3.23, +1.421, +9.296,+0.991
1651831260,+3.22, +1.421, +9.297,+0.991
1651831320,+3.23, +1.421, +9.297,+0.991
1651831380,+3.23, +1.411, +9.294,+0.991
1651831440,+3.23, +1.421, +9.294,+0.991
1651831500,+3.23, +1.421, +9.291,+0.991
1651831560,+3.23, +1.411, +9.295,+0.991
1651831620,+3.23, +1.421, +9.294,+0.991
1651831680,+3.23, +1.400, +9.288,+0.990
1651831740,+3.23, +1.432, +9.292,+0.991
1651831800,+3.23, +1.411, +9.296,+0.991
1651831860,+3.23, +1.421, +9.290,+0.991
1651831920,+3.23, +1.443, +9.288,+0.991
1651831980,+3.23, +1.400, +9.296,+0.991
1651832040,+3.23, +1.411, +9.291,+0.990
1651832100,+3.23, +1.421, +9.293,+0.991
1651832160,+3.23, +1.400, +9.306,+0.991
1651832220,+3.23, +1.421, +9.292,+0.991
1651832280,+3.23, +1.464, +9.275,+0.991
1651832340,+3.22, +1.389, +9.305,+0.990
1651832400,+3.23, +1.421, +9.311,+0.992
1651832460,+3.23, +1.443, +9.285,+0.991
1651832520,+3.23, +1.411, +9.297,+0.991
1651832580,+3.23, +1.421, +9.284,+0.991
1651832640,+3.23, +1.411, +9.298,+0.991
1651832700,+3.23, +1.421, +9.288,+0.991
1651832760,+3.23, +1.421, +9.294,+0.991
1651832820,+3.23, +1.421, +9.298,+0.991
1651832880,+3.23, +1.411, +9.295,+0.991
1651832940,+3.23, +1.411, +9.289,+0.991
1651833000,+3.23, +1.432, +9.287,+0.991
1651833060,+3.23, +1.411, +9.299,+0.991
1651833120,+3.23, +1.421, +9.292,+0.990
1651833180,+3.23, +1.443, +9.283,+0.991
1651833240,+3.23, +1.389, +9.304,+0.991
1651833300,+3.23, +1.443, +9.278,+0.991
1651833360,+3.23, +1.411, +9.292,+0.991
1651833420,+3.23, +1.389, +9.306,+0.991
1651833480,+3.23, +1.421, +9.280,+0.990
1651833540,+3.23, +1.411, +9.297,+0.991
1651833600,+3.22, +1.400, +9.300,+0.991
1651833660,+3.23, +1.411, +9.303,+0.991
1651833720,+3.23, +1.421, +9.299,+0.991
1651833780,+3.23, +1.421, +9.288,+0.991
1651833840,+3.23, +1.432, +9.282,+0.990
1651833900,+3.23, +1.411, +9.290,+0.991
1651833960,+3.23, +1.432, +9.297,+0.992
1651834020,+3.23, +1.443, +9.278,+0.991
1651834080,+3.23, +1.411, +9.285,+0.990
1651834140,+3.23, +1.432, +9.283,+0.991
1651834200,+3.23, +1.432, +9.292,+0.991
1651834260,+3.23, +1.421, +9.295,+0.991
1651834320,+3.23, +1.443, +9.284,+0.991
1651834380,+3.23, +1.443, +9.279,+0.991
1651834440,+3.23, +1.421, +9.284,+0.991
1651834500,+3.23, +1.421, +9.285,+0.991
1651834560,+3.23, +1.421, +9.293,+0.991
1651834620,+3.23, +1.421, +9.283,+0.990
1651834680,+3.23, +1.464, +9.264,+0.990
1651834740,+3.22, +1.411, +9.288,+0.991
1651834800,+3.23, +1.421, +9.296,+0.991
1651834860,+3.23, +1.411, +9.300,+0.991
1651834920,+3.23, +1.411, +9.293,+0.990
1651834980,+3.23, +1.400, +9.290,+0.990
1651835040,+3.22, +1.411, +9.288,+0.990
1651835100,+3.23, +1.432, +9.291,+0.991
1651835160,+3.23, +1.421, +9.284,+0.991
1651835220,+3.23, +1.400, +9.307,+0.991
1651835280,+3.23, +1.421, +9.300,+0.991
1651835340,+3.23, +1.421, +9.288,+0.990
1651835400,+3.23, +1.421, +9.299,+0.991
1651835460,+3.23, +1.411, +9.298,+0.991
1651835520,+3.23, +1.421, +9.292,+0.991
1651835580,+3.23, +1.400, +9.307,+0.991
1651835640,+3.23, +1.432, +9.295,+0.991
1651835700,+3.23, +1.389, +9.301,+0.990
1651835760,+3.23, +1.411, +9.295,+0.990
1651835820,+3.23, +1.368, +9.304,+0.990
1651835880,+3.23, +1.411, +9.293,+0.990
1651835940,+3.22, +1.411, +9.289,+0.991
1651836000,+3.23, +1.432, +9.294,+0.991
1651836060,+3.23, +1.411, +9.284,+0.990
1651836120,+3.23, +1.400, +9.294,+0.990
1651836180,+3.23, +1.411, +9.299,+0.991
1651836240,+3.23, +1.389, +9.309,+0.991
1651836300,+3.23, +1.421, +9.291,+0.990
1651836360,+3.23, +1.454, +9.286,+0.991
1651836420,+3.23, +1.411, +9.294,+0.991
1651836480,+3.23, +1.421, +9.290,+0.991
1651836540,+3.23, +1.411, +9.304,+0.991
1651836600,+3.23, +1.432, +9.283,+0.991
1651836660,+3.23, +1.411, +9.296,+0.991
1651836720,+3.23, +1.411, +9.301,+0.990
1651836780,+3.23, +1.443, +9.283,+0.991
1651836840,+3.23, +1.454, +9.281,+0.991
1651836900,+3.23, +1.411, +9.306,+0.991
1651836960,+3.23, +1.421, +9.289,+0.990
1651837020,+3.23, +1.421, +9.314,+0.992
1651837080,+3.23, +1.368, +9.310,+0.990
1651837140,+3.23, +1.400, +9.299,+0.991
1651837200,+3.23, +1.411, +9.302,+0.991
1651837260,+3.23, +1.421, +9.297,+0.991
1651837320,+3.22, +1.400, +9.314,+0.991
1651837380,+3.23, +1.389, +9.315,+0.991
1651837440,+3.23, +1.411, +9.303,+0.991
1651837500,+3.23, +1.411, +9.293,+0.990
1651837560,+3.22, +1.378, +9.314,+0.991
1651837620,+3.23, +1.432, +9.292,+0.990
1651837680,+3.22, +1.389, +9.304,+0.990
1651837740,+3.23, +1.411, +9.306,+0.991
1651837800,+3.23, +1.411, +9.305,+0.991
1651837860,+3.23, +1.400, +9.298,+0.990
1651837920,+3.23, +1.389, +9.319,+0.991
1651837980,+3.23, +1.411, +9.309,+0.991
1651838040,+3.23, +1.400, +9.310,+0.991
1651838100,+3.23, +1.400, +9.317,+0.991
1651838160,+3.23, +1.400, +9.305,+0.991
1651838220,+3.23, +1.411, +9.297,+0.991
1651838280,+3.23, +1.400, +9.304,+0.991
1651838340,+3.23, +1.411, +9.307,+0.991
1651838400,+3.23, +1.400, +9.296,+0.991
1651838460,+3.22, +1.400, +9.301,+0.990
1651838520,+3.22, +1.400, +9.309,+0.991
1651838580,+3.23, +1.400, +9.314,+0.991
1651838640,+3.23, +1.421, +9.287,+0.990
1651838700,+3.23, +1.411, +9.311,+0.991
1651838760,+3.23, +1.378, +9.307,+0.991
1651838820,+3.23, +1.400, +9.302,+0.991
1651838880,+3.23, +1.432, +9.286,+0.991
1651838940,+3.23, +1.357, +9.328,+0.991
1651839000,+3.23, +1.411, +9.304,+0.991
1651839060,+3.23, +1.432, +9.293,+0.991
1651839120,+3.23, +1.400, +9.315,+0.991
1651839180,+3.23, +1.432, +9.293,+0.991
1651839240,+3.23, +1.400, +9.316,+0.991
1651839300,+3.23, +1.400, +9.315,+0.991
1651839360,+3.22, +1.400, +9.317,+0.991
1651839420,+3.23, +1.389, +9.304,+0.990
1651839480,+3.23, +1.443, +9.290,+0.991
1651839540,+3.23, +1.400, +9.310,+0.991
1651839600,+3.23, +1.421, +9.288,+0.990
1651839660,+3.23, +1.411, +9.312,+0.991
1651839720,+3.23, +1.378, +9.305,+0.990
1651839780,+3.23, +1.368, +9.327,+0.991
1651839840,+3.23, +1.400, +9.315,+0.991
1651839900,+3.22, +1.400, +9.312,+0.991
1651839960,+3.23, +1.421, +9.304,+0.991
1651840020,+3.22, +1.411, +9.311,+0.991
1651840080,+3.23, +1.411, +9.307,+0.991
1651840140,+3.23, +1.411, +9.301,+0.991
1651840200,+3.23, +1.411, +9.295,+0.990
1651840260,+3.22, +1.389, +9.323,+0.991
1651840320,+3.23, +1.432, +9.304,+0.991
1651840380,+3.23, +1.400, +9.320,+0.991
1651840440,+3.23, +1.346, +9.324,+0.990
1651840500,+3.23, +1.421, +9.298,+0.991
1651840560,+3.23, +1.432, +9.312,+0.992
1651840620,+3.23, +1.432, +9.299,+0.991
1651840680,+3.23, +1.421, +9.314,+0.991
1651840740,+3.22, +1.411, +9.322,+0.991
1651840800,+3.23, +1.443, +9.289,+0.991
1651840860,+3.23, +1.432, +9.311,+0.991
1651840920,+3.22, +1.411, +9.301,+0.991
1651840980,+3.23, +1.400, +9.327,+0.992
1651841040,+3.23, +1.464, +9.276,+0.990
1651841100,+3.23, +1.432, +9.315,+0.992
1651841160,+3.23, +1.411, +9.317,+0.991
1651841220,+3.23, +1.443, +9.293,+0.990
1651841280,+3.23, +1.443, +9.299,+0.991
1651841340,+3.23, +1.421, +9.305,+0.991
1651841400,+3.22, +1.411, +9.310,+0.991
1651841460,+3.23, +1.411, +9.307,+0.991
1651841520,+3.23, +1.443, +9.278,+0.990
1651841580,+3.23, +1.443, +9.303,+0.991
1651841640,+3.23, +1.432, +9.292,+0.990
1651841700,+3.23, +1.432, +9.297,+0.990
1651841760,+3.23, +1.411, +9.311,+0.991
1651841820,+3.23, +1.411, +9.307,+0.990
1651841880,+3.23, +1.411, +9.308,+0.991
1651841940,+3.23, +1.411, +9.312,+0.990
1651842000,+3.23, +1.421, +9.304,+0.991
1651842060,+3.23, +1.432, +9.317,+0.991
1651842120,+3.23, +1.443, +9.307,+0.991
1651842180,+3.23, +1.400, +9.318,+0.991
1651842240,+3.23, +1.432, +9.301,+0.991
1651842300,+3.23, +1.421, +9.298,+0.990
1651842360,+3.23, +1.389, +9.309,+0.990
1651842420,+3.23, +1.421, +9.297,+0.990
1651842480,+3.23, +1.443, +9.301,+0.991
1651842540,+3.23, +1.432, +9.311,+0.991
1651842600,+3.23, +1.432, +9.310,+0.991
1651842660,+3.23, +1.432, +9.319,+0.992
1651842720,+3.23, +1.443, +9.310,+0.991
1651842780,+3.23, +1.454, +9.294,+0.990
1651842840,+3.22, +1.432, +9.309,+0.991
1651842900,+3.23, +1.432, +9.307,+0.991
1651842960,+3.23, +1.421, +9.302,+0.990
1651843020,+3.23, +1.421, +9.315,+0.991
1651843080,+3.23, +1.411, +9.309,+0.990
1651843140,+3.23, +1.443, +9.299,+0.990
1651843200,+3.23, +1.421, +9.309,+0.990
1651843260,+3.23, +1.443, +9.299,+0.990
1651843320,+3.23, +1.432, +9.304,+0.991
1651843380,+3.23, +1.421, +9.307,+0.990
1651843440,+3.23, +1.400, +9.334,+0.991
1651843500,+3.23, +1.454, +9.301,+0.991
1651843560,+3.23, +1.443, +9.308,+0.991
1651843620,+3.23, +1.411, +9.323,+0.991
1651843680,+3.23, +1.432, +9.304,+0.990
1651843740,+3.23, +1.400, +9.326,+0.991
1651843800,+3.23, +1.443, +9.305,+0.990
1651843860,+3.23, +1.443, +9.318,+0.991
1651843920,+3.23, +1.432, +9.321,+0.991
1651843980,+3.23, +1.443, +9.317,+0.991
1651844040,+3.23, +1.443, +9.306,+0.991
1651844100,+3.23, +1.421, +9.321,+0.991
1651844160,+3.23, +1.443, +9.315,+0.991
1651844220,+3.23, +1.443, +9.323,+0.991
1651844280,+3.23, +1.454, +9.321,+0.991
1651844340,+3.23, +1.443, +9.324,+0.991
1651844400,+3.23, +1.454, +9.309,+0.990
1651844460,+3.23, +1.443, +9.309,+0.990
1651844520,+3.23, +1.432, +9.322,+0.991
1651844580,+3.23, +1.464, +9.311,+0.991
1651844640,+3.23, +1.411, +9.331,+0.991
1651844700,+3.23, +1.464, +9.313,+0.991
1651844760,+3.22, +1.443, +9.320,+0.991
1651844820,+3.23, +1.443, +9.324,+0.991
1651844880,+3.22, +1.421, +9.335,+0.991
1651844940,+3.23, +1.454, +9.322,+0.991
1651845000,+3.23, +1.443, +9.319,+0.991
1651845060,+3.22, +1.421, +9.326,+0.990
1651845120,+3.23, +1.443, +9.323,+0.991
1651845180,+3.23, +1.496, +9.305,+0.991
1651845240,+3.23, +1.464, +9.317,+0.991
1651845300,+3.23, +1.496, +9.311,+0.991
1651845360,+3.23, +1.464, +9.324,+0.991
1651845420,+3.22, +1.454, +9.325,+0.991
1651845480,+3.22, +1.475, +9.310,+0.991
1651845540,+3.23, +1.486, +9.312,+0.991
1651845600,+3.23, +1.454, +9.327,+0.991
1651845660,+3.23, +1.464, +9.319,+0.991
1651845720,+3.23, +1.475, +9.307,+0.991
1651845780,+3.23, +1.454, +9.319,+0.991
1651845840,+3.22, +1.486, +9.297,+0.990
1651845900,+3.22, +1.464, +9.322,+0.991
1651845960,+3.23, +1.486, +9.308,+0.990
1651846020,+3.23, +1.464, +9.327,+0.991
1651846080,+3.23, +1.454, +9.317,+0.990
1651846140,+3.22, +1.486, +9.318,+0.991
1651846200,+3.23, +1.443, +9.322,+0.991
1651846260,+3.23, +1.496, +9.308,+0.991
1651846320,+3.22, +1.432, +9.322,+0.990
1651846380,+3.22, +1.486, +9.308,+0.991
1651846440,+3.23, +1.496, +9.324,+0.992
1651846500,+3.23, +1.507, +9.301,+0.991
1651846560,+3.23, +1.518, +9.295,+0.991
1651846620,+3.23, +1.507, +9.301,+0.991
1651846680,+3.23, +1.464, +9.322,+0.991
1651846740,+3.23, +1.496, +9.314,+0.991
1651846800,+3.23, +1.486, +9.323,+0.991
1651846860,+3.22, +1.507, +9.294,+0.991
1651846920,+3.23, +1.496, +9.305,+0.991
1651846980,+3.23, +1.507, +9.309,+0.991
1651847040,+3.22, +1.475, +9.312,+0.991
1651847100,+3.23, +1.486, +9.309,+0.991
1651847160,+3.23, +1.475, +9.313,+0.991
1651847220,+3.23, +1.486, +9.314,+0.991
1651847280,+3.23, +1.486, +9.309,+0.991
1651847340,+3.23, +1.486, +9.315,+0.991
1651847400,+3.22, +1.496, +9.302,+0.991
1651847460,+3.23, +1.475, +9.317,+0.991
1651847520,+3.23, +1.486, +9.311,+0.991
1651847580,+3.23, +1.496, +9.313,+0.991
1651847640,+3.23, +1.507, +9.296,+0.991
1651847700,+3.23, +1.496, +9.302,+0.991
1651847760,+3.23, +1.496, +9.295,+0.991
1651847820,+3.22, +1.464, +9.313,+0.991
1651847880,+3.22, +1.507, +9.297,+0.991
1651847940,+3.23, +1.486, +9.304,+0.991
1651848000,+3.23, +1.475, +9.318,+0.991
1651848060,+3.22, +1.518, +9.301,+0.991
1651848120,+3.22, +1.486, +9.308,+0.991
1651848180,+3.22, +1.507, +9.289,+0.990
1651848240,+3.22, +1.475, +9.316,+0.991
1651848300,+3.23, +1.529, +9.289,+0.991
1651848360,+3.22, +1.518, +9.287,+0.990
1651848420,+3.23, +1.539, +9.288,+0.991
1651848480,+3.23, +1.496, +9.302,+0.990
1651848540,+3.22, +1.507, +9.306,+0.991
1651848600,+3.22, +1.518, +9.298,+0.990
1651848660,+3.23, +1.518, +9.301,+0.991
1651848720,+3.23, +1.529, +9.308,+0.992
1651848780,+3.23, +1.529, +9.294,+0.991
1651848840,+3.23, +1.518, +9.299,+0.991
1651848900,+3.23, +1.529, +9.291,+0.991
1651848960,+3.22, +1.496, +9.306,+0.991
1651849020,+3.23, +1.507, +9.298,+0.991
1651849080,+3.23, +1.507, +9.304,+0.991
1651849140,+3.23, +1.496, +9.302,+0.990
1651849200,+3.23, +1.486, +9.306,+0.991
1651849260,+3.23, +1.529, +9.295,+0.991
1651849320,+3.22, +1.507, +9.312,+0.991
1651849380,+3.23, +1.443, +9.334,+0.991
1651849440,+3.23, +1.518, +9.295,+0.990
1651849500,+3.23, +1.529, +9.301,+0.991
1651849560,+3.23, +1.507, +9.304,+0.991
1651849620,+3.22, +1.539, +9.278,+0.990
1651849680,+3.22, +1.518, +9.313,+0.991
