7392-928226
OS REV: 1.11 Sensor Cal: 1496933196
Time (sec),  BV (Volts),  T (deg C),  DO (mg/l),  Q ()
1651590540,+3.25, +1.325, +9.308,+0.992
1651590600,+3.25, +1.260, +9.322,+0.991
1651590660,+3.25, +1.314, +9.311,+0.992
1651590720,+3.25, +1.335, +9.301,+0.991
1651590780,+3.25, +1.346, +9.287,+0.991
1651590840,+3.25, +1.325, +9.301,+0.991
1651590900,+3.25, +1.335, +9.299,+0.992
1651590960,+3.25, +1.335, +9.293,+0.991
1651591020,+3.25, +1.325, +9.304,+0.991
1651591080,+3.25, +1.335, +9.301,+0.992
1651591140,+3.25, +1.335, +9.307,+0.992
1651591200,+3.25, +1.314, +9.308,+0.992
1651591260,+3.25, +1.325, +9.300,+0.992
1651591320,+3.25, +1.346, +9.302,+0.992
1651591380,+3.25, +1.335, +9.296,+0.992
1651591440,+3.25, +1.346, +9.294,+0.992
1651591500,+3.25, +1.357, +9.291,+0.992
1651591560,+3.25, +1.357, +9.299,+0.992
1651591620,+3.25, +1.357, +9.281,+0.991
1651591680,+3.25, +1.368, +9.287,+0.992
1651591740,+3.25, +1.378, +9.287,+0.992
1651591800,+3.25, +1.335, +9.302,+0.992
1651591860,+3.25, +1.368, +9.281,+0.991
1651591920,+3.25, +1.378, +9.280,+0.991
1651591980,+3.25, +1.335, +9.301,+0.991
1651592040,+3.25, +1.378, +9.281,+0.991
1651592100,+3.25, +1.389, +9.288,+0.992
1651592160,+3.25, +1.389, +9.285,+0.992
1651592220,+3.25, +1.389, +9.277,+0.991
1651592280,+3.25, +1.357, +9.293,+0.991
1651592340,+3.25, +1.378, +9.284,+0.991
1651592400,+3.25, +1.368, +9.280,+0.991
1651592460,+3.25, +1.400, +9.282,+0.992
1651592520,+3.25, +1.400, +9.282,+0.991
1651592580,+3.25, +1.357, +9.297,+0.991
1651592640,+3.25, +1.378, +9.297,+0.991
1651592700,+3.25, +1.389, +9.292,+0.992
1651592760,+3.25, +1.400, +9.297,+0.992
1651592820,+3.25, +1.389, +9.296,+0.992
1651592880,+3.25, +1.400, +9.290,+0.992
1651592940,+3.25, +1.400, +9.289,+0.992
1651593000,+3.25, +1.421, +9.270,+0.991
1651593060,+3.25, +1.368, +9.285,+0.991
1651593120,+3.25, +1.368, +9.299,+0.991
1651593180,+3.25, +1.400, +9.282,+0.991
1651593240,+3.25, +1.400, +9.289,+0.992
1651593300,+3.25, +1.400, +9.289,+0.992
1651593360,+3.25, +1.389, +9.292,+0.992
1651593420,+3.25, +1.411, +9.279,+0.991
1651593480,+3.25, +1.432, +9.278,+0.992
1651593540,+3.25, +1.400, +9.288,+0.992
1651593600,+3.25, +1.400, +9.284,+0.991
1651593660,+3.25, +1.411, +9.273,+0.991
1651593720,+3.25, +1.421, +9.267,+0.991
1651593780,+3.25, +1.411, +9.274,+0.991
1651593840,+3.25, +1.411, +9.278,+0.991
1651593900,+3.25, +1.432, +9.276,+0.991
1651593960,+3.25, +1.400, +9.272,+0.991
1651594020,+3.25, +1.411, +9.289,+0.992
1651594080,+3.25, +1.389, +9.291,+0.992
1651594140,+3.25, +1.411, +9.280,+0.991
1651594200,+3.25, +1.411, +9.287,+0.992
1651594260,+3.25, +1.443, +9.268,+0.992
1651594320,+3.25, +1.421, +9.282,+0.992
1651594380,+3.25, +1.389, +9.298,+0.992
1651594440,+3.25, +1.432, +9.272,+0.991
1651594500,+3.25, +1.346, +9.302,+0.991
1651594560,+3.25, +1.432, +9.267,+0.991
1651594620,+3.25, +1.378, +9.293,+0.991
1651594680,+3.25, +1.378, +9.297,+0.992
1651594740,+3.25, +1.432, +9.280,+0.992
1651594800,+3.25, +1.443, +9.276,+0.992
1651594860,+3.25, +1.411, +9.280,+0.991
1651594920,+3.25, +1.411, +9.290,+0.992
1651594980,+3.25, +1.421, +9.283,+0.992
1651595040,+3.25, +1.432, +9.265,+0.991
1651595100,+3.25, +1.464, +9.261,+0.991
1651595160,+3.25, +1.421, +9.282,+0.992
1651595220,+3.25, +1.443, +9.277,+0.992
1651595280,+3.25, +1.443, +9.286,+0.992
1651595340,+3.25, +1.443, +9.264,+0.991
1651595400,+3.25, +1.443, +9.283,+0.992
1651595460,+3.25, +1.464, +9.263,+0.992
1651595520,+3.25, +1.432, +9.276,+0.992
1651595580,+3.25, +1.454, +9.273,+0.992
1651595640,+3.25, +1.507, +9.257,+0.992
1651595700,+3.25, +1.475, +9.257,+0.991
1651595760,+3.25, +1.475, +9.260,+0.991
1651595820,+3.25, +1.464, +9.267,+0.991
1651595880,+3.25, +1.507, +9.244,+0.991
1651595940,+3.25, +1.464, +9.265,+0.991
1651596000,+3.25, +1.475, +9.263,+0.991
1651596060,+3.25, +1.486, +9.267,+0.992
1651596120,+3.25, +1.464, +9.267,+0.991
1651596180,+3.25, +1.464, +9.266,+0.991
1651596240,+3.25, +1.475, +9.258,+0.991
1651596300,+3.25, +1.518, +9.248,+0.991
1651596360,+3.25, +1.486, +9.253,+0.991
1651596420,+3.25, +1.486, +9.268,+0.992
1651596480,+3.25, +1.496, +9.257,+0.991
1651596540,+3.25, +1.464, +9.269,+0.991
1651596600,+3.25, +1.539, +9.243,+0.991
1651596660,+3.25, +1.529, +9.258,+0.992
1651596720,+3.25, +1.507, +9.274,+0.992
1651596780,+3.25, +1.539, +9.255,+0.992
1651596840,+3.25, +1.529, +9.257,+0.992
1651596900,+3.25, +1.539, +9.256,+0.991
1651596960,+3.25, +1.539, +9.261,+0.992
1651597020,+3.25, +1.550, +9.238,+0.991
1651597080,+3.25, +1.529, +9.258,+0.991
1651597140,+3.25, +1.561, +9.247,+0.991
1651597200,+3.25, +1.561, +9.249,+0.991
1651597260,+3.25, +1.539, +9.261,+0.992
1651597320,+3.25, +1.582, +9.251,+0.992
1651597380,+3.25, +1.593, +9.244,+0.992
1651597440,+3.25, +1.571, +9.248,+0.991
1651597500,+3.25, +1.571, +9.244,+0.991
1651597560,+3.25, +1.571, +9.244,+0.991
1651597620,+3.25, +1.571, +9.251,+0.992
1651597680,+3.25, +1.518, +9.259,+0.991
1651597740,+3.25, +1.571, +9.257,+0.992
1651597800,+3.25, +1.604, +9.234,+0.991
1651597860,+3.25, +1.593, +9.251,+0.992
1651597920,+3.25, +1.604, +9.226,+0.991
1651597980,+3.25, +1.593, +9.240,+0.992
1651598040,+3.25, +1.593, +9.240,+0.992
1651598100,+3.25, +1.582, +9.252,+0.992
1651598160,+3.25, +1.582, +9.249,+0.991
1651598220,+3.25, +1.614, +9.236,+0.992
1651598280,+3.25, +1.571, +9.246,+0.991
1651598340,+3.25, +1.539, +9.244,+0.991
1651598400,+3.25, +1.582, +9.251,+0.992
1651598460,+3.25, +1.571, +9.258,+0.992
1651598520,+3.25, +1.582, +9.246,+0.991
1651598580,+3.25, +1.593, +9.229,+0.991
1651598640,+3.25, +1.604, +9.242,+0.992
1651598700,+3.25, +1.582, +9.240,+0.991
1651598760,+3.25, +1.614, +9.235,+0.991
1651598820,+3.25, +1.593, +9.236,+0.991
1651598880,+3.25, +1.582, +9.249,+0.991
1651598940,+3.25, +1.614, +9.244,+0.992
1651599000,+3.25, +1.593, +9.238,+0.991
1651599060,+3.25, +1.604, +9.225,+0.991
1651599120,+3.25, +1.614, +9.239,+0.991
1651599180,+3.25, +1.614, +9.241,+0.992
1651599240,+3.25, +1.614, +9.231,+0.991
1651599300,+3.25, +1.614, +9.215,+0.990
1651599360,+3.25, +1.593, +9.243,+0.991
1651599420,+3.25, +1.657, +9.212,+0.991
1651599480,+3.25, +1.614, +9.235,+0.991
1651599540,+3.25, +1.614, +9.233,+0.991
1651599600,+3.25, +1.636, +9.232,+0.991
1651599660,+3.25, +1.625, +9.229,+0.991
1651599720,+3.25, +1.614, +9.245,+0.992
1651599780,+3.25, +1.646, +9.222,+0.991
1651599840,+3.25, +1.614, +9.240,+0.992
1651599900,+3.24, +1.636, +9.235,+0.992
1651599960,+3.25, +1.582, +9.246,+0.991
1651600020,+3.25, +1.614, +9.228,+0.991
1651600080,+3.25, +1.625, +9.231,+0.991
1651600140,+3.25, +1.625, +9.240,+0.992
1651600200,+3.25, +1.657, +9.221,+0.991
1651600260,+3.25, +1.657, +9.223,+0.991
1651600320,+3.25, +1.646, +9.239,+0.992
1651600380,+3.25, +1.582, +9.241,+0.991
1651600440,+3.25, +1.614, +9.216,+0.991
1651600500,+3.25, +1.593, +9.236,+0.992
1651600560,+3.25, +1.625, +9.213,+0.991
1651600620,+3.25, +1.593, +9.248,+0.992
1651600680,+3.25, +1.582, +9.257,+0.992
1651600740,+3.25, +1.625, +9.230,+0.991
1651600800,+3.25, +1.614, +9.253,+0.992
1651600860,+3.25, +1.636, +9.226,+0.991
1651600920,+3.24, +1.625, +9.232,+0.991
1651600980,+3.25, +1.657, +9.225,+0.991
1651601040,+3.25, +1.657, +9.229,+0.992
1651601100,+3.25, +1.678, +9.231,+0.992
1651601160,+3.25, +1.646, +9.225,+0.991
1651601220,+3.25, +1.646, +9.239,+0.992
1651601280,+3.25, +1.657, +9.225,+0.991
1651601340,+3.25, +1.668, +9.215,+0.991
1651601400,+3.25, +1.668, +9.212,+0.991
1651601460,+3.25, +1.668, +9.226,+0.992
1651601520,+3.25, +1.678, +9.212,+0.991
1651601580,+3.25, +1.668, +9.231,+0.992
1651601640,+3.25, +1.668, +9.223,+0.992
1651601700,+3.25, +1.668, +9.215,+0.991
1651601760,+3.25, +1.657, +9.227,+0.991
1651601820,+3.25, +1.689, +9.215,+0.991
1651601880,+3.25, +1.668, +9.227,+0.992
1651601940,+3.25, +1.689, +9.226,+0.992
1651602000,+3.25, +1.710, +9.199,+0.991
1651602060,+3.25, +1.689, +9.213,+0.991
1651602120,+3.25, +1.678, +9.217,+0.991
1651602180,+3.25, +1.678, +9.199,+0.991
1651602240,+3.25, +1.700, +9.209,+0.992
1651602300,+3.25, +1.668, +9.227,+0.992
1651602360,+3.25, +1.689, +9.220,+0.992
1651602420,+3.25, +1.689, +9.215,+0.992
1651602480,+3.25, +1.689, +9.201,+0.991
1651602540,+3.25, +1.668, +9.213,+0.991
1651602600,+3.25, +1.678, +9.211,+0.991
1651602660,+3.25, +1.689, +9.206,+0.991
1651602720,+3.25, +1.689, +9.202,+0.991
1651602780,+3.25, +1.700, +9.216,+0.992
1651602840,+3.25, +1.689, +9.218,+0.992
1651602900,+3.25, +1.689, +9.219,+0.992
1651602960,+3.25, +1.636, +9.225,+0.991
1651603020,+3.25, +1.700, +9.196,+0.991
1651603080,+3.25, +1.678, +9.223,+0.992
1651603140,+3.25, +1.678, +9.226,+0.992
1651603200,+3.25, +1.657, +9.219,+0.991
1651603260,+3.25, +1.678, +9.218,+0.991
1651603320,+3.25, +1.657, +9.224,+0.991
1651603380,+3.25, +1.721, +9.195,+0.991
1651603440,+3.25, +1.700, +9.212,+0.991
1651603500,+3.25, +1.689, +9.218,+0.992
1651603560,+3.25, +1.678, +9.221,+0.991
1651603620,+3.25, +1.721, +9.205,+0.992
1651603680,+3.25, +1.689, +9.214,+0.991
1651603740,+3.25, +1.700, +9.200,+0.991
1651603800,+3.25, +1.689, +9.225,+0.992
1651603860,+3.25, +1.657, +9.211,+0.991
1651603920,+3.25, +1.742, +9.183,+0.991
1651603980,+3.25, +1.721, +9.204,+0.991
1651604040,+3.25, +1.710, +9.219,+0.992
1651604100,+3.24, +1.700, +9.224,+0.992
1651604160,+3.25, +1.710, +9.216,+0.992
1651604220,+3.25, +1.732, +9.215,+0.992
1651604280,+3.25, +1.700, +9.204,+0.991
1651604340,+3.25, +1.710, +9.222,+0.992
1651604400,+3.25, +1.710, +9.221,+0.991
1651604460,+3.25, +1.742, +9.206,+0.991
1651604520,+3.25, +1.732, +9.208,+0.991
1651604580,+3.25, +1.785, +9.184,+0.991
1651604640,+3.25, +1.742, +9.211,+0.992
1651604700,+3.25, +1.742, +9.208,+0.992
1651604760,+3.25, +1.742, +9.205,+0.991
1651604820,+3.25, +1.732, +9.220,+0.992
1651604880,+3.25, +1.732, +9.200,+0.991
1651604940,+3.25, +1.742, +9.212,+0.992
1651605000,+3.25, +1.742, +9.202,+0.991
1651605060,+3.25, +1.753, +9.210,+0.992
1651605120,+3.25, +1.764, +9.205,+0.991
1651605180,+3.25, +1.742, +9.197,+0.991
1651605240,+3.25, +1.710, +9.222,+0.991
1651605300,+3.25, +1.764, +9.197,+0.991
1651605360,+3.25, +1.774, +9.192,+0.991
1651605420,+3.25, +1.742, +9.204,+0.991
1651605480,+3.25, +1.785, +9.202,+0.992
1651605540,+3.25, +1.806, +9.185,+0.991
1651605600,+3.25, +1.753, +9.200,+0.991
1651605660,+3.25, +1.785, +9.204,+0.992
1651605720,+3.25, +1.774, +9.205,+0.992
1651605780,+3.25, +1.806, +9.180,+0.991
1651605840,+3.25, +1.785, +9.195,+0.991
1651605900,+3.25, +1.806, +9.183,+0.991
1651605960,+3.25, +1.742, +9.212,+0.991
1651606020,+3.25, +1.796, +9.198,+0.992
1651606080,+3.25, +1.785, +9.178,+0.990
1651606140,+3.25, +1.796, +9.199,+0.991
1651606200,+3.25, +1.774, +9.213,+0.992
1651606260,+3.25, +1.806, +9.197,+0.991
1651606320,+3.25, +1.817, +9.210,+0.992
1651606380,+3.25, +1.849, +9.178,+0.991
1651606440,+3.25, +1.849, +9.189,+0.991
1651606500,+3.25, +1.860, +9.172,+0.991
1651606560,+3.25, +1.828, +9.184,+0.991
1651606620,+3.25, +1.838, +9.170,+0.991
1651606680,+3.25, +1.849, +9.177,+0.992
1651606740,+3.25, +1.828, +9.167,+0.991
1651606800,+3.25, +1.860, +9.169,+0.991
1651606860,+3.24, +1.838, +9.167,+0.991
1651606920,+3.25, +1.838, +9.176,+0.991
1651606980,+3.25, +1.870, +9.158,+0.991
1651607040,+3.24, +1.806, +9.184,+0.991
1651607100,+3.25, +1.881, +9.156,+0.991
1651607160,+3.25, +1.828, +9.179,+0.991
1651607220,+3.25, +1.860, +9.162,+0.991
1651607280,+3.25, +1.838, +9.176,+0.992
1651607340,+3.25, +1.828, +9.179,+0.991
1651607400,+3.24, +1.838, +9.164,+0.991
1651607460,+3.25, +1.838, +9.173,+0.992
1651607520,+3.25, +1.828, +9.177,+0.992
1651607580,+3.25, +1.849, +9.146,+0.990
1651607640,+3.25, +1.860, +9.170,+0.991
1651607700,+3.25, +1.860, +9.158,+0.991
1651607760,+3.25, +1.817, +9.183,+0.992
1651607820,+3.25, +1.870, +9.140,+0.991
1651607880,+3.25, +1.860, +9.151,+0.991
1651607940,+3.25, +1.860, +9.162,+0.991
1651608000,+3.25, +1.838, +9.173,+0.991
1651608060,+3.25, +1.860, +9.170,+0.992
1651608120,+3.25, +1.838, +9.174,+0.992
1651608180,+3.25, +1.828, +9.166,+0.991
1651608240,+3.25, +1.838, +9.170,+0.991
1651608300,+3.25, +1.849, +9.168,+0.992
1651608360,+3.25, +1.870, +9.146,+0.991
1651608420,+3.25, +1.849, +9.165,+0.992
1651608480,+3.25, +1.849, +9.147,+0.991
1651608540,+3.24, +1.817, +9.165,+0.991
1651608600,+3.25, +1.838, +9.156,+0.991
1651608660,+3.25, +1.838, +9.162,+0.992
1651608720,+3.25, +1.860, +9.158,+0.991
1651608780,+3.25, +1.881, +9.147,+0.991
1651608840,+3.25, +1.828, +9.172,+0.991
1651608900,+3.25, +1.849, +9.151,+0.991
1651608960,+3.25, +1.849, +9.147,+0.991
1651609020,+3.25, +1.860, +9.146,+0.991
1651609080,+3.25, +1.838, +9.161,+0.991
1651609140,+3.25, +1.828, +9.178,+0.992
1651609200,+3.25, +1.828, +9.163,+0.991
1651609260,+3.25, +1.838, +9.150,+0.991
1651609320,+3.25, +1.838, +9.144,+0.991
1651609380,+3.25, +1.817, +9.166,+0.991
1651609440,+3.25, +1.838, +9.168,+0.992
1651609500,+3.25, +1.806, +9.168,+0.991
1651609560,+3.25, +1.828, +9.161,+0.991
1651609620,+3.25, +1.838, +9.155,+0.991
1651609680,+3.25, +1.838, +9.164,+0.991
1651609740,+3.25, +1.849, +9.164,+0.992
1651609800,+3.25, +1.838, +9.168,+0.991
1651609860,+3.25, +1.849, +9.164,+0.991
1651609920,+3.25, +1.870, +9.147,+0.991
1651609980,+3.25, +1.849, +9.162,+0.992
1651610040,+3.25, +1.828, +9.167,+0.991
1651610100,+3.25, +1.849, +9.164,+0.992
1651610160,+3.25, +1.860, +9.139,+0.991
1651610220,+3.25, +1.785, +9.179,+0.991
1651610280,+3.25, +1.838, +9.156,+0.991
1651610340,+3.25, +1.860, +9.149,+0.991
1651610400,+3.25, +1.849, +9.157,+0.991
1651610460,+3.25, +1.828, +9.155,+0.991
1651610520,+3.25, +1.838, +9.153,+0.991
1651610580,+3.25, +1.828, +9.158,+0.991
1651610640,+3.25, +1.817, +9.168,+0.991
1651610700,+3.25, +1.828, +9.159,+0.991
1651610760,+3.25, +1.838, +9.147,+0.991
1651610820,+3.25, +1.828, +9.177,+0.992
1651610880,+3.25, +1.817, +9.160,+0.991
1651610940,+3.25, +1.828, +9.159,+0.991
1651611000,+3.25, +1.828, +9.171,+0.992
1651611060,+3.25, +1.838, +9.162,+0.992
1651611120,+3.25, +1.838, +9.164,+0.992
1651611180,+3.25, +1.838, +9.154,+0.991
1651611240,+3.25, +1.828, +9.157,+0.991
1651611300,+3.25, +1.828, +9.166,+0.992
1651611360,+3.25, +1.806, +9.169,+0.991
1651611420,+3.25, +1.828, +9.158,+0.991
1651611480,+3.25, +1.828, +9.159,+0.991
1651611540,+3.25, +1.796, +9.175,+0.991
1651611600,+3.25, +1.796, +9.155,+0.991
1651611660,+3.25, +1.817, +9.161,+0.991
1651611720,+3.25, +1.806, +9.176,+0.992
1651611780,+3.25, +1.817, +9.180,+0.992
1651611840,+3.25, +1.828, +9.147,+0.991
1651611900,+3.25, +1.828, +9.164,+0.991
1651611960,+3.25, +1.828, +9.167,+0.992
1651612020,+3.25, +1.828, +9.153,+0.991
1651612080,+3.25, +1.806, +9.169,+0.991
1651612140,+3.25, +1.828, +9.166,+0.992
1651612200,+3.25, +1.849, +9.145,+0.991
1651612260,+3.25, +1.828, +9.157,+0.991
1651612320,+3.25, +1.806, +9.167,+0.991
1651612380,+3.25, +1.785, +9.182,+0.992
1651612440,+3.25, +1.838, +9.153,+0.991
1651612500,+3.24, +1.796, +9.174,+0.991
1651612560,+3.25, +1.828, +9.167,+0.992
1651612620,+3.25, +1.817, +9.161,+0.991
1651612680,+3.25, +1.806, +9.157,+0.991
1651612740,+3.25, +1.806, +9.164,+0.991
1651612800,+3.25, +1.828, +9.147,+0.991
1651612860,+3.25, +1.817, +9.163,+0.991
1651612920,+3.25, +1.860, +9.159,+0.992
1651612980,+3.25, +1.849, +9.148,+0.991
1651613040,+3.25, +1.817, +9.149,+0.991
1651613100,+3.25, +1.806, +9.165,+0.991
1651613160,+3.25, +1.838, +9.146,+0.991
1651613220,+3.25, +1.828, +9.165,+0.992
1651613280,+3.25, +1.817, +9.158,+0.991
1651613340,+3.25, +1.860, +9.138,+0.991
1651613400,+3.25, +1.817, +9.149,+0.991
1651613460,+3.25, +1.828, +9.161,+0.992
1651613520,+3.25, +1.817, +9.144,+0.991
1651613580,+3.25, +1.817, +9.146,+0.991
1651613640,+3.25, +1.817, +9.162,+0.992
1651613700,+3.25, +1.828, +9.136,+0.990
1651613760,+3.25, +1.828, +9.156,+0.991
1651613820,+3.25, +1.828, +9.164,+0.992
1651613880,+3.25, +1.828, +9.150,+0.991
1651613940,+3.25, +1.806, +9.157,+0.991
1651614000,+3.25, +1.806, +9.154,+0.991
1651614060,+3.25, +1.806, +9.164,+0.991
1651614120,+3.25, +1.806, +9.151,+0.991
1651614180,+3.25, +1.806, +9.161,+0.991
1651614240,+3.25, +1.860, +9.148,+0.992
1651614300,+3.25, +1.796, +9.156,+0.991
1651614360,+3.25, +1.817, +9.163,+0.991
1651614420,+3.25, +1.806, +9.160,+0.991
1651614480,+3.25, +1.817, +9.160,+0.992
1651614540,+3.25, +1.806, +9.152,+0.991
1651614600,+3.25, +1.796, +9.163,+0.992
1651614660,+3.25, +1.774, +9.172,+0.991
1651614720,+3.25, +1.838, +9.144,+0.991
1651614780,+3.25, +1.753, +9.188,+0.992
1651614840,+3.25, +1.796, +9.140,+0.990
1651614900,+3.24, +1.774, +9.173,+0.991
1651614960,+3.24, +1.796, +9.160,+0.991
1651615020,+3.25, +1.785, +9.167,+0.991
1651615080,+3.25, +1.806, +9.147,+0.991
1651615140,+3.24, +1.806, +9.157,+0.991
1651615200,+3.25, +1.764, +9.161,+0.991
1651615260,+3.24, +1.764, +9.181,+0.992
1651615320,+3.24, +1.806, +9.145,+0.991
1651615380,+3.25, +1.796, +9.168,+0.992
1651615440,+3.24, +1.753, +9.178,+0.991
1651615500,+3.25, +1.785, +9.159,+0.991
1651615560,+3.25, +1.796, +9.156,+0.991
1651615620,+3.25, +1.774, +9.172,+0.991
1651615680,+3.24, +1.785, +9.163,+0.991
1651615740,+3.25, +1.796, +9.167,+0.992
1651615800,+3.25, +1.774, +9.177,+0.991
1651615860,+3.25, +1.774, +9.171,+0.991
1651615920,+3.25, +1.774, +9.167,+0.991
1651615980,+3.25, +1.774, +9.158,+0.991
1651616040,+3.25, +1.785, +9.150,+0.991
1651616100,+3.25, +1.774, +9.162,+0.991
1651616160,+3.25, +1.774, +9.168,+0.991
1651616220,+3.24, +1.796, +9.152,+0.991
1651616280,+3.25, +1.785, +9.166,+0.992
1651616340,+3.25, +1.785, +9.155,+0.991
1651616400,+3.25, +1.742, +9.157,+0.990
1651616460,+3.25, +1.732, +9.177,+0.991
1651616520,+3.25, +1.721, +9.174,+0.991
1651616580,+3.25, +1.753, +9.167,+0.991
1651616640,+3.25, +1.764, +9.166,+0.991
1651616700,+3.24, +1.774, +9.156,+0.991
1651616760,+3.25, +1.764, +9.165,+0.991
1651616820,+3.25, +1.774, +9.161,+0.991
1651616880,+3.25, +1.764, +9.174,+0.991
1651616940,+3.25, +1.774, +9.158,+0.991
1651617000,+3.25, +1.742, +9.165,+0.991
1651617060,+3.25, +1.764, +9.171,+0.992
1651617120,+3.25, +1.764, +9.155,+0.991
1651617180,+3.24, +1.721, +9.168,+0.991
1651617240,+3.25, +1.774, +9.135,+0.990
1651617300,+3.25, +1.785, +9.158,+0.992
1651617360,+3.25, +1.764, +9.160,+0.991
1651617420,+3.25, +1.774, +9.151,+0.991
1651617480,+3.24, +1.817, +9.134,+0.991
1651617540,+3.25, +1.774, +9.150,+0.991
1651617600,+3.25, +1.764, +9.162,+0.992
1651617660,+3.25, +1.785, +9.142,+0.991
1651617720,+3.25, +1.753, +9.169,+0.991
1651617780,+3.25, +1.764, +9.158,+0.991
1651617840,+3.25, +1.742, +9.160,+0.991
1651617900,+3.25, +1.785, +9.144,+0.991
1651617960,+3.25, +1.753, +9.158,+0.991
1651618020,+3.25, +1.764, +9.155,+0.992
1651618080,+3.25, +1.764, +9.152,+0.991
1651618140,+3.25, +1.753, +9.148,+0.991
1651618200,+3.24, +1.785, +9.155,+0.992
1651618260,+3.25, +1.742, +9.155,+0.991
1651618320,+3.25, +1.764, +9.155,+0.992
1651618380,+3.25, +1.774, +9.144,+0.991
1651618440,+3.24, +1.774, +9.142,+0.991
1651618500,+3.25, +1.774, +9.139,+0.991
1651618560,+3.25, +1.753, +9.143,+0.991
1651618620,+3.25, +1.774, +9.148,+0.992
1651618680,+3.24, +1.753, +9.150,+0.991
1651618740,+3.24, +1.753, +9.159,+0.991
1651618800,+3.25, +1.742, +9.150,+0.991
1651618860,+3.25, +1.742, +9.159,+0.991
1651618920,+3.25, +1.753, +9.166,+0.992
1651618980,+3.25, +1.753, +9.149,+0.991
1651619040,+3.25, +1.721, +9.170,+0.991
1651619100,+3.25, +1.742, +9.149,+0.991
1651619160,+3.25, +1.764, +9.146,+0.991
1651619220,+3.25, +1.753, +9.159,+0.991
1651619280,+3.25, +1.732, +9.167,+0.992
1651619340,+3.25, +1.732, +9.151,+0.991
1651619400,+3.25, +1.742, +9.152,+0.991
1651619460,+3.25, +1.732, +9.164,+0.992
1651619520,+3.25, +1.742, +9.142,+0.991
1651619580,+3.25, +1.742, +9.159,+0.991
1651619640,+3.25, +1.721, +9.165,+0.992
1651619700,+3.24, +1.764, +9.144,+0.991
1651619760,+3.25, +1.742, +9.149,+0.991
1651619820,+3.25, +1.742, +9.164,+0.992
1651619880,+3.25, +1.732, +9.159,+0.991
1651619940,+3.25, +1.721, +9.172,+0.992
1651620000,+3.25, +1.742, +9.146,+0.991
1651620060,+3.25, +1.742, +9.148,+0.991
1651620120,+3.25, +1.753, +9.143,+0.991
1651620180,+3.25, +1.732, +9.154,+0.991
1651620240,+3.25, +1.753, +9.135,+0.991
1651620300,+3.25, +1.721, +9.155,+0.991
1651620360,+3.24, +1.742, +9.138,+0.991
1651620420,+3.25, +1.742, +9.141,+0.991
1651620480,+3.25, +1.742, +9.154,+0.992
1651620540,+3.25, +1.732, +9.159,+0.992
1651620600,+3.25, +1.764, +9.144,+0.992
1651620660,+3.25, +1.742, +9.146,+0.992
1651620720,+3.25, +1.742, +9.150,+0.991
1651620780,+3.25, +1.721, +9.151,+0.991
1651620840,+3.25, +1.721, +9.134,+0.990
1651620900,+3.25, +1.721, +9.158,+0.991
1651620960,+3.25, +1.732, +9.138,+0.991
1651621020,+3.25, +1.742, +9.150,+0.992
1651621080,+3.24, +1.742, +9.143,+0.991
1651621140,+3.25, +1.742, +9.148,+0.991
1651621200,+3.25, +1.732, +9.146,+0.991
1651621260,+3.25, +1.732, +9.149,+0.992
1651621320,+3.25, +1.710, +9.149,+0.991
1651621380,+3.25, +1.732, +9.140,+0.991
1651621440,+3.25, +1.753, +9.144,+0.992
1651621500,+3.24, +1.700, +9.148,+0.991
1651621560,+3.25, +1.732, +9.144,+0.991
1651621620,+3.25, +1.700, +9.154,+0.991
1651621680,+3.25, +1.668, +9.168,+0.991
1651621740,+3.25, +1.753, +9.128,+0.991
1651621800,+3.25, +1.721, +9.143,+0.991
1651621860,+3.25, +1.710, +9.141,+0.991
1651621920,+3.25, +1.700, +9.159,+0.991
1651621980,+3.25, +1.721, +9.157,+0.991
1651622040,+3.25, +1.710, +9.158,+0.992
1651622100,+3.24, +1.710, +9.160,+0.992
1651622160,+3.25, +1.689, +9.169,+0.991
1651622220,+3.24, +1.732, +9.141,+0.991
1651622280,+3.24, +1.678, +9.171,+0.991
1651622340,+3.25, +1.721, +9.156,+0.992
1651622400,+3.24, +1.710, +9.155,+0.991
1651622460,+3.25, +1.700, +9.155,+0.991
1651622520,+3.25, +1.689, +9.164,+0.991
1651622580,+3.24, +1.700, +9.166,+0.991
1651622640,+3.25, +1.700, +9.162,+0.992
1651622700,+3.25, +1.678, +9.167,+0.991
1651622760,+3.25, +1.700, +9.150,+0.991
1651622820,+3.25, +1.689, +9.174,+0.992
1651622880,+3.25, +1.668, +9.175,+0.991
1651622940,+3.24, +1.710, +9.158,+0.991
1651623000,+3.25, +1.710, +9.158,+0.991
1651623060,+3.24, +1.678, +9.168,+0.991
1651623120,+3.25, +1.700, +9.162,+0.991
1651623180,+3.24, +1.700, +9.164,+0.991
1651623240,+3.24, +1.700, +9.156,+0.991
1651623300,+3.25, +1.700, +9.156,+0.991
1651623360,+3.25, +1.668, +9.176,+0.991
1651623420,+3.24, +1.721, +9.167,+0.992
1651623480,+3.25, +1.657, +9.177,+0.991
1651623540,+3.25, +1.689, +9.163,+0.991
1651623600,+3.25, +1.689, +9.156,+0.991
1651623660,+3.24, +1.700, +9.154,+0.991
1651623720,+3.25, +1.678, +9.170,+0.991
1651623780,+3.24, +1.700, +9.154,+0.991
1651623840,+3.25, +1.678, +9.175,+0.991
1651623900,+3.24, +1.689, +9.173,+0.991
1651623960,+3.25, +1.668, +9.170,+0.991
1651624020,+3.25, +1.689, +9.163,+0.991
1651624080,+3.25, +1.678, +9.169,+0.991
1651624140,+3.24, +1.668, +9.174,+0.991
1651624200,+3.25, +1.668, +9.164,+0.991
1651624260,+3.25, +1.678, +9.166,+0.991
1651624320,+3.25, +1.636, +9.192,+0.991
1651624380,+3.25, +1.689, +9.160,+0.991
1651624440,+3.25, +1.700, +9.163,+0.991
1651624500,+3.24, +1.700, +9.160,+0.991
1651624560,+3.25, +1.700, +9.163,+0.991
1651624620,+3.25, +1.646, +9.181,+0.991
1651624680,+3.24, +1.668, +9.175,+0.991
1651624740,+3.25, +1.678, +9.178,+0.991
1651624800,+3.25, +1.689, +9.162,+0.991
1651624860,+3.25, +1.700, +9.168,+0.991
1651624920,+3.25, +1.678, +9.169,+0.991
1651624980,+3.25, +1.657, +9.170,+0.991
1651625040,+3.25, +1.668, +9.174,+0.991
1651625100,+3.25, +1.657, +9.180,+0.991
1651625160,+3.24, +1.689, +9.167,+0.991
1651625220,+3.25, +1.678, +9.178,+0.992
1651625280,+3.25, +1.678, +9.161,+0.991
1651625340,+3.25, +1.657, +9.176,+0.991
1651625400,+3.24, +1.625, +9.199,+0.991
1651625460,+3.25, +1.657, +9.171,+0.990
1651625520,+3.25, +1.646, +9.186,+0.991
1651625580,+3.24, +1.625, +9.194,+0.991
1651625640,+3.25, +1.646, +9.174,+0.991
1651625700,+3.25, +1.604, +9.203,+0.991
1651625760,+3.24, +1.646, +9.186,+0.991
1651625820,+3.25, +1.678, +9.167,+0.991
1651625880,+3.25, +1.668, +9.170,+0.990
1651625940,+3.24, +1.668, +9.171,+0.991
1651626000,+3.24, +1.678, +9.172,+0.991
1651626060,+3.25, +1.646, +9.180,+0.991
1651626120,+3.25, +1.636, +9.185,+0.991
1651626180,+3.24, +1.657, +9.165,+0.991
1651626240,+3.24, +1.646, +9.189,+0.991
1651626300,+3.25, +1.636, +9.188,+0.991
1651626360,+3.25, +1.636, +9.181,+0.991
1651626420,+3.25, +1.657, +9.189,+0.992
1651626480,+3.25, +1.646, +9.188,+0.991
1651626540,+3.24, +1.668, +9.174,+0.991
1651626600,+3.25, +1.657, +9.184,+0.991
1651626660,+3.24, +1.678, +9.181,+0.992
1651626720,+3.24, +1.668, +9.179,+0.991
1651626780,+3.24, +1.657, +9.181,+0.991
1651626840,+3.24, +1.636, +9.187,+0.991
1651626900,+3.24, +1.646, +9.167,+0.990
1651626960,+3.24, +1.636, +9.191,+0.992
1651627020,+3.25, +1.604, +9.193,+0.991
1651627080,+3.25, +1.614, +9.196,+0.991
1651627140,+3.25, +1.625, +9.192,+0.991
1651627200,+3.25, +1.646, +9.182,+0.991
1651627260,+3.24, +1.625, +9.184,+0.991
1651627320,+3.25, +1.625, +9.186,+0.991
1651627380,+3.24, +1.668, +9.173,+0.992
1651627440,+3.24, +1.625, +9.189,+0.991
1651627500,+3.25, +1.625, +9.194,+0.992
1651627560,+3.24, +1.614, +9.185,+0.991
1651627620,+3.25, +1.604, +9.187,+0.991
1651627680,+3.24, +1.571, +9.199,+0.991
1651627740,+3.24, +1.604, +9.206,+0.992
1651627800,+3.25, +1.614, +9.193,+0.991
1651627860,+3.24, +1.604, +9.199,+0.991
1651627920,+3.25, +1.582, +9.200,+0.991
1651627980,+3.24, +1.550, +9.226,+0.991
1651628040,+3.24, +1.550, +9.228,+0.992
1651628100,+3.25, +1.571, +9.206,+0.991
1651628160,+3.24, +1.593, +9.219,+0.992
1651628220,+3.24, +1.582, +9.206,+0.991
1651628280,+3.25, +1.593, +9.198,+0.991
1651628340,+3.24, +1.604, +9.189,+0.991
1651628400,+3.25, +1.604, +9.196,+0.991
1651628460,+3.25, +1.604, +9.207,+0.991
1651628520,+3.24, +1.604, +9.195,+0.991
1651628580,+3.24, +1.582, +9.198,+0.991
1651628640,+3.25, +1.582, +9.209,+0.991
1651628700,+3.24, +1.593, +9.204,+0.991
1651628760,+3.24, +1.582, +9.209,+0.991
1651628820,+3.24, +1.561, +9.224,+0.992
1651628880,+3.24, +1.550, +9.229,+0.991
1651628940,+3.24, +1.571, +9.207,+0.991
1651629000,+3.25, +1.561, +9.214,+0.991
1651629060,+3.24, +1.561, +9.209,+0.991
1651629120,+3.25, +1.550, +9.223,+0.992
1651629180,+3.24, +1.550, +9.213,+0.991
1651629240,+3.24, +1.539, +9.226,+0.991
1651629300,+3.24, +1.571, +9.212,+0.991
1651629360,+3.24, +1.539, +9.222,+0.991
1651629420,+3.24, +1.561, +9.212,+0.991
1651629480,+3.24, +1.518, +9.234,+0.992
1651629540,+3.24, +1.561, +9.211,+0.991
1651629600,+3.24, +1.539, +9.224,+0.991
1651629660,+3.24, +1.561, +9.214,+0.991
1651629720,+3.24, +1.539, +9.238,+0.992
1651629780,+3.24, +1.550, +9.218,+0.991
1651629840,+3.25, +1.507, +9.234,+0.991
1651629900,+3.24, +1.550, +9.223,+0.991
1651629960,+3.24, +1.571, +9.212,+0.991
1651630020,+3.24, +1.539, +9.219,+0.991
1651630080,+3.24, +1.496, +9.236,+0.991
1651630140,+3.24, +1.507, +9.233,+0.991
1651630200,+3.25, +1.529, +9.237,+0.991
1651630260,+3.24, +1.529, +9.217,+0.991
1651630320,+3.24, +1.518, +9.224,+0.991
1651630380,+3.24, +1.507, +9.236,+0.991
1651630440,+3.24, +1.507, +9.217,+0.990
1651630500,+3.25, +1.443, +9.258,+0.991
1651630560,+3.24, +1.486, +9.232,+0.991
1651630620,+3.25, +1.486, +9.239,+0.991
1651630680,+3.24, +1.475, +9.246,+0.992
1651630740,+3.24, +1.486, +9.255,+0.992
1651630800,+3.25, +1.475, +9.236,+0.991
1651630860,+3.24, +1.464, +9.239,+0.991
1651630920,+3.24, +1.454, +9.244,+0.991
1651630980,+3.24, +1.464, +9.243,+0.992
1651631040,+3.24, +1.411, +9.252,+0.991
1651631100,+3.24, +1.443, +9.246,+0.991
1651631160,+3.24, +1.411, +9.253,+0.991
1651631220,+3.24, +1.400, +9.248,+0.991
1651631280,+3.24, +1.411, +9.247,+0.991
1651631340,+3.25, +1.411, +9.257,+0.992
1651631400,+3.24, +1.389, +9.248,+0.991
1651631460,+3.25, +1.411, +9.237,+0.991
1651631520,+3.24, +1.400, +9.246,+0.991
1651631580,+3.24, +1.389, +9.246,+0.991
1651631640,+3.24, +1.400, +9.252,+0.991
1651631700,+3.24, +1.400, +9.245,+0.991
1651631760,+3.24, +1.368, +9.264,+0.991
1651631820,+3.24, +1.400, +9.244,+0.991
1651631880,+3.24, +1.389, +9.258,+0.991
1651631940,+3.25, +1.357, +9.280,+0.991
1651632000,+3.25, +1.368, +9.259,+0.991
1651632060,+3.24, +1.389, +9.267,+0.992
1651632120,+3.24, +1.400, +9.252,+0.991
1651632180,+3.25, +1.368, +9.262,+0.991
1651632240,+3.24, +1.368, +9.262,+0.991
1651632300,+3.25, +1.378, +9.260,+0.991
1651632360,+3.24, +1.400, +9.253,+0.991
1651632420,+3.25, +1.389, +9.262,+0.991
1651632480,+3.24, +1.400, +9.253,+0.991
1651632540,+3.25, +1.400, +9.244,+0.991
1651632600,+3.24, +1.368, +9.270,+0.991
1651632660,+3.25, +1.368, +9.273,+0.991
1651632720,+3.24, +1.389, +9.259,+0.991
1651632780,+3.24, +1.389, +9.246,+0.991
1651632840,+3.24, +1.357, +9.272,+0.991
1651632900,+3.24, +1.400, +9.249,+0.991
1651632960,+3.24, +1.400, +9.250,+0.991
1651633020,+3.24, +1.378, +9.264,+0.991
1651633080,+3.24, +1.400, +9.255,+0.991
1651633140,+3.24, +1.378, +9.258,+0.991
1651633200,+3.24, +1.357, +9.262,+0.991
1651633260,+3.24, +1.400, +9.247,+0.991
1651633320,+3.24, +1.411, +9.247,+0.992
1651633380,+3.25, +1.346, +9.263,+0.991
1651633440,+3.24, +1.368, +9.243,+0.991
1651633500,+3.24, +1.346, +9.248,+0.991
1651633560,+3.24, +1.346, +9.254,+0.992
1651633620,+3.24, +1.325, +9.255,+0.991
1651633680,+3.24, +1.314, +9.270,+0.991
1651633740,+3.24, +1.303, +9.260,+0.991
1651633800,+3.24, +1.314, +9.272,+0.991
1651633860,+3.24, +1.314, +9.263,+0.991
1651633920,+3.24, +1.292, +9.278,+0.991
1651633980,+3.24, +1.335, +9.265,+0.992
1651634040,+3.24, +1.292, +9.275,+0.991
1651634100,+3.24, +1.292, +9.277,+0.991
1651634160,+3.24, +1.260, +9.280,+0.991
1651634220,+3.24, +1.282, +9.276,+0.991
1651634280,+3.24, +1.260, +9.278,+0.991
1651634340,+3.24, +1.249, +9.296,+0.992
1651634400,+3.24, +1.282, +9.269,+0.991
1651634460,+3.24, +1.271, +9.274,+0.991
1651634520,+3.24, +1.238, +9.287,+0.991
1651634580,+3.24, +1.249, +9.273,+0.991
1651634640,+3.24, +1.228, +9.280,+0.991
1651634700,+3.24, +1.217, +9.288,+0.991
1651634760,+3.24, +1.249, +9.264,+0.991
1651634820,+3.24, +1.238, +9.275,+0.991
1651634880,+3.24, +1.185, +9.303,+0.991
1651634940,+3.24, +1.195, +9.303,+0.991
1651635000,+3.24, +1.206, +9.305,+0.992
1651635060,+3.24, +1.217, +9.288,+0.991
1651635120,+3.24, +1.195, +9.296,+0.991
1651635180,+3.24, +1.163, +9.316,+0.992
1651635240,+3.24, +1.195, +9.282,+0.990
1651635300,+3.24, +1.185, +9.295,+0.991
1651635360,+3.24, +1.163, +9.312,+0.991
1651635420,+3.24, +1.174, +9.303,+0.991
1651635480,+3.24, +1.163, +9.295,+0.991
1651635540,+3.24, +1.120, +9.308,+0.991
1651635600,+3.24, +1.152, +9.299,+0.991
1651635660,+3.24, +1.141, +9.292,+0.990
1651635720,+3.24, +1.152, +9.303,+0.991
1651635780,+3.24, +1.174, +9.292,+0.991
1651635840,+3.24, +1.141, +9.304,+0.991
1651635900,+3.24, +1.098, +9.340,+0.992
1651635960,+3.24, +1.131, +9.329,+0.992
1651636020,+3.24, +1.152, +9.313,+0.991
1651636080,+3.24, +1.174, +9.294,+0.991
1651636140,+3.24, +1.131, +9.324,+0.991
1651636200,+3.24, +1.152, +9.311,+0.991
1651636260,+3.24, +1.141, +9.324,+0.991
1651636320,+3.24, +1.131, +9.322,+0.991
1651636380,+3.24, +1.174, +9.303,+0.991
1651636440,+3.24, +1.174, +9.320,+0.991
1651636500,+3.24, +1.174, +9.332,+0.992
1651636560,+3.24, +1.163, +9.315,+0.991
1651636620,+3.24, +1.141, +9.330,+0.991
1651636680,+3.24, +1.174, +9.319,+0.991
1651636740,+3.24, +1.174, +9.319,+0.991
1651636800,+3.24, +1.141, +9.326,+0.991
1651636860,+3.24, +1.076, +9.355,+0.991
1651636920,+3.24, +1.152, +9.319,+0.991
1651636980,+3.24, +1.174, +9.322,+0.991
1651637040,+3.24, +1.185, +9.315,+0.991
1651637100,+3.24, +1.163, +9.316,+0.991
1651637160,+3.24, +1.163, +9.306,+0.991
1651637220,+3.24, +1.163, +9.308,+0.991
1651637280,+3.24, +1.152, +9.323,+0.991
1651637340,+3.24, +1.163, +9.302,+0.991
1651637400,+3.24, +1.163, +9.318,+0.992
1651637460,+3.24, +1.141, +9.312,+0.991
1651637520,+3.24, +1.120, +9.332,+0.991
1651637580,+3.24, +1.152, +9.305,+0.991
1651637640,+3.24, +1.131, +9.314,+0.991
1651637700,+3.24, +1.120, +9.327,+0.991
1651637760,+3.24, +1.152, +9.308,+0.991
1651637820,+3.24, +1.120, +9.326,+0.991
1651637880,+3.24, +1.163, +9.317,+0.991
1651637940,+3.24, +1.109, +9.333,+0.991
1651638000,+3.24, +1.141, +9.316,+0.991
1651638060,+3.24, +1.141, +9.314,+0.991
1651638120,+3.24, +1.131, +9.331,+0.992
1651638180,+3.24, +1.120, +9.323,+0.991
1651638240,+3.24, +1.131, +9.315,+0.991
1651638300,+3.24, +1.163, +9.313,+0.991
1651638360,+3.24, +1.131, +9.321,+0.991
1651638420,+3.24, +1.174, +9.307,+0.991
1651638480,+3.24, +1.152, +9.308,+0.991
1651638540,+3.24, +1.131, +9.334,+0.991
1651638600,+3.24, +1.163, +9.320,+0.991
1651638660,+3.24, +1.152, +9.332,+0.992
1651638720,+3.24, +1.185, +9.316,+0.992
1651638780,+3.24, +1.174, +9.310,+0.991
1651638840,+3.24, +1.109, +9.337,+0.991
1651638900,+3.24, +1.141, +9.321,+0.991
1651638960,+3.24, +1.131, +9.321,+0.991
1651639020,+3.24, +1.131, +9.320,+0.991
1651639080,+3.24, +1.141, +9.314,+0.991
1651639140,+3.24, +1.141, +9.314,+0.991
1651639200,+3.24, +1.174, +9.300,+0.991
1651639260,+3.24, +1.152, +9.301,+0.991
1651639320,+3.24, +1.152, +9.311,+0.991
1651639380,+3.24, +1.163, +9.309,+0.991
1651639440,+3.24, +1.141, +9.315,+0.991
1651639500,+3.24, +1.141, +9.319,+0.991
1651639560,+3.24, +1.152, +9.304,+0.991
1651639620,+3.24, +1.131, +9.311,+0.991
1651639680,+3.24, +1.120, +9.320,+0.991
1651639740,+3.24, +1.120, +9.308,+0.991
1651639800,+3.24, +1.120, +9.297,+0.990
1651639860,+3.24, +1.152, +9.313,+0.992
1651639920,+3.24, +1.131, +9.318,+0.991
1651639980,+3.24, +1.120, +9.318,+0.991
1651640040,+3.24, +1.120, +9.324,+0.991
1651640100,+3.24, +1.141, +9.300,+0.990
1651640160,+3.24, +1.120, +9.323,+0.991
1651640220,+3.24, +1.131, +9.332,+0.992
1651640280,+3.24, +1.152, +9.318,+0.991
1651640340,+3.24, +1.131, +9.342,+0.991
1651640400,+3.24, +1.152, +9.317,+0.991
1651640460,+3.24, +1.152, +9.321,+0.991
1651640520,+3.24, +1.163, +9.312,+0.991
1651640580,+3.24, +1.152, +9.336,+0.992
1651640640,+3.24, +1.152, +9.325,+0.991
1651640700,+3.24, +1.163, +9.321,+0.991
1651640760,+3.24, +1.185, +9.319,+0.992
1651640820,+3.24, +1.152, +9.334,+0.992
1651640880,+3.24, +1.217, +9.292,+0.991
1651640940,+3.24, +1.185, +9.321,+0.991
1651641000,+3.24, +1.174, +9.305,+0.991
1651641060,+3.24, +1.152, +9.329,+0.991
1651641120,+3.24, +1.206, +9.319,+0.992
1651641180,+3.24, +1.174, +9.317,+0.991
1651641240,+3.24, +1.152, +9.329,+0.991
1651641300,+3.24, +1.163, +9.325,+0.991
1651641360,+3.24, +1.185, +9.320,+0.991
1651641420,+3.24, +1.206, +9.305,+0.991
1651641480,+3.24, +1.185, +9.324,+0.991
1651641540,+3.24, +1.206, +9.305,+0.991
1651641600,+3.24, +1.174, +9.334,+0.992
1651641660,+3.24, +1.217, +9.308,+0.991
1651641720,+3.24, +1.206, +9.301,+0.991
1651641780,+3.24, +1.206, +9.310,+0.991
1651641840,+3.24, +1.206, +9.311,+0.991
1651641900,+3.24, +1.195, +9.326,+0.992
1651641960,+3.24, +1.217, +9.308,+0.991
1651642020,+3.24, +1.206, +9.327,+0.992
1651642080,+3.24, +1.228, +9.303,+0.991
1651642140,+3.24, +1.228, +9.304,+0.991
1651642200,+3.24, +1.238, +9.299,+0.991
1651642260,+3.24, +1.217, +9.295,+0.990
1651642320,+3.24, +1.206, +9.305,+0.991
1651642380,+3.24, +1.249, +9.275,+0.990
1651642440,+3.24, +1.228, +9.302,+0.991
1651642500,+3.24, +1.195, +9.320,+0.991
1651642560,+3.24, +1.206, +9.312,+0.991
1651642620,+3.24, +1.185, +9.324,+0.991
1651642680,+3.24, +1.217, +9.302,+0.991
1651642740,+3.24, +1.238, +9.297,+0.991
1651642800,+3.24, +1.228, +9.301,+0.991
1651642860,+3.24, +1.217, +9.299,+0.991
1651642920,+3.24, +1.238, +9.295,+0.991
1651642980,+3.24, +1.238, +9.301,+0.992
1651643040,+3.24, +1.206, +9.313,+0.991
1651643100,+3.24, +1.271, +9.270,+0.991
1651643160,+3.24, +1.217, +9.307,+0.991
1651643220,+3.24, +1.238, +9.303,+0.991
1651643280,+3.24, +1.238, +9.297,+0.991
1651643340,+3.24, +1.206, +9.315,+0.991
1651643400,+3.24, +1.217, +9.302,+0.991
1651643460,+3.24, +1.249, +9.288,+0.991
1651643520,+3.24, +1.217, +9.310,+0.991
1651643580,+3.24, +1.238, +9.293,+0.991
1651643640,+3.24, +1.249, +9.299,+0.991
1651643700,+3.24, +1.217, +9.305,+0.991
1651643760,+3.24, +1.195, +9.322,+0.991
1651643820,+3.24, +1.238, +9.283,+0.991
1651643880,+3.24, +1.238, +9.303,+0.991
1651643940,+3.24, +1.249, +9.302,+0.992
1651644000,+3.24, +1.249, +9.290,+0.991
1651644060,+3.24, +1.228, +9.306,+0.991
1651644120,+3.24, +1.228, +9.301,+0.991
1651644180,+3.24, +1.238, +9.297,+0.991
1651644240,+3.24, +1.249, +9.289,+0.991
1651644300,+3.24, +1.195, +9.306,+0.991
1651644360,+3.24, +1.249, +9.299,+0.991
1651644420,+3.24, +1.238, +9.303,+0.991
1651644480,+3.24, +1.249, +9.302,+0.992
1651644540,+3.24, +1.206, +9.298,+0.991
1651644600,+3.24, +1.228, +9.305,+0.991
1651644660,+3.24, +1.228, +9.305,+0.992
1651644720,+3.24, +1.217, +9.309,+0.991
1651644780,+3.24, +1.271, +9.282,+0.991
1651644840,+3.24, +1.217, +9.305,+0.991
1651644900,+3.24, +1.228, +9.300,+0.991
1651644960,+3.24, +1.217, +9.307,+0.991
1651645020,+3.24, +1.228, +9.291,+0.991
1651645080,+3.24, +1.217, +9.309,+0.991
1651645140,+3.24, +1.238, +9.291,+0.991
1651645200,+3.24, +1.228, +9.302,+0.991
1651645260,+3.24, +1.238, +9.295,+0.991
1651645320,+3.24, +1.228, +9.293,+0.991
1651645380,+3.24, +1.217, +9.316,+0.992
1651645440,+3.24, +1.228, +9.304,+0.992
1651645500,+3.24, +1.217, +9.300,+0.991
1651645560,+3.24, +1.217, +9.306,+0.991
1651645620,+3.24, +1.217, +9.302,+0.991
1651645680,+3.24, +1.206, +9.307,+0.991
1651645740,+3.24, +1.249, +9.282,+0.991
1651645800,+3.24, +1.238, +9.284,+0.991
1651645860,+3.24, +1.228, +9.305,+0.991
1651645920,+3.24, +1.195, +9.312,+0.991
1651645980,+3.24, +1.228, +9.293,+0.991
1651646040,+3.24, +1.228, +9.296,+0.991
1651646100,+3.24, +1.206, +9.308,+0.991
1651646160,+3.24, +1.228, +9.309,+0.991
1651646220,+3.24, +1.217, +9.309,+0.991
1651646280,+3.24, +1.195, +9.317,+0.991
1651646340,+3.24, +1.228, +9.302,+0.991
1651646400,+3.24, +1.238, +9.295,+0.991
1651646460,+3.24, +1.206, +9.302,+0.991
1651646520,+3.24, +1.228, +9.297,+0.991
1651646580,+3.24, +1.217, +9.304,+0.991
1651646640,+3.24, +1.206, +9.309,+0.991
1651646700,+3.24, +1.238, +9.287,+0.991
1651646760,+3.24, +1.249, +9.290,+0.991
1651646820,+3.24, +1.238, +9.303,+0.991
1651646880,+3.24, +1.238, +9.303,+0.991
1651646940,+3.24, +1.206, +9.307,+0.991
1651647000,+3.24, +1.238, +9.303,+0.991
1651647060,+3.24, +1.228, +9.311,+0.991
1651647120,+3.24, +1.217, +9.294,+0.990
1651647180,+3.24, +1.238, +9.306,+0.991
1651647240,+3.24, +1.195, +9.321,+0.992
1651647300,+3.24, +1.217, +9.314,+0.991
1651647360,+3.24, +1.195, +9.318,+0.991
1651647420,+3.24, +1.228, +9.304,+0.991
1651647480,+3.24, +1.206, +9.300,+0.991
1651647540,+3.24, +1.238, +9.292,+0.991
1651647600,+3.24, +1.228, +9.306,+0.991
1651647660,+3.24, +1.228, +9.299,+0.991
1651647720,+3.24, +1.228, +9.312,+0.992
1651647780,+3.24, +1.238, +9.293,+0.991
1651647840,+3.24, +1.217, +9.301,+0.991
1651647900,+3.24, +1.238, +9.291,+0.991
1651647960,+3.24, +1.228, +9.301,+0.991
1651648020,+3.24, +1.238, +9.306,+0.991
1651648080,+3.24, +1.195, +9.316,+0.991
1651648140,+3.24, +1.238, +9.304,+0.991
1651648200,+3.24, +1.228, +9.299,+0.991
1651648260,+3.24, +1.228, +9.308,+0.992
1651648320,+3.24, +1.217, +9.313,+0.992
1651648380,+3.24, +1.217, +9.312,+0.991
1651648440,+3.24, +1.238, +9.303,+0.991
1651648500,+3.24, +1.228, +9.299,+0.991
1651648560,+3.24, +1.249, +9.294,+0.991
1651648620,+3.24, +1.228, +9.300,+0.991
1651648680,+3.24, +1.228, +9.299,+0.991
1651648740,+3.24, +1.228, +9.293,+0.991
1651648800,+3.24, +1.163, +9.336,+0.991
1651648860,+3.24, +1.249, +9.290,+0.991
1651648920,+3.24, +1.228, +9.306,+0.991
1651648980,+3.24, +1.217, +9.308,+0.991
1651649040,+3.24, +1.238, +9.282,+0.991
1651649100,+3.24, +1.249, +9.293,+0.991
1651649160,+3.24, +1.238, +9.292,+0.991
1651649220,+3.24, +1.228, +9.303,+0.991
1651649280,+3.24, +1.228, +9.290,+0.990
1651649340,+3.24, +1.228, +9.301,+0.991
1651649400,+3.24, +1.217, +9.304,+0.991
1651649460,+3.24, +1.228, +9.301,+0.991
1651649520,+3.24, +1.228, +9.301,+0.991
1651649580,+3.24, +1.228, +9.294,+0.991
1651649640,+3.24, +1.228, +9.313,+0.992
1651649700,+3.24, +1.206, +9.311,+0.991
1651649760,+3.24, +1.195, +9.314,+0.991
1651649820,+3.24, +1.228, +9.306,+0.991
1651649880,+3.24, +1.238, +9.292,+0.991
1651649940,+3.24, +1.217, +9.311,+0.991
1651650000,+3.24, +1.228, +9.312,+0.992
1651650060,+3.24, +1.228, +9.298,+0.991
1651650120,+3.24, +1.228, +9.306,+0.991
1651650180,+3.24, +1.217, +9.306,+0.991
1651650240,+3.24, +1.271, +9.280,+0.991
1651650300,+3.24, +1.249, +9.303,+0.992
1651650360,+3.24, +1.238, +9.294,+0.991
1651650420,+3.24, +1.238, +9.283,+0.991
1651650480,+3.24, +1.228, +9.298,+0.991
1651650540,+3.24, +1.228, +9.300,+0.991
1651650600,+3.24, +1.228, +9.297,+0.991
1651650660,+3.24, +1.238, +9.298,+0.991
1651650720,+3.24, +1.217, +9.303,+0.991
1651650780,+3.24, +1.260, +9.288,+0.991
1651650840,+3.24, +1.195, +9.314,+0.991
1651650900,+3.24, +1.206, +9.306,+0.991
1651650960,+3.24, +1.249, +9.288,+0.991
1651651020,+3.24, +1.249, +9.287,+0.991
1651651080,+3.24, +1.206, +9.297,+0.990
1651651140,+3.24, +1.238, +9.305,+0.992
1651651200,+3.24, +1.217, +9.298,+0.991
1651651260,+3.24, +1.260, +9.280,+0.991
1651651320,+3.24, +1.238, +9.292,+0.991
1651651380,+3.24, +1.228, +9.299,+0.991
1651651440,+3.24, +1.238, +9.283,+0.991
1651651500,+3.24, +1.228, +9.299,+0.991
1651651560,+3.24, +1.260, +9.281,+0.991
1651651620,+3.24, +1.260, +9.278,+0.991
1651651680,+3.24, +1.238, +9.286,+0.991
1651651740,+3.24, +1.163, +9.324,+0.991
1651651800,+3.24, +1.228, +9.301,+0.991
1651651860,+3.24, +1.238, +9.293,+0.991
1651651920,+3.24, +1.249, +9.277,+0.990
1651651980,+3.24, +1.228, +9.282,+0.990
1651652040,+3.24, +1.249, +9.294,+0.991
1651652100,+3.24, +1.249, +9.292,+0.991
1651652160,+3.24, +1.195, +9.304,+0.990
1651652220,+3.24, +1.228, +9.296,+0.991
1651652280,+3.24, +1.260, +9.301,+0.992
1651652340,+3.24, +1.260, +9.300,+0.992
1651652400,+3.24, +1.249, +9.293,+0.991
1651652460,+3.24, +1.228, +9.293,+0.991
1651652520,+3.24, +1.238, +9.298,+0.991
1651652580,+3.24, +1.260, +9.285,+0.991
1651652640,+3.24, +1.249, +9.294,+0.991
1651652700,+3.24, +1.260, +9.290,+0.992
1651652760,+3.24, +1.282, +9.283,+0.991
1651652820,+3.24, +1.271, +9.288,+0.991
1651652880,+3.24, +1.249, +9.276,+0.991
1651652940,+3.24, +1.260, +9.285,+0.991
1651653000,+3.24, +1.260, +9.282,+0.991
1651653060,+3.24, +1.238, +9.290,+0.991
1651653120,+3.24, +1.249, +9.277,+0.990
1651653180,+3.24, +1.249, +9.285,+0.992
1651653240,+3.24, +1.238, +9.274,+0.991
1651653300,+3.24, +1.238, +9.260,+0.991
1651653360,+3.24, +1.238, +9.268,+0.991
1651653420,+3.24, +1.185, +9.282,+0.991
1651653480,+3.24, +1.174, +9.283,+0.991
1651653540,+3.24, +1.163, +9.283,+0.991
1651653600,+3.24, +1.185, +9.262,+0.990
1651653660,+3.24, +1.185, +9.276,+0.991
1651653720,+3.24, +1.141, +9.294,+0.991
1651653780,+3.24, +1.163, +9.272,+0.990
1651653840,+3.24, +1.131, +9.310,+0.991
1651653900,+3.24, +1.174, +9.273,+0.991
1651653960,+3.24, +1.152, +9.277,+0.990
1651654020,+3.24, +1.120, +9.302,+0.991
1651654080,+3.24, +1.185, +9.294,+0.991
1651654140,+3.24, +1.141, +9.309,+0.992
1651654200,+3.24, +1.163, +9.299,+0.991
1651654260,+3.24, +1.152, +9.300,+0.991
1651654320,+3.24, +1.152, +9.310,+0.991
1651654380,+3.24, +1.141, +9.315,+0.991
1651654440,+3.24, +1.174, +9.292,+0.991
1651654500,+3.24, +1.152, +9.316,+0.991
1651654560,+3.24, +1.174, +9.315,+0.991
1651654620,+3.24, +1.163, +9.309,+0.991
1651654680,+3.24, +1.185, +9.308,+0.991
1651654740,+3.24, +1.141, +9.322,+0.991
1651654800,+3.24, +1.152, +9.308,+0.991
1651654860,+3.24, +1.174, +9.313,+0.991
1651654920,+3.24, +1.174, +9.307,+0.991
1651654980,+3.24, +1.195, +9.308,+0.992
1651655040,+3.24, +1.195, +9.300,+0.991
1651655100,+3.24, +1.163, +9.318,+0.991
1651655160,+3.24, +1.174, +9.314,+0.991
1651655220,+3.24, +1.185, +9.303,+0.991
1651655280,+3.24, +1.185, +9.301,+0.991
1651655340,+3.24, +1.185, +9.304,+0.991
1651655400,+3.24, +1.185, +9.300,+0.991
1651655460,+3.24, +1.185, +9.301,+0.991
1651655520,+3.24, +1.185, +9.299,+0.991
1651655580,+3.24, +1.185, +9.296,+0.990
1651655640,+3.24, +1.163, +9.324,+0.992
1651655700,+3.24, +1.141, +9.325,+0.991
1651655760,+3.24, +1.185, +9.306,+0.991
1651655820,+3.24, +1.206, +9.298,+0.991
1651655880,+3.24, +1.228, +9.283,+0.991
1651655940,+3.24, +1.206, +9.300,+0.991
1651656000,+3.24, +1.206, +9.302,+0.991
1651656060,+3.24, +1.206, +9.309,+0.992
1651656120,+3.24, +1.217, +9.307,+0.991
1651656180,+3.24, +1.217, +9.302,+0.991
1651656240,+3.24, +1.195, +9.309,+0.991
1651656300,+3.24, +1.228, +9.287,+0.991
1651656360,+3.24, +1.163, +9.331,+0.992
1651656420,+3.24, +1.217, +9.287,+0.991
1651656480,+3.24, +1.195, +9.304,+0.991
1651656540,+3.24, +1.217, +9.304,+0.992
1651656600,+3.24, +1.217, +9.304,+0.991
1651656660,+3.24, +1.228, +9.299,+0.992
1651656720,+3.24, +1.228, +9.290,+0.991
1651656780,+3.24, +1.228, +9.293,+0.991
1651656840,+3.24, +1.228, +9.309,+0.992
1651656900,+3.24, +1.238, +9.281,+0.991
1651656960,+3.24, +1.238, +9.297,+0.991
1651657020,+3.24, +1.206, +9.317,+0.992
1651657080,+3.24, +1.238, +9.288,+0.991
1651657140,+3.24, +1.238, +9.299,+0.991
1651657200,+3.24, +1.238, +9.299,+0.992
1651657260,+3.24, +1.249, +9.282,+0.991
1651657320,+3.24, +1.249, +9.285,+0.991
1651657380,+3.24, +1.238, +9.293,+0.991
1651657440,+3.24, +1.228, +9.299,+0.991
1651657500,+3.24, +1.217, +9.307,+0.991
1651657560,+3.24, +1.206, +9.302,+0.991
1651657620,+3.24, +1.206, +9.300,+0.991
1651657680,+3.24, +1.228, +9.290,+0.991
1651657740,+3.24, +1.228, +9.304,+0.992
1651657800,+3.24, +1.238, +9.291,+0.991
1651657860,+3.24, +1.228, +9.301,+0.991
1651657920,+3.24, +1.238, +9.305,+0.992
1651657980,+3.24, +1.260, +9.286,+0.991
1651658040,+3.24, +1.260, +9.295,+0.991
1651658100,+3.24, +1.249, +9.281,+0.991
1651658160,+3.24, +1.260, +9.285,+0.991
1651658220,+3.24, +1.217, +9.295,+0.991
1651658280,+3.24, +1.271, +9.285,+0.992
1651658340,+3.24, +1.260, +9.277,+0.991
1651658400,+3.24, +1.238, +9.280,+0.990
1651658460,+3.24, +1.249, +9.288,+0.991
1651658520,+3.24, +1.228, +9.300,+0.991
1651658580,+3.24, +1.238, +9.297,+0.992
1651658640,+3.24, +1.260, +9.279,+0.991
1651658700,+3.24, +1.282, +9.271,+0.991
1651658760,+3.24, +1.238, +9.296,+0.991
1651658820,+3.24, +1.228, +9.303,+0.991
1651658880,+3.24, +1.249, +9.286,+0.991
1651658940,+3.24, +1.217, +9.308,+0.991
1651659000,+3.24, +1.260, +9.285,+0.991
1651659060,+3.24, +1.260, +9.287,+0.991
1651659120,+3.24, +1.228, +9.295,+0.991
1651659180,+3.24, +1.260, +9.279,+0.991
1651659240,+3.24, +1.271, +9.272,+0.991
1651659300,+3.24, +1.271, +9.288,+0.991
1651659360,+3.24, +1.260, +9.278,+0.991
1651659420,+3.24, +1.271, +9.285,+0.991
1651659480,+3.24, +1.249, +9.297,+0.991
1651659540,+3.24, +1.271, +9.276,+0.991
1651659600,+3.24, +1.249, +9.287,+0.991
1651659660,+3.24, +1.206, +9.305,+0.991
1651659720,+3.24, +1.238, +9.289,+0.991
1651659780,+3.24, +1.228, +9.288,+0.991
1651659840,+3.24, +1.228, +9.305,+0.992
1651659900,+3.24, +1.271, +9.277,+0.991
1651659960,+3.24, +1.260, +9.278,+0.991
1651660020,+3.24, +1.238, +9.292,+0.991
1651660080,+3.24, +1.260, +9.276,+0.991
1651660140,+3.24, +1.249, +9.286,+0.991
1651660200,+3.24, +1.228, +9.289,+0.991
1651660260,+3.24, +1.260, +9.274,+0.991
1651660320,+3.24, +1.228, +9.299,+0.991
1651660380,+3.24, +1.228, +9.272,+0.990
1651660440,+3.24, +1.238, +9.279,+0.991
1651660500,+3.24, +1.206, +9.281,+0.991
1651660560,+3.24, +1.228, +9.267,+0.990
1651660620,+3.24, +1.217, +9.288,+0.991
1651660680,+3.24, +1.228, +9.290,+0.991
1651660740,+3.24, +1.217, +9.286,+0.991
1651660800,+3.24, +1.238, +9.284,+0.991
1651660860,+3.24, +1.238, +9.280,+0.991
1651660920,+3.24, +1.238, +9.287,+0.991
1651660980,+3.24, +1.238, +9.273,+0.991
1651661040,+3.24, +1.228, +9.294,+0.991
1651661100,+3.24, +1.238, +9.277,+0.990
1651661160,+3.24, +1.228, +9.286,+0.991
1651661220,+3.24, +1.249, +9.280,+0.991
1651661280,+3.24, +1.217, +9.306,+0.992
1651661340,+3.24, +1.238, +9.270,+0.991
1651661400,+3.24, +1.238, +9.289,+0.991
1651661460,+3.24, +1.249, +9.283,+0.991
1651661520,+3.24, +1.228, +9.300,+0.992
1651661580,+3.24, +1.249, +9.271,+0.990
1651661640,+3.24, +1.260, +9.288,+0.992
1651661700,+3.24, +1.238, +9.287,+0.991
1651661760,+3.24, +1.238, +9.286,+0.991
1651661820,+3.24, +1.249, +9.283,+0.991
1651661880,+3.24, +1.228, +9.287,+0.991
1651661940,+3.24, +1.238, +9.292,+0.991
1651662000,+3.24, +1.217, +9.292,+0.991
1651662060,+3.24, +1.228, +9.288,+0.991
1651662120,+3.24, +1.249, +9.285,+0.991
1651662180,+3.24, +1.249, +9.275,+0.991
1651662240,+3.24, +1.260, +9.286,+0.991
1651662300,+3.24, +1.260, +9.280,+0.991
1651662360,+3.24, +1.249, +9.277,+0.991
1651662420,+3.24, +1.238, +9.273,+0.990
1651662480,+3.24, +1.249, +9.288,+0.991
1651662540,+3.24, +1.228, +9.290,+0.991
1651662600,+3.24, +1.238, +9.280,+0.991
1651662660,+3.24, +1.238, +9.288,+0.991
1651662720,+3.24, +1.249, +9.279,+0.991
1651662780,+3.24, +1.228, +9.288,+0.991
1651662840,+3.24, +1.238, +9.277,+0.991
1651662900,+3.24, +1.238, +9.276,+0.991
1651662960,+3.24, +1.238, +9.280,+0.991
1651663020,+3.24, +1.228, +9.287,+0.991
1651663080,+3.24, +1.249, +9.279,+0.991
1651663140,+3.24, +1.217, +9.294,+0.991
1651663200,+3.24, +1.238, +9.278,+0.991
1651663260,+3.24, +1.217, +9.282,+0.991
1651663320,+3.24, +1.228, +9.273,+0.991
1651663380,+3.24, +1.217, +9.273,+0.991
1651663440,+3.24, +1.206, +9.274,+0.990
1651663500,+3.24, +1.217, +9.275,+0.991
1651663560,+3.24, +1.217, +9.280,+0.991
1651663620,+3.24, +1.195, +9.285,+0.991
1651663680,+3.24, +1.185, +9.288,+0.991
1651663740,+3.24, +1.195, +9.277,+0.991
1651663800,+3.24, +1.185, +9.284,+0.991
1651663860,+3.24, +1.206, +9.289,+0.992
1651663920,+3.24, +1.206, +9.276,+0.991
1651663980,+3.24, +1.163, +9.300,+0.991
1651664040,+3.24, +1.152, +9.306,+0.991
1651664100,+3.24, +1.185, +9.287,+0.991
1651664160,+3.24, +1.174, +9.303,+0.991
1651664220,+3.24, +1.174, +9.290,+0.990
1651664280,+3.24, +1.174, +9.294,+0.991
1651664340,+3.24, +1.185, +9.297,+0.991
1651664400,+3.24, +1.195, +9.292,+0.991
1651664460,+3.24, +1.185, +9.288,+0.991
1651664520,+3.24, +1.174, +9.304,+0.991
1651664580,+3.24, +1.141, +9.310,+0.991
1651664640,+3.24, +1.163, +9.309,+0.991
1651664700,+3.24, +1.185, +9.290,+0.991
1651664760,+3.24, +1.185, +9.291,+0.991
1651664820,+3.24, +1.174, +9.306,+0.991
1651664880,+3.24, +1.174, +9.291,+0.991
1651664940,+3.24, +1.174, +9.295,+0.991
1651665000,+3.24, +1.163, +9.311,+0.991
1651665060,+3.24, +1.174, +9.297,+0.991
1651665120,+3.24, +1.174, +9.310,+0.991
1651665180,+3.24, +1.109, +9.322,+0.990
1651665240,+3.24, +1.152, +9.316,+0.991
1651665300,+3.24, +1.163, +9.309,+0.991
1651665360,+3.24, +1.185, +9.299,+0.991
1651665420,+3.24, +1.174, +9.303,+0.991
1651665480,+3.24, +1.195, +9.300,+0.991
1651665540,+3.24, +1.141, +9.309,+0.991
1651665600,+3.24, +1.185, +9.306,+0.991
1651665660,+3.24, +1.163, +9.320,+0.992
1651665720,+3.24, +1.185, +9.304,+0.991
1651665780,+3.24, +1.195, +9.307,+0.991
1651665840,+3.24, +1.206, +9.303,+0.991
1651665900,+3.24, +1.195, +9.294,+0.991
1651665960,+3.24, +1.174, +9.322,+0.992
1651666020,+3.24, +1.185, +9.309,+0.991
1651666080,+3.24, +1.185, +9.293,+0.990
1651666140,+3.24, +1.217, +9.291,+0.991
1651666200,+3.24, +1.217, +9.298,+0.991
1651666260,+3.24, +1.174, +9.312,+0.991
1651666320,+3.24, +1.206, +9.297,+0.991
1651666380,+3.24, +1.195, +9.295,+0.990
1651666440,+3.24, +1.152, +9.323,+0.991
1651666500,+3.24, +1.185, +9.303,+0.991
1651666560,+3.24, +1.174, +9.314,+0.991
1651666620,+3.24, +1.195, +9.299,+0.991
1651666680,+3.24, +1.206, +9.293,+0.991
1651666740,+3.24, +1.195, +9.300,+0.991
1651666800,+3.24, +1.185, +9.308,+0.991
1651666860,+3.24, +1.195, +9.305,+0.991
1651666920,+3.24, +1.174, +9.310,+0.991
1651666980,+3.24, +1.195, +9.305,+0.991
1651667040,+3.24, +1.195, +9.291,+0.991
1651667100,+3.24, +1.195, +9.306,+0.991
1651667160,+3.24, +1.185, +9.298,+0.991
1651667220,+3.24, +1.185, +9.302,+0.991
1651667280,+3.24, +1.185, +9.308,+0.991
1651667340,+3.24, +1.141, +9.320,+0.991
1651667400,+3.24, +1.195, +9.305,+0.991
1651667460,+3.24, +1.174, +9.304,+0.991
1651667520,+3.24, +1.174, +9.314,+0.991
1651667580,+3.24, +1.163, +9.313,+0.991
1651667640,+3.24, +1.195, +9.295,+0.991
1651667700,+3.24, +1.141, +9.320,+0.991
1651667760,+3.24, +1.163, +9.311,+0.991
1651667820,+3.24, +1.174, +9.308,+0.991
1651667880,+3.24, +1.131, +9.322,+0.991
1651667940,+3.24, +1.174, +9.303,+0.991
1651668000,+3.24, +1.152, +9.321,+0.991
1651668060,+3.24, +1.174, +9.312,+0.991
1651668120,+3.24, +1.141, +9.321,+0.991
1651668180,+3.24, +1.131, +9.322,+0.991
1651668240,+3.24, +1.152, +9.321,+0.991
1651668300,+3.24, +1.152, +9.316,+0.991
1651668360,+3.24, +1.141, +9.330,+0.991
1651668420,+3.24, +1.131, +9.329,+0.991
1651668480,+3.24, +1.152, +9.319,+0.991
1651668540,+3.24, +1.131, +9.330,+0.991
1651668600,+3.24, +1.163, +9.311,+0.991
1651668660,+3.24, +1.141, +9.327,+0.991
1651668720,+3.24, +1.152, +9.311,+0.991
1651668780,+3.24, +1.120, +9.339,+0.992
1651668840,+3.24, +1.120, +9.334,+0.991
1651668900,+3.24, +1.141, +9.326,+0.991
1651668960,+3.24, +1.131, +9.324,+0.991
1651669020,+3.24, +1.141, +9.324,+0.991
1651669080,+3.24, +1.141, +9.322,+0.991
1651669140,+3.24, +1.131, +9.327,+0.991
1651669200,+3.24, +1.120, +9.324,+0.990
1651669260,+3.24, +1.152, +9.318,+0.991
1651669320,+3.24, +1.152, +9.315,+0.991
1651669380,+3.24, +1.131, +9.327,+0.991
1651669440,+3.24, +1.120, +9.323,+0.990
1651669500,+3.24, +1.120, +9.328,+0.990
1651669560,+3.24, +1.141, +9.327,+0.991
1651669620,+3.24, +1.120, +9.332,+0.991
1651669680,+3.24, +1.152, +9.323,+0.991
1651669740,+3.24, +1.109, +9.334,+0.991
1651669800,+3.24, +1.120, +9.326,+0.990
1651669860,+3.24, +1.131, +9.330,+0.991
1651669920,+3.24, +1.109, +9.336,+0.991
1651669980,+3.24, +1.120, +9.327,+0.991
1651670040,+3.24, +1.076, +9.338,+0.990
1651670100,+3.24, +1.098, +9.338,+0.991
1651670160,+3.24, +1.087, +9.343,+0.991
1651670220,+3.24, +1.087, +9.344,+0.991
1651670280,+3.24, +1.044, +9.370,+0.991
1651670340,+3.24, +1.109, +9.332,+0.991
1651670400,+3.24, +1.087, +9.359,+0.992
1651670460,+3.24, +1.087, +9.353,+0.991
1651670520,+3.24, +1.120, +9.328,+0.991
1651670580,+3.24, +1.098, +9.345,+0.991
1651670640,+3.24, +1.087, +9.352,+0.991
1651670700,+3.24, +1.066, +9.351,+0.990
1651670760,+3.24, +1.098, +9.349,+0.991
1651670820,+3.24, +1.076, +9.354,+0.991
1651670880,+3.24, +1.098, +9.337,+0.991
1651670940,+3.24, +1.109, +9.351,+0.991
1651671000,+3.24, +1.109, +9.338,+0.991
1651671060,+3.24, +1.087, +9.351,+0.991
1651671120,+3.24, +1.098, +9.351,+0.991
1651671180,+3.24, +1.120, +9.356,+0.992
1651671240,+3.24, +1.098, +9.357,+0.991
1651671300,+3.24, +1.098, +9.366,+0.991
1651671360,+3.24, +1.098, +9.362,+0.992
1651671420,+3.24, +1.098, +9.356,+0.991
1651671480,+3.24, +1.098, +9.352,+0.991
1651671540,+3.24, +1.087, +9.349,+0.990
1651671600,+3.24, +1.066, +9.381,+0.991
1651671660,+3.24, +1.109, +9.359,+0.991
1651671720,+3.24, +1.109, +9.340,+0.991
1651671780,+3.24, +1.087, +9.364,+0.991
1651671840,+3.24, +1.066, +9.363,+0.990
1651671900,+3.24, +1.109, +9.361,+0.991
1651671960,+3.24, +1.109, +9.352,+0.991
1651672020,+3.24, +1.109, +9.358,+0.991
1651672080,+3.24, +1.098, +9.359,+0.991
1651672140,+3.24, +1.120, +9.331,+0.990
1651672200,+3.24, +1.098, +9.361,+0.991
1651672260,+3.24, +1.131, +9.339,+0.991
1651672320,+3.24, +1.098, +9.356,+0.991
1651672380,+3.24, +1.076, +9.362,+0.991
1651672440,+3.24, +1.076, +9.370,+0.991
1651672500,+3.24, +1.098, +9.365,+0.991
1651672560,+3.24, +1.131, +9.342,+0.991
1651672620,+3.24, +1.109, +9.349,+0.991
1651672680,+3.24, +1.066, +9.373,+0.991
1651672740,+3.24, +1.098, +9.363,+0.991
1651672800,+3.24, +1.109, +9.342,+0.991
1651672860,+3.24, +1.098, +9.374,+0.992
1651672920,+3.24, +1.076, +9.366,+0.991
1651672980,+3.24, +1.098, +9.362,+0.991
1651673040,+3.24, +1.066, +9.375,+0.991
1651673100,+3.24, +1.087, +9.363,+0.991
1651673160,+3.24, +1.109, +9.359,+0.991
1651673220,+3.24, +1.109, +9.359,+0.991
1651673280,+3.24, +1.109, +9.361,+0.991
1651673340,+3.24, +1.120, +9.341,+0.990
1651673400,+3.24, +1.109, +9.350,+0.991
1651673460,+3.24, +1.109, +9.353,+0.991
1651673520,+3.24, +1.087, +9.367,+0.991
1651673580,+3.24, +1.098, +9.361,+0.991
1651673640,+3.24, +1.098, +9.362,+0.991
1651673700,+3.24, +1.098, +9.358,+0.991
1651673760,+3.24, +1.087, +9.356,+0.991
1651673820,+3.24, +1.076, +9.371,+0.991
1651673880,+3.24, +1.087, +9.363,+0.991
1651673940,+3.24, +1.066, +9.369,+0.991
1651674000,+3.24, +1.087, +9.346,+0.990
1651674060,+3.24, +1.109, +9.344,+0.991
1651674120,+3.24, +1.066, +9.372,+0.991
1651674180,+3.24, +1.066, +9.377,+0.991
1651674240,+3.24, +1.087, +9.374,+0.992
1651674300,+3.24, +1.076, +9.376,+0.991
1651674360,+3.24, +1.087, +9.345,+0.990
1651674420,+3.24, +1.066, +9.365,+0.991
1651674480,+3.24, +1.066, +9.369,+0.991
1651674540,+3.24, +1.087, +9.357,+0.991
1651674600,+3.24, +1.066, +9.361,+0.990
1651674660,+3.24, +1.066, +9.365,+0.991
1651674720,+3.24, +1.055, +9.369,+0.991
1651674780,+3.24, +1.055, +9.383,+0.991
1651674840,+3.24, +1.098, +9.355,+0.991
1651674900,+3.24, +1.076, +9.372,+0.991
1651674960,+3.24, +1.044, +9.401,+0.992
1651675020,+3.24, +1.066, +9.386,+0.991
1651675080,+3.24, +1.055, +9.379,+0.991
1651675140,+3.24, +1.044, +9.389,+0.991
1651675200,+3.24, +1.066, +9.384,+0.991
1651675260,+3.24, +1.076, +9.373,+0.991
1651675320,+3.24, +1.055, +9.389,+0.991
1651675380,+3.24, +1.066, +9.373,+0.990
1651675440,+3.24, +1.066, +9.391,+0.991
1651675500,+3.24, +1.044, +9.386,+0.991
1651675560,+3.24, +1.087, +9.385,+0.991
1651675620,+3.24, +1.022, +9.406,+0.991
1651675680,+3.24, +1.098, +9.371,+0.991
1651675740,+3.24, +1.076, +9.385,+0.991
1651675800,+3.24, +1.066, +9.389,+0.991
1651675860,+3.24, +1.066, +9.387,+0.991
1651675920,+3.24, +1.076, +9.383,+0.991
1651675980,+3.24, +1.066, +9.376,+0.990
1651676040,+3.24, +1.066, +9.386,+0.991
1651676100,+3.24, +1.076, +9.391,+0.991
1651676160,+3.24, +1.055, +9.389,+0.991
1651676220,+3.24, +1.076, +9.383,+0.991
1651676280,+3.24, +1.076, +9.380,+0.991
1651676340,+3.24, +1.087, +9.384,+0.991
1651676400,+3.24, +1.098, +9.385,+0.991
1651676460,+3.24, +1.076, +9.396,+0.991
1651676520,+3.24, +1.087, +9.387,+0.991
1651676580,+3.24, +1.098, +9.384,+0.991
1651676640,+3.24, +1.087, +9.393,+0.991
1651676700,+3.24, +1.098, +9.372,+0.991
1651676760,+3.24, +1.109, +9.369,+0.991
1651676820,+3.24, +1.109, +9.384,+0.991
1651676880,+3.24, +1.109, +9.392,+0.992
