7392-928226
OS REV: 1.11 Sensor Cal: 1496933196
Time (sec),  BV (Volts),  T (deg C),  DO (mg/l),  Q ()
1652281740,+3.19, +1.646, +9.306,+0.990
1652281800,+3.19, +1.636, +9.318,+0.990
1652281860,+3.19, +1.625, +9.325,+0.990
1652281920,+3.19, +1.646, +9.315,+0.990
1652281980,+3.19, +1.657, +9.322,+0.991
1652282040,+3.19, +1.646, +9.324,+0.991
1652282100,+3.19, +1.625, +9.329,+0.990
1652282160,+3.19, +1.646, +9.322,+0.991
1652282220,+3.19, +1.646, +9.324,+0.991
1652282280,+3.19, +1.668, +9.316,+0.991
1652282340,+3.19, +1.657, +9.310,+0.990
1652282400,+3.19, +1.657, +9.314,+0.990
1652282460,+3.19, +1.657, +9.321,+0.991
1652282520,+3.19, +1.668, +9.327,+0.991
1652282580,+3.19, +1.678, +9.316,+0.990
1652282640,+3.19, +1.593, +9.355,+0.991
1652282700,+3.19, +1.678, +9.320,+0.991
1652282760,+3.19, +1.689, +9.330,+0.992
1652282820,+3.19, +1.668, +9.334,+0.991
1652282880,+3.19, +1.710, +9.312,+0.991
1652282940,+3.19, +1.689, +9.310,+0.991
1652283000,+3.19, +1.710, +9.324,+0.991
1652283060,+3.19, +1.710, +9.306,+0.991
1652283120,+3.19, +1.668, +9.301,+0.991
1652283180,+3.19, +1.689, +9.276,+0.990
1652283240,+3.19, +1.646, +9.315,+0.991
1652283300,+3.19, +1.668, +9.322,+0.991
1652283360,+3.19, +1.689, +9.313,+0.991
1652283420,+3.19, +1.710, +9.306,+0.991
1652283480,+3.19, +1.710, +9.315,+0.991
1652283540,+3.19, +1.721, +9.296,+0.990
1652283600,+3.19, +1.732, +9.295,+0.990
1652283660,+3.19, +1.710, +9.308,+0.991
1652283720,+3.19, +1.721, +9.307,+0.991
1652283780,+3.19, +1.721, +9.310,+0.991
1652283840,+3.19, +1.742, +9.299,+0.991
1652283900,+3.19, +1.721, +9.312,+0.991
1652283960,+3.19, +1.753, +9.300,+0.991
1652284020,+3.19, +1.764, +9.298,+0.991
1652284080,+3.19, +1.764, +9.298,+0.991
1652284140,+3.19, +1.785, +9.279,+0.990
1652284200,+3.19, +1.732, +9.309,+0.991
1652284260,+3.19, +1.785, +9.287,+0.991
1652284320,+3.19, +1.753, +9.307,+0.991
1652284380,+3.19, +1.774, +9.299,+0.991
1652284440,+3.19, +1.764, +9.309,+0.992
1652284500,+3.19, +1.742, +9.303,+0.991
1652284560,+3.19, +1.774, +9.293,+0.991
1652284620,+3.19, +1.764, +9.291,+0.991
1652284680,+3.19, +1.774, +9.298,+0.991
1652284740,+3.19, +1.764, +9.293,+0.991
1652284800,+3.19, +1.774, +9.286,+0.990
1652284860,+3.19, +1.774, +9.295,+0.991
1652284920,+3.19, +1.774, +9.285,+0.991
1652284980,+3.19, +1.785, +9.299,+0.991
1652285040,+3.19, +1.796, +9.281,+0.991
1652285100,+3.19, +1.796, +9.285,+0.991
1652285160,+3.19, +1.774, +9.311,+0.991
1652285220,+3.19, +1.806, +9.280,+0.991
1652285280,+3.19, +1.817, +9.282,+0.991
1652285340,+3.19, +1.828, +9.281,+0.991
1652285400,+3.19, +1.742, +9.311,+0.991
1652285460,+3.19, +1.796, +9.293,+0.991
1652285520,+3.19, +1.785, +9.302,+0.991
1652285580,+3.19, +1.774, +9.292,+0.991
1652285640,+3.19, +1.796, +9.290,+0.991
1652285700,+3.19, +1.806, +9.293,+0.991
1652285760,+3.19, +1.796, +9.295,+0.991
1652285820,+3.19, +1.828, +9.282,+0.991
1652285880,+3.19, +1.828, +9.280,+0.991
1652285940,+3.19, +1.817, +9.283,+0.991
1652286000,+3.19, +1.806, +9.281,+0.990
1652286060,+3.19, +1.860, +9.266,+0.991
1652286120,+3.19, +1.796, +9.298,+0.991
1652286180,+3.19, +1.828, +9.282,+0.991
1652286240,+3.19, +1.838, +9.273,+0.991
1652286300,+3.19, +1.860, +9.260,+0.991
1652286360,+3.19, +1.828, +9.281,+0.991
1652286420,+3.19, +1.838, +9.264,+0.990
1652286480,+3.19, +1.828, +9.281,+0.991
1652286540,+3.19, +1.838, +9.295,+0.992
1652286600,+3.19, +1.870, +9.269,+0.991
1652286660,+3.19, +1.849, +9.281,+0.991
1652286720,+3.19, +1.838, +9.276,+0.991
1652286780,+3.19, +1.849, +9.276,+0.991
1652286840,+3.19, +1.817, +9.284,+0.991
1652286900,+3.19, +1.849, +9.292,+0.992
1652286960,+3.19, +1.860, +9.275,+0.991
1652287020,+3.19, +1.860, +9.266,+0.991
1652287080,+3.19, +1.870, +9.259,+0.991
1652287140,+3.19, +1.870, +9.277,+0.992
1652287200,+3.19, +1.902, +9.256,+0.991
1652287260,+3.19, +1.881, +9.260,+0.990
1652287320,+3.19, +1.902, +9.265,+0.991
1652287380,+3.19, +1.891, +9.266,+0.991
1652287440,+3.19, +1.891, +9.258,+0.991
1652287500,+3.19, +1.902, +9.259,+0.991
1652287560,+3.19, +1.923, +9.270,+0.991
1652287620,+3.19, +1.923, +9.256,+0.991
1652287680,+3.19, +1.923, +9.253,+0.991
1652287740,+3.19, +1.923, +9.265,+0.991
1652287800,+3.19, +1.913, +9.272,+0.991
1652287860,+3.19, +1.945, +9.258,+0.991
1652287920,+3.19, +1.913, +9.262,+0.991
1652287980,+3.19, +1.913, +9.261,+0.991
1652288040,+3.19, +1.923, +9.252,+0.990
1652288100,+3.19, +1.913, +9.268,+0.991
1652288160,+3.19, +1.902, +9.265,+0.990
1652288220,+3.19, +1.955, +9.251,+0.991
1652288280,+3.19, +1.955, +9.262,+0.992
1652288340,+3.19, +1.966, +9.255,+0.991
1652288400,+3.19, +1.966, +9.246,+0.991
1652288460,+3.19, +1.976, +9.242,+0.991
1652288520,+3.19, +1.976, +9.261,+0.992
1652288580,+3.19, +1.998, +9.236,+0.990
1652288640,+3.19, +1.998, +9.246,+0.991
1652288700,+3.19, +2.008, +9.243,+0.991
1652288760,+3.19, +2.019, +9.240,+0.991
1652288820,+3.19, +2.008, +9.235,+0.990
1652288880,+3.19, +1.987, +9.260,+0.992
1652288940,+3.19, +2.040, +9.238,+0.991
1652289000,+3.19, +2.040, +9.237,+0.991
1652289060,+3.19, +2.019, +9.239,+0.991
1652289120,+3.19, +2.051, +9.233,+0.991
1652289180,+3.19, +2.029, +9.245,+0.991
1652289240,+3.19, +2.061, +9.234,+0.991
1652289300,+3.19, +2.061, +9.229,+0.991
1652289360,+3.19, +2.008, +9.247,+0.991
1652289420,+3.19, +2.008, +9.252,+0.991
1652289480,+3.19, +1.987, +9.252,+0.991
1652289540,+3.19, +2.061, +9.229,+0.991
1652289600,+3.19, +2.061, +9.227,+0.991
1652289660,+3.19, +2.061, +9.239,+0.991
1652289720,+3.19, +2.040, +9.250,+0.991
1652289780,+3.19, +2.072, +9.233,+0.991
1652289840,+3.19, +2.082, +9.224,+0.991
1652289900,+3.19, +2.093, +9.211,+0.990
1652289960,+3.19, +2.082, +9.214,+0.990
1652290020,+3.19, +2.082, +9.230,+0.991
1652290080,+3.19, +2.061, +9.244,+0.991
1652290140,+3.19, +2.061, +9.242,+0.991
1652290200,+3.19, +2.104, +9.229,+0.991
1652290260,+3.19, +2.114, +9.221,+0.991
1652290320,+3.19, +2.104, +9.224,+0.991
1652290380,+3.19, +2.114, +9.212,+0.990
1652290440,+3.19, +2.157, +9.201,+0.991
1652290500,+3.19, +2.146, +9.213,+0.991
1652290560,+3.19, +2.135, +9.204,+0.991
1652290620,+3.19, +2.146, +9.191,+0.991
1652290680,+3.19, +2.135, +9.199,+0.990
1652290740,+3.19, +2.146, +9.218,+0.991
1652290800,+3.19, +2.125, +9.223,+0.991
1652290860,+3.19, +2.135, +9.222,+0.991
1652290920,+3.19, +2.167, +9.206,+0.991
1652290980,+3.19, +2.157, +9.216,+0.991
1652291040,+3.19, +2.188, +9.195,+0.990
1652291100,+3.19, +2.146, +9.223,+0.991
1652291160,+3.19, +2.199, +9.199,+0.991
1652291220,+3.19, +2.167, +9.207,+0.990
1652291280,+3.19, +2.167, +9.214,+0.991
1652291340,+3.19, +2.199, +9.193,+0.991
1652291400,+3.19, +2.188, +9.205,+0.991
1652291460,+3.19, +2.241, +9.207,+0.992
1652291520,+3.19, +2.241, +9.196,+0.991
1652291580,+3.19, +2.188, +9.202,+0.990
1652291640,+3.19, +2.283, +9.175,+0.991
1652291700,+3.19, +2.209, +9.210,+0.991
1652291760,+3.19, +2.252, +9.185,+0.991
1652291820,+3.19, +2.262, +9.198,+0.991
1652291880,+3.19, +2.252, +9.191,+0.991
1652291940,+3.19, +2.252, +9.198,+0.991
1652292000,+3.19, +2.273, +9.208,+0.992
1652292060,+3.19, +2.294, +9.190,+0.991
1652292120,+3.19, +2.283, +9.183,+0.991
1652292180,+3.19, +2.315, +9.175,+0.991
1652292240,+3.19, +2.283, +9.187,+0.991
1652292300,+3.19, +2.283, +9.195,+0.991
1652292360,+3.19, +2.304, +9.188,+0.991
1652292420,+3.19, +2.315, +9.182,+0.991
1652292480,+3.19, +2.325, +9.174,+0.991
1652292540,+3.19, +2.346, +9.175,+0.991
1652292600,+3.19, +2.368, +9.175,+0.991
1652292660,+3.19, +2.346, +9.185,+0.992
1652292720,+3.19, +2.420, +9.156,+0.991
1652292780,+3.19, +2.420, +9.146,+0.991
1652292840,+3.19, +2.399, +9.170,+0.991
1652292900,+3.19, +2.431, +9.148,+0.991
1652292960,+3.19, +2.452, +9.145,+0.991
1652293020,+3.19, +2.494, +9.144,+0.992
1652293080,+3.19, +2.452, +9.154,+0.991
1652293140,+3.19, +2.462, +9.138,+0.991
1652293200,+3.19, +2.483, +9.144,+0.991
1652293260,+3.19, +2.483, +9.151,+0.992
1652293320,+3.19, +2.473, +9.146,+0.991
1652293380,+3.19, +2.494, +9.145,+0.991
1652293440,+3.19, +2.494, +9.148,+0.991
1652293500,+3.19, +2.494, +9.154,+0.991
1652293560,+3.19, +2.536, +9.136,+0.991
1652293620,+3.19, +2.494, +9.163,+0.992
1652293680,+3.19, +2.536, +9.131,+0.991
1652293740,+3.19, +2.525, +9.136,+0.991
1652293800,+3.19, +2.546, +9.129,+0.991
1652293860,+3.19, +2.546, +9.128,+0.991
1652293920,+3.19, +2.494, +9.154,+0.991
1652293980,+3.19, +2.515, +9.134,+0.991
1652294040,+3.19, +2.504, +9.139,+0.991
1652294100,+3.19, +2.515, +9.135,+0.991
1652294160,+3.19, +2.515, +9.134,+0.991
1652294220,+3.19, +2.494, +9.126,+0.991
1652294280,+3.19, +2.389, +9.145,+0.990
1652294340,+3.19, +2.336, +9.145,+0.990
1652294400,+3.19, +2.294, +9.174,+0.991
1652294460,+3.19, +2.273, +9.188,+0.991
1652294520,+3.19, +2.262, +9.184,+0.991
1652294580,+3.19, +2.294, +9.186,+0.991
1652294640,+3.19, +2.325, +9.182,+0.991
1652294700,+3.19, +2.368, +9.184,+0.991
1652294760,+3.19, +2.410, +9.178,+0.992
1652294820,+3.19, +2.431, +9.159,+0.991
1652294880,+3.19, +2.431, +9.184,+0.992
1652294940,+3.19, +2.462, +9.161,+0.992
1652295000,+3.19, +2.452, +9.159,+0.991
1652295060,+3.19, +2.452, +9.165,+0.991
1652295120,+3.19, +2.462, +9.164,+0.991
1652295180,+3.19, +2.473, +9.147,+0.991
1652295240,+3.19, +2.494, +9.151,+0.991
1652295300,+3.19, +2.525, +9.130,+0.991
1652295360,+3.19, +2.483, +9.148,+0.991
1652295420,+3.19, +2.525, +9.143,+0.991
1652295480,+3.19, +2.557, +9.120,+0.991
1652295540,+3.19, +2.536, +9.134,+0.991
1652295600,+3.19, +2.546, +9.129,+0.991
1652295660,+3.19, +2.557, +9.114,+0.991
1652295720,+3.19, +2.525, +9.127,+0.991
1652295780,+3.19, +2.536, +9.131,+0.991
1652295840,+3.19, +2.578, +9.118,+0.991
1652295900,+3.19, +2.567, +9.128,+0.991
1652295960,+3.19, +2.588, +9.122,+0.991
1652296020,+3.19, +2.599, +9.116,+0.991
1652296080,+3.19, +2.620, +9.116,+0.991
1652296140,+3.19, +2.620, +9.131,+0.992
1652296200,+3.19, +2.630, +9.108,+0.991
1652296260,+3.19, +2.630, +9.118,+0.991
1652296320,+3.19, +2.599, +9.115,+0.991
1652296380,+3.19, +2.651, +9.102,+0.992
1652296440,+3.19, +2.630, +9.122,+0.992
1652296500,+3.19, +2.640, +9.103,+0.991
1652296560,+3.19, +2.661, +9.101,+0.991
1652296620,+3.19, +2.651, +9.105,+0.991
1652296680,+3.19, +2.630, +9.111,+0.991
1652296740,+3.19, +2.620, +9.106,+0.991
1652296800,+3.19, +2.640, +9.087,+0.990
1652296860,+3.19, +2.630, +9.117,+0.991
1652296920,+3.19, +2.620, +9.114,+0.991
1652296980,+3.19, +2.630, +9.103,+0.991
1652297040,+3.19, +2.609, +9.115,+0.991
1652297100,+3.19, +2.609, +9.104,+0.990
1652297160,+3.19, +2.640, +9.103,+0.991
1652297220,+3.19, +2.609, +9.107,+0.991
1652297280,+3.19, +2.630, +9.115,+0.991
1652297340,+3.19, +2.620, +9.123,+0.991
1652297400,+3.19, +2.630, +9.109,+0.991
1652297460,+3.19, +2.630, +9.115,+0.991
1652297520,+3.19, +2.640, +9.120,+0.991
1652297580,+3.19, +2.651, +9.098,+0.991
1652297640,+3.19, +2.672, +9.100,+0.991
1652297700,+3.19, +2.672, +9.093,+0.991
1652297760,+3.19, +2.661, +9.096,+0.991
1652297820,+3.19, +2.651, +9.107,+0.991
1652297880,+3.19, +2.672, +9.085,+0.990
1652297940,+3.19, +2.661, +9.104,+0.991
1652298000,+3.19, +2.661, +9.101,+0.991
1652298060,+3.19, +2.651, +9.103,+0.991
1652298120,+3.19, +2.630, +9.118,+0.991
1652298180,+3.19, +2.661, +9.100,+0.991
1652298240,+3.19, +2.661, +9.102,+0.991
1652298300,+3.19, +2.640, +9.098,+0.991
1652298360,+3.19, +2.630, +9.109,+0.991
1652298420,+3.19, +2.630, +9.105,+0.991
1652298480,+3.19, +2.609, +9.103,+0.990
1652298540,+3.19, +2.609, +9.101,+0.991
1652298600,+3.19, +2.567, +9.105,+0.990
1652298660,+3.19, +2.536, +9.107,+0.990
1652298720,+3.19, +2.494, +9.142,+0.991
1652298780,+3.19, +2.462, +9.140,+0.990
1652298840,+3.19, +2.452, +9.145,+0.991
1652298900,+3.19, +2.473, +9.139,+0.991
1652298960,+3.19, +2.473, +9.134,+0.990
1652299020,+3.19, +2.504, +9.128,+0.991
1652299080,+3.19, +2.504, +9.137,+0.991
1652299140,+3.19, +2.515, +9.133,+0.991
1652299200,+3.19, +2.536, +9.127,+0.991
1652299260,+3.19, +2.567, +9.119,+0.991
1652299320,+3.19, +2.567, +9.111,+0.991
1652299380,+3.19, +2.588, +9.112,+0.991
1652299440,+3.19, +2.578, +9.111,+0.991
1652299500,+3.19, +2.567, +9.113,+0.991
1652299560,+3.19, +2.609, +9.107,+0.991
1652299620,+3.19, +2.578, +9.100,+0.990
1652299680,+3.19, +2.578, +9.119,+0.991
1652299740,+3.19, +2.588, +9.105,+0.991
1652299800,+3.19, +2.588, +9.102,+0.990
1652299860,+3.19, +2.609, +9.113,+0.991
1652299920,+3.19, +2.588, +9.104,+0.990
1652299980,+3.19, +2.609, +9.098,+0.991
1652300040,+3.19, +2.588, +9.109,+0.990
1652300100,+3.19, +2.567, +9.125,+0.991
1652300160,+3.19, +2.578, +9.118,+0.990
1652300220,+3.19, +2.599, +9.106,+0.991
1652300280,+3.19, +2.588, +9.103,+0.990
1652300340,+3.19, +2.588, +9.102,+0.990
1652300400,+3.19, +2.567, +9.122,+0.991
1652300460,+3.19, +2.557, +9.113,+0.990
1652300520,+3.19, +2.567, +9.123,+0.991
1652300580,+3.19, +2.546, +9.112,+0.990
1652300640,+3.19, +2.536, +9.131,+0.991
1652300700,+3.19, +2.515, +9.126,+0.991
1652300760,+3.19, +2.515, +9.111,+0.990
1652300820,+3.19, +2.504, +9.119,+0.991
1652300880,+3.19, +2.515, +9.122,+0.991
1652300940,+3.19, +2.494, +9.120,+0.990
1652301000,+3.19, +2.504, +9.119,+0.991
1652301060,+3.19, +2.483, +9.123,+0.990
1652301120,+3.19, +2.462, +9.130,+0.990
1652301180,+3.19, +2.462, +9.126,+0.990
1652301240,+3.19, +2.452, +9.137,+0.990
1652301300,+3.19, +2.462, +9.126,+0.990
1652301360,+3.19, +2.420, +9.145,+0.991
1652301420,+3.19, +2.431, +9.123,+0.990
1652301480,+3.19, +2.431, +9.133,+0.990
1652301540,+3.19, +2.410, +9.143,+0.991
1652301600,+3.19, +2.410, +9.139,+0.990
1652301660,+3.19, +2.410, +9.141,+0.990
1652301720,+3.19, +2.389, +9.158,+0.991
1652301780,+3.19, +2.389, +9.155,+0.991
1652301840,+3.19, +2.420, +9.136,+0.990
1652301900,+3.19, +2.399, +9.159,+0.991
1652301960,+3.19, +2.346, +9.170,+0.990
1652302020,+3.19, +2.346, +9.162,+0.990
1652302080,+3.19, +2.357, +9.165,+0.991
1652302140,+3.19, +2.357, +9.166,+0.991
1652302200,+3.19, +2.389, +9.141,+0.991
1652302260,+3.19, +2.357, +9.159,+0.991
1652302320,+3.19, +2.368, +9.145,+0.990
1652302380,+3.19, +2.346, +9.170,+0.991
1652302440,+3.19, +2.336, +9.166,+0.991
1652302500,+3.19, +2.336, +9.162,+0.990
1652302560,+3.19, +2.325, +9.167,+0.991
1652302620,+3.19, +2.325, +9.163,+0.991
1652302680,+3.19, +2.336, +9.160,+0.991
1652302740,+3.19, +2.325, +9.171,+0.991
1652302800,+3.19, +2.315, +9.156,+0.990
1652302860,+3.19, +2.273, +9.176,+0.991
1652302920,+3.19, +2.273, +9.169,+0.990
1652302980,+3.19, +2.241, +9.183,+0.990
1652303040,+3.19, +2.262, +9.188,+0.991
1652303100,+3.19, +2.262, +9.177,+0.990
1652303160,+3.19, +2.262, +9.177,+0.990
1652303220,+3.19, +2.273, +9.188,+0.991
1652303280,+3.19, +2.262, +9.191,+0.991
1652303340,+3.19, +2.273, +9.172,+0.990
1652303400,+3.19, +2.262, +9.190,+0.991
1652303460,+3.19, +2.252, +9.186,+0.991
1652303520,+3.19, +2.273, +9.178,+0.991
1652303580,+3.19, +2.294, +9.167,+0.991
1652303640,+3.19, +2.262, +9.183,+0.991
1652303700,+3.19, +2.252, +9.187,+0.991
1652303760,+3.19, +2.220, +9.192,+0.991
1652303820,+3.19, +2.252, +9.170,+0.990
1652303880,+3.19, +2.262, +9.180,+0.991
1652303940,+3.19, +2.241, +9.182,+0.991
1652304000,+3.19, +2.188, +9.207,+0.991
1652304060,+3.19, +2.167, +9.192,+0.990
1652304120,+3.19, +2.157, +9.200,+0.991
1652304180,+3.19, +2.146, +9.199,+0.991
1652304240,+3.19, +2.114, +9.214,+0.991
1652304300,+3.19, +2.114, +9.217,+0.991
1652304360,+3.19, +2.104, +9.204,+0.990
1652304420,+3.19, +2.114, +9.197,+0.990
1652304480,+3.19, +2.061, +9.226,+0.991
1652304540,+3.19, +2.093, +9.218,+0.991
1652304600,+3.19, +2.104, +9.208,+0.990
1652304660,+3.19, +2.072, +9.221,+0.991
1652304720,+3.19, +2.093, +9.207,+0.991
1652304780,+3.19, +2.061, +9.213,+0.990
1652304840,+3.19, +2.061, +9.213,+0.991
1652304900,+3.19, +2.082, +9.208,+0.991
1652304960,+3.19, +2.051, +9.217,+0.990
1652305020,+3.19, +2.051, +9.221,+0.990
1652305080,+3.19, +2.061, +9.232,+0.991
1652305140,+3.19, +2.072, +9.206,+0.990
1652305200,+3.19, +2.082, +9.216,+0.991
1652305260,+3.19, +2.072, +9.213,+0.991
1652305320,+3.19, +2.051, +9.217,+0.990
1652305380,+3.19, +2.061, +9.224,+0.991
1652305440,+3.19, +2.082, +9.222,+0.991
1652305500,+3.19, +2.040, +9.226,+0.990
1652305560,+3.19, +2.040, +9.234,+0.991
1652305620,+3.19, +2.019, +9.226,+0.990
1652305680,+3.19, +2.008, +9.233,+0.991
1652305740,+3.19, +2.029, +9.227,+0.991
1652305800,+3.19, +2.029, +9.241,+0.991
1652305860,+3.19, +2.051, +9.223,+0.991
1652305920,+3.19, +1.966, +9.244,+0.991
1652305980,+3.19, +1.976, +9.241,+0.991
1652306040,+3.19, +1.955, +9.240,+0.990
1652306100,+3.19, +1.966, +9.239,+0.991
1652306160,+3.19, +1.966, +9.238,+0.991
1652306220,+3.19, +1.987, +9.246,+0.991
1652306280,+3.19, +1.955, +9.242,+0.991
1652306340,+3.19, +1.955, +9.254,+0.991
1652306400,+3.19, +1.966, +9.237,+0.991
1652306460,+3.19, +1.966, +9.239,+0.991
1652306520,+3.19, +1.966, +9.238,+0.990
1652306580,+3.19, +1.976, +9.243,+0.991
1652306640,+3.19, +1.934, +9.246,+0.990
1652306700,+3.19, +1.955, +9.248,+0.991
1652306760,+3.19, +1.966, +9.246,+0.991
1652306820,+3.19, +1.966, +9.250,+0.991
1652306880,+3.19, +1.934, +9.257,+0.991
1652306940,+3.19, +1.955, +9.231,+0.990
1652307000,+3.19, +1.955, +9.237,+0.991
1652307060,+3.19, +1.945, +9.240,+0.990
1652307120,+3.19, +1.966, +9.240,+0.991
1652307180,+3.19, +1.923, +9.250,+0.991
1652307240,+3.19, +1.955, +9.244,+0.991
1652307300,+3.19, +1.955, +9.240,+0.991
1652307360,+3.19, +1.945, +9.246,+0.991
1652307420,+3.19, +1.913, +9.255,+0.991
1652307480,+3.19, +1.913, +9.257,+0.991
1652307540,+3.19, +1.934, +9.255,+0.991
1652307600,+3.19, +1.934, +9.245,+0.991
1652307660,+3.19, +1.923, +9.244,+0.991
1652307720,+3.19, +1.945, +9.244,+0.991
1652307780,+3.19, +1.913, +9.242,+0.991
1652307840,+3.19, +1.891, +9.242,+0.990
1652307900,+3.19, +1.902, +9.228,+0.991
1652307960,+3.19, +1.870, +9.257,+0.991
1652308020,+3.19, +1.796, +9.278,+0.991
1652308080,+3.19, +1.849, +9.262,+0.991
1652308140,+3.19, +1.870, +9.260,+0.991
1652308200,+3.19, +1.860, +9.267,+0.991
1652308260,+3.19, +1.881, +9.251,+0.991
1652308320,+3.19, +1.860, +9.267,+0.991
1652308380,+3.19, +1.891, +9.244,+0.992
1652308440,+3.19, +1.860, +9.262,+0.991
1652308500,+3.19, +1.860, +9.260,+0.991
1652308560,+3.19, +1.870, +9.269,+0.991
1652308620,+3.19, +1.860, +9.260,+0.991
1652308680,+3.19, +1.838, +9.258,+0.990
1652308740,+3.19, +1.828, +9.267,+0.991
1652308800,+3.19, +1.796, +9.287,+0.991
1652308860,+3.19, +1.817, +9.269,+0.991
1652308920,+3.19, +1.817, +9.276,+0.991
1652308980,+3.19, +1.817, +9.269,+0.991
1652309040,+3.19, +1.838, +9.269,+0.991
1652309100,+3.19, +1.828, +9.271,+0.991
1652309160,+3.19, +1.860, +9.266,+0.991
1652309220,+3.19, +1.849, +9.270,+0.991
1652309280,+3.19, +1.860, +9.267,+0.991
1652309340,+3.19, +1.849, +9.253,+0.990
1652309400,+3.19, +1.849, +9.262,+0.991
1652309460,+3.19, +1.860, +9.255,+0.991
1652309520,+3.19, +1.838, +9.276,+0.992
1652309580,+3.19, +1.849, +9.274,+0.991
1652309640,+3.19, +1.849, +9.264,+0.991
1652309700,+3.19, +1.849, +9.261,+0.991
1652309760,+3.19, +1.849, +9.273,+0.991
1652309820,+3.19, +1.817, +9.281,+0.991
1652309880,+3.19, +1.838, +9.269,+0.991
1652309940,+3.19, +1.828, +9.265,+0.990
1652310000,+3.19, +1.828, +9.269,+0.991
1652310060,+3.19, +1.817, +9.271,+0.991
1652310120,+3.19, +1.774, +9.290,+0.991
1652310180,+3.19, +1.785, +9.276,+0.991
1652310240,+3.19, +1.806, +9.273,+0.991
1652310300,+3.19, +1.796, +9.278,+0.991
1652310360,+3.19, +1.753, +9.296,+0.991
1652310420,+3.19, +1.774, +9.273,+0.991
1652310480,+3.19, +1.796, +9.283,+0.991
1652310540,+3.19, +1.753, +9.297,+0.991
1652310600,+3.19, +1.785, +9.292,+0.991
1652310660,+3.19, +1.796, +9.271,+0.991
1652310720,+3.19, +1.785, +9.278,+0.991
1652310780,+3.19, +1.774, +9.287,+0.991
1652310840,+3.19, +1.785, +9.294,+0.991
1652310900,+3.19, +1.785, +9.283,+0.991
1652310960,+3.19, +1.774, +9.286,+0.991
1652311020,+3.19, +1.764, +9.296,+0.991
1652311080,+3.19, +1.774, +9.290,+0.991
1652311140,+3.19, +1.785, +9.280,+0.991
1652311200,+3.19, +1.764, +9.287,+0.991
1652311260,+3.19, +1.764, +9.290,+0.991
1652311320,+3.19, +1.806, +9.261,+0.990
1652311380,+3.19, +1.732, +9.296,+0.991
1652311440,+3.19, +1.753, +9.284,+0.991
1652311500,+3.19, +1.774, +9.276,+0.991
1652311560,+3.19, +1.785, +9.271,+0.991
1652311620,+3.19, +1.774, +9.268,+0.991
1652311680,+3.19, +1.742, +9.289,+0.991
1652311740,+3.19, +1.764, +9.276,+0.991
1652311800,+3.19, +1.764, +9.273,+0.990
1652311860,+3.19, +1.753, +9.292,+0.991
1652311920,+3.19, +1.806, +9.272,+0.991
1652311980,+3.19, +1.764, +9.277,+0.990
1652312040,+3.19, +1.796, +9.268,+0.991
1652312100,+3.19, +1.742, +9.292,+0.991
1652312160,+3.19, +1.774, +9.267,+0.991
1652312220,+3.19, +1.796, +9.269,+0.991
1652312280,+3.19, +1.742, +9.291,+0.991
1652312340,+3.19, +1.764, +9.279,+0.991
1652312400,+3.19, +1.764, +9.283,+0.991
1652312460,+3.19, +1.742, +9.286,+0.991
1652312520,+3.19, +1.764, +9.281,+0.991
1652312580,+3.19, +1.753, +9.276,+0.991
1652312640,+3.19, +1.742, +9.291,+0.992
1652312700,+3.19, +1.753, +9.280,+0.991
1652312760,+3.19, +1.774, +9.277,+0.991
1652312820,+3.19, +1.732, +9.292,+0.991
1652312880,+3.19, +1.742, +9.290,+0.991
1652312940,+3.19, +1.721, +9.314,+0.992
1652313000,+3.19, +1.785, +9.266,+0.991
1652313060,+3.19, +1.753, +9.281,+0.991
1652313120,+3.19, +1.742, +9.286,+0.991
1652313180,+3.19, +1.732, +9.289,+0.991
1652313240,+3.19, +1.753, +9.282,+0.991
1652313300,+3.19, +1.742, +9.276,+0.991
1652313360,+3.19, +1.732, +9.288,+0.991
1652313420,+3.19, +1.742, +9.291,+0.991
1652313480,+3.19, +1.742, +9.279,+0.991
1652313540,+3.19, +1.732, +9.287,+0.991
1652313600,+3.19, +1.742, +9.283,+0.991
1652313660,+3.19, +1.753, +9.288,+0.992
1652313720,+3.19, +1.753, +9.280,+0.991
1652313780,+3.19, +1.753, +9.277,+0.991
1652313840,+3.19, +1.732, +9.284,+0.991
1652313900,+3.19, +1.742, +9.291,+0.991
1652313960,+3.19, +1.721, +9.289,+0.991
1652314020,+3.19, +1.732, +9.278,+0.990
1652314080,+3.19, +1.700, +9.307,+0.991
1652314140,+3.19, +1.721, +9.299,+0.991
1652314200,+3.19, +1.742, +9.276,+0.990
1652314260,+3.19, +1.732, +9.284,+0.991
1652314320,+3.19, +1.710, +9.295,+0.991
1652314380,+3.19, +1.721, +9.295,+0.991
1652314440,+3.19, +1.710, +9.305,+0.991
1652314500,+3.19, +1.721, +9.288,+0.991
1652314560,+3.19, +1.721, +9.289,+0.991
1652314620,+3.19, +1.721, +9.286,+0.991
1652314680,+3.19, +1.742, +9.284,+0.991
1652314740,+3.19, +1.710, +9.289,+0.991
1652314800,+3.19, +1.721, +9.289,+0.991
1652314860,+3.19, +1.721, +9.282,+0.991
1652314920,+3.19, +1.732, +9.269,+0.990
1652314980,+3.19, +1.678, +9.310,+0.991
1652315040,+3.19, +1.732, +9.271,+0.990
1652315100,+3.19, +1.732, +9.286,+0.991
1652315160,+3.19, +1.753, +9.268,+0.991
1652315220,+3.19, +1.710, +9.294,+0.991
1652315280,+3.19, +1.710, +9.289,+0.991
1652315340,+3.19, +1.710, +9.287,+0.991
1652315400,+3.19, +1.710, +9.297,+0.991
1652315460,+3.19, +1.721, +9.280,+0.991
1652315520,+3.19, +1.721, +9.291,+0.991
1652315580,+3.19, +1.700, +9.289,+0.991
1652315640,+3.19, +1.721, +9.290,+0.991
1652315700,+3.19, +1.700, +9.305,+0.992
1652315760,+3.19, +1.721, +9.285,+0.991
1652315820,+3.19, +1.689, +9.308,+0.992
1652315880,+3.19, +1.710, +9.296,+0.991
1652315940,+3.19, +1.710, +9.298,+0.991
1652316000,+3.19, +1.689, +9.295,+0.991
1652316060,+3.19, +1.710, +9.299,+0.992
1652316120,+3.19, +1.689, +9.302,+0.991
1652316180,+3.19, +1.710, +9.301,+0.992
1652316240,+3.19, +1.710, +9.286,+0.991
1652316300,+3.19, +1.710, +9.286,+0.991
1652316360,+3.19, +1.721, +9.277,+0.990
1652316420,+3.19, +1.700, +9.297,+0.991
1652316480,+3.19, +1.689, +9.298,+0.991
1652316540,+3.19, +1.710, +9.290,+0.991
1652316600,+3.19, +1.721, +9.291,+0.991
1652316660,+3.19, +1.668, +9.321,+0.991
1652316720,+3.19, +1.689, +9.282,+0.990
1652316780,+3.19, +1.710, +9.281,+0.991
1652316840,+3.19, +1.678, +9.293,+0.991
1652316900,+3.19, +1.700, +9.286,+0.991
1652316960,+3.19, +1.700, +9.288,+0.991
1652317020,+3.19, +1.732, +9.283,+0.991
1652317080,+3.19, +1.678, +9.293,+0.991
1652317140,+3.19, +1.710, +9.291,+0.991
1652317200,+3.19, +1.700, +9.282,+0.991
1652317260,+3.19, +1.678, +9.290,+0.991
1652317320,+3.19, +1.668, +9.303,+0.991
1652317380,+3.19, +1.689, +9.285,+0.991
1652317440,+3.19, +1.710, +9.278,+0.991
1652317500,+3.19, +1.678, +9.299,+0.991
1652317560,+3.19, +1.678, +9.286,+0.991
1652317620,+3.19, +1.678, +9.281,+0.990
1652317680,+3.19, +1.700, +9.290,+0.991
1652317740,+3.19, +1.689, +9.294,+0.991
1652317800,+3.19, +1.646, +9.311,+0.991
1652317860,+3.19, +1.657, +9.291,+0.990
1652317920,+3.19, +1.678, +9.290,+0.991
1652317980,+3.19, +1.689, +9.282,+0.991
1652318040,+3.19, +1.678, +9.290,+0.991
1652318100,+3.19, +1.668, +9.289,+0.990
1652318160,+3.19, +1.668, +9.302,+0.991
1652318220,+3.19, +1.678, +9.295,+0.991
1652318280,+3.19, +1.646, +9.311,+0.991
1652318340,+3.19, +1.668, +9.295,+0.991
1652318400,+3.19, +1.668, +9.303,+0.991
1652318460,+3.19, +1.668, +9.294,+0.991
1652318520,+3.19, +1.668, +9.298,+0.991
1652318580,+3.19, +1.657, +9.292,+0.990
1652318640,+3.19, +1.678, +9.294,+0.991
1652318700,+3.19, +1.646, +9.299,+0.991
1652318760,+3.19, +1.657, +9.294,+0.991
1652318820,+3.19, +1.625, +9.308,+0.991
1652318880,+3.19, +1.668, +9.293,+0.991
1652318940,+3.19, +1.657, +9.293,+0.991
1652319000,+3.19, +1.636, +9.313,+0.991
1652319060,+3.19, +1.646, +9.300,+0.991
1652319120,+3.19, +1.646, +9.311,+0.992
1652319180,+3.19, +1.636, +9.312,+0.991
1652319240,+3.19, +1.668, +9.299,+0.991
1652319300,+3.19, +1.668, +9.297,+0.991
1652319360,+3.19, +1.636, +9.312,+0.991
1652319420,+3.19, +1.646, +9.316,+0.992
1652319480,+3.19, +1.636, +9.309,+0.991
1652319540,+3.19, +1.636, +9.311,+0.991
1652319600,+3.19, +1.636, +9.313,+0.991
1652319660,+3.19, +1.636, +9.317,+0.992
1652319720,+3.19, +1.657, +9.301,+0.991
1652319780,+3.19, +1.636, +9.312,+0.991
1652319840,+3.19, +1.636, +9.308,+0.991
1652319900,+3.19, +1.636, +9.311,+0.991
1652319960,+3.19, +1.657, +9.289,+0.991
1652320020,+3.19, +1.646, +9.304,+0.991
1652320080,+3.19, +1.604, +9.319,+0.991
1652320140,+3.19, +1.625, +9.307,+0.991
1652320200,+3.19, +1.604, +9.327,+0.991
1652320260,+3.19, +1.625, +9.308,+0.991
1652320320,+3.19, +1.625, +9.307,+0.991
1652320380,+3.19, +1.614, +9.294,+0.991
1652320440,+3.19, +1.582, +9.312,+0.991
1652320500,+3.19, +1.561, +9.323,+0.991
1652320560,+3.19, +1.582, +9.310,+0.990
1652320620,+3.19, +1.625, +9.322,+0.992
1652320680,+3.19, +1.614, +9.319,+0.991
1652320740,+3.19, +1.604, +9.333,+0.992
1652320800,+3.19, +1.636, +9.303,+0.991
1652320860,+3.19, +1.614, +9.318,+0.991
1652320920,+3.19, +1.582, +9.331,+0.991
1652320980,+3.19, +1.604, +9.310,+0.990
1652321040,+3.19, +1.604, +9.329,+0.991
1652321100,+3.19, +1.604, +9.310,+0.991
1652321160,+3.19, +1.625, +9.307,+0.991
1652321220,+3.19, +1.646, +9.313,+0.992
1652321280,+3.19, +1.636, +9.303,+0.991
1652321340,+3.19, +1.604, +9.322,+0.991
1652321400,+3.19, +1.604, +9.324,+0.992
1652321460,+3.19, +1.625, +9.321,+0.991
1652321520,+3.19, +1.614, +9.313,+0.991
1652321580,+3.19, +1.657, +9.288,+0.991
1652321640,+3.19, +1.614, +9.317,+0.991
1652321700,+3.19, +1.582, +9.335,+0.991
1652321760,+3.19, +1.636, +9.312,+0.991
1652321820,+3.19, +1.614, +9.312,+0.991
1652321880,+3.19, +1.604, +9.316,+0.991
1652321940,+3.19, +1.614, +9.305,+0.991
1652322000,+3.19, +1.625, +9.301,+0.991
1652322060,+3.19, +1.614, +9.320,+0.991
1652322120,+3.19, +1.582, +9.333,+0.991
1652322180,+3.19, +1.614, +9.309,+0.991
1652322240,+3.19, +1.625, +9.316,+0.991
1652322300,+3.19, +1.593, +9.334,+0.991
1652322360,+3.19, +1.593, +9.322,+0.991
1652322420,+3.19, +1.614, +9.315,+0.991
1652322480,+3.19, +1.571, +9.339,+0.991
1652322540,+3.19, +1.625, +9.295,+0.990
1652322600,+3.19, +1.604, +9.309,+0.991
1652322660,+3.19, +1.593, +9.310,+0.991
1652322720,+3.19, +1.561, +9.323,+0.991
1652322780,+3.19, +1.593, +9.313,+0.991
1652322840,+3.19, +1.539, +9.330,+0.991
1652322900,+3.19, +1.571, +9.325,+0.991
1652322960,+3.19, +1.582, +9.332,+0.991
1652323020,+3.19, +1.571, +9.327,+0.991
1652323080,+3.19, +1.614, +9.309,+0.991
1652323140,+3.19, +1.571, +9.341,+0.992
1652323200,+3.19, +1.571, +9.326,+0.991
1652323260,+3.19, +1.571, +9.328,+0.991
1652323320,+3.19, +1.614, +9.310,+0.991
1652323380,+3.19, +1.582, +9.321,+0.991
1652323440,+3.19, +1.582, +9.314,+0.990
1652323500,+3.19, +1.571, +9.334,+0.992
1652323560,+3.19, +1.593, +9.329,+0.991
1652323620,+3.19, +1.582, +9.317,+0.991
1652323680,+3.19, +1.593, +9.317,+0.991
1652323740,+3.19, +1.571, +9.336,+0.992
1652323800,+3.19, +1.593, +9.323,+0.991
1652323860,+3.19, +1.571, +9.336,+0.992
1652323920,+3.19, +1.593, +9.327,+0.991
1652323980,+3.19, +1.561, +9.335,+0.991
1652324040,+3.19, +1.571, +9.334,+0.991
1652324100,+3.19, +1.593, +9.317,+0.991
1652324160,+3.19, +1.582, +9.324,+0.991
1652324220,+3.19, +1.593, +9.315,+0.991
1652324280,+3.19, +1.571, +9.334,+0.991
1652324340,+3.19, +1.561, +9.327,+0.991
1652324400,+3.19, +1.571, +9.325,+0.991
1652324460,+3.19, +1.582, +9.320,+0.991
1652324520,+3.19, +1.582, +9.317,+0.991
1652324580,+3.19, +1.593, +9.317,+0.991
1652324640,+3.19, +1.582, +9.323,+0.991
1652324700,+3.19, +1.582, +9.325,+0.991
1652324760,+3.19, +1.561, +9.325,+0.991
1652324820,+3.19, +1.582, +9.319,+0.991
1652324880,+3.19, +1.582, +9.312,+0.991
1652324940,+3.19, +1.561, +9.337,+0.992
1652325000,+3.19, +1.550, +9.327,+0.991
1652325060,+3.19, +1.561, +9.320,+0.991
1652325120,+3.19, +1.604, +9.311,+0.991
1652325180,+3.19, +1.561, +9.330,+0.991
1652325240,+3.19, +1.571, +9.326,+0.991
1652325300,+3.19, +1.550, +9.325,+0.991
1652325360,+3.19, +1.550, +9.331,+0.991
1652325420,+3.19, +1.604, +9.312,+0.991
1652325480,+3.19, +1.561, +9.333,+0.991
1652325540,+3.19, +1.582, +9.328,+0.991
1652325600,+3.19, +1.550, +9.336,+0.991
1652325660,+3.19, +1.550, +9.338,+0.991
1652325720,+3.19, +1.539, +9.337,+0.991
1652325780,+3.19, +1.593, +9.313,+0.991
1652325840,+3.19, +1.571, +9.320,+0.991
1652325900,+3.19, +1.550, +9.334,+0.991
1652325960,+3.19, +1.539, +9.329,+0.990
1652326020,+3.19, +1.539, +9.336,+0.991
1652326080,+3.19, +1.561, +9.312,+0.990
1652326140,+3.19, +1.561, +9.333,+0.991
1652326200,+3.19, +1.571, +9.310,+0.990
1652326260,+3.19, +1.582, +9.318,+0.991
1652326320,+3.19, +1.571, +9.314,+0.991
1652326380,+3.19, +1.550, +9.317,+0.990
1652326440,+3.19, +1.571, +9.318,+0.991
1652326500,+3.19, +1.593, +9.315,+0.991
1652326560,+3.19, +1.561, +9.325,+0.991
1652326620,+3.19, +1.561, +9.336,+0.992
1652326680,+3.19, +1.571, +9.320,+0.991
1652326740,+3.19, +1.539, +9.317,+0.990
1652326800,+3.19, +1.561, +9.330,+0.991
1652326860,+3.19, +1.539, +9.327,+0.991
1652326920,+3.19, +1.571, +9.312,+0.990
1652326980,+3.19, +1.529, +9.348,+0.992
1652327040,+3.19, +1.550, +9.334,+0.991
1652327100,+3.19, +1.571, +9.313,+0.991
1652327160,+3.19, +1.561, +9.327,+0.991
1652327220,+3.19, +1.539, +9.336,+0.991
1652327280,+3.19, +1.582, +9.322,+0.992
1652327340,+3.19, +1.561, +9.322,+0.991
1652327400,+3.19, +1.561, +9.318,+0.991
1652327460,+3.19, +1.571, +9.319,+0.991
1652327520,+3.19, +1.550, +9.327,+0.991
1652327580,+3.19, +1.593, +9.308,+0.991
1652327640,+3.19, +1.550, +9.329,+0.991
1652327700,+3.19, +1.550, +9.333,+0.991
1652327760,+3.19, +1.550, +9.315,+0.991
1652327820,+3.19, +1.561, +9.317,+0.991
1652327880,+3.19, +1.529, +9.329,+0.991
1652327940,+3.19, +1.529, +9.344,+0.991
1652328000,+3.19, +1.539, +9.330,+0.991
1652328060,+3.19, +1.561, +9.330,+0.992
1652328120,+3.19, +1.550, +9.331,+0.991
1652328180,+3.19, +1.550, +9.321,+0.991
1652328240,+3.19, +1.518, +9.336,+0.991
1652328300,+3.19, +1.529, +9.324,+0.991
1652328360,+3.19, +1.529, +9.320,+0.990
1652328420,+3.19, +1.539, +9.326,+0.991
1652328480,+3.19, +1.550, +9.319,+0.991
1652328540,+3.19, +1.529, +9.326,+0.991
1652328600,+3.19, +1.529, +9.332,+0.991
1652328660,+3.19, +1.518, +9.339,+0.991
1652328720,+3.19, +1.550, +9.324,+0.991
1652328780,+3.19, +1.561, +9.326,+0.991
1652328840,+3.19, +1.539, +9.331,+0.991
1652328900,+3.19, +1.539, +9.337,+0.991
1652328960,+3.19, +1.550, +9.321,+0.991
1652329020,+3.19, +1.561, +9.319,+0.991
1652329080,+3.19, +1.539, +9.313,+0.990
1652329140,+3.19, +1.529, +9.340,+0.991
1652329200,+3.19, +1.571, +9.313,+0.991
1652329260,+3.19, +1.529, +9.331,+0.991
1652329320,+3.19, +1.518, +9.337,+0.991
1652329380,+3.19, +1.539, +9.330,+0.991
1652329440,+3.19, +1.529, +9.332,+0.991
1652329500,+3.19, +1.507, +9.337,+0.991
1652329560,+3.19, +1.518, +9.348,+0.991
1652329620,+3.19, +1.518, +9.331,+0.991
1652329680,+3.19, +1.507, +9.358,+0.992
1652329740,+3.19, +1.518, +9.346,+0.991
1652329800,+3.19, +1.507, +9.334,+0.990
1652329860,+3.19, +1.539, +9.319,+0.990
1652329920,+3.19, +1.561, +9.332,+0.992
1652329980,+3.19, +1.539, +9.335,+0.991
1652330040,+3.19, +1.550, +9.340,+0.992
1652330100,+3.19, +1.550, +9.332,+0.991
1652330160,+3.19, +1.550, +9.332,+0.991
1652330220,+3.19, +1.550, +9.322,+0.991
1652330280,+3.19, +1.539, +9.321,+0.991
1652330340,+3.19, +1.561, +9.316,+0.991
1652330400,+3.19, +1.529, +9.336,+0.991
1652330460,+3.19, +1.518, +9.326,+0.990
1652330520,+3.19, +1.539, +9.327,+0.991
1652330580,+3.19, +1.582, +9.314,+0.991
1652330640,+3.19, +1.539, +9.339,+0.991
1652330700,+3.19, +1.561, +9.312,+0.991
1652330760,+3.19, +1.550, +9.327,+0.991
1652330820,+3.19, +1.518, +9.328,+0.990
1652330880,+3.19, +1.539, +9.322,+0.991
1652330940,+3.19, +1.464, +9.358,+0.991
1652331000,+3.19, +1.529, +9.333,+0.991
1652331060,+3.19, +1.518, +9.326,+0.991
1652331120,+3.19, +1.518, +9.336,+0.991
1652331180,+3.19, +1.550, +9.327,+0.991
1652331240,+3.19, +1.529, +9.334,+0.991
1652331300,+3.19, +1.518, +9.339,+0.991
1652331360,+3.19, +1.571, +9.303,+0.991
1652331420,+3.19, +1.518, +9.340,+0.991
1652331480,+3.19, +1.550, +9.323,+0.991
1652331540,+3.19, +1.507, +9.341,+0.991
1652331600,+3.19, +1.529, +9.327,+0.991
1652331660,+3.19, +1.507, +9.331,+0.991
1652331720,+3.19, +1.507, +9.340,+0.991
1652331780,+3.19, +1.529, +9.326,+0.991
1652331840,+3.19, +1.507, +9.343,+0.991
1652331900,+3.19, +1.507, +9.340,+0.991
1652331960,+3.19, +1.518, +9.332,+0.991
1652332020,+3.19, +1.518, +9.329,+0.991
1652332080,+3.19, +1.529, +9.326,+0.991
1652332140,+3.19, +1.507, +9.336,+0.991
1652332200,+3.19, +1.507, +9.328,+0.991
1652332260,+3.19, +1.539, +9.332,+0.991
1652332320,+3.19, +1.571, +9.319,+0.992
1652332380,+3.19, +1.529, +9.329,+0.991
1652332440,+3.19, +1.518, +9.326,+0.991
1652332500,+3.19, +1.539, +9.321,+0.991
1652332560,+3.19, +1.496, +9.329,+0.990
1652332620,+3.19, +1.529, +9.320,+0.991
1652332680,+3.19, +1.518, +9.332,+0.991
1652332740,+3.19, +1.529, +9.330,+0.991
1652332800,+3.19, +1.550, +9.316,+0.991
1652332860,+3.19, +1.518, +9.334,+0.991
1652332920,+3.19, +1.518, +9.339,+0.991
1652332980,+3.19, +1.529, +9.331,+0.991
1652333040,+3.19, +1.507, +9.322,+0.991
1652333100,+3.19, +1.518, +9.330,+0.991
1652333160,+3.19, +1.507, +9.341,+0.991
1652333220,+3.19, +1.496, +9.339,+0.991
1652333280,+3.19, +1.507, +9.333,+0.991
1652333340,+3.19, +1.550, +9.316,+0.991
1652333400,+3.19, +1.507, +9.331,+0.991
1652333460,+3.19, +1.518, +9.323,+0.990
1652333520,+3.19, +1.539, +9.317,+0.991
1652333580,+3.19, +1.496, +9.340,+0.991
1652333640,+3.19, +1.518, +9.319,+0.991
1652333700,+3.19, +1.529, +9.336,+0.991
1652333760,+3.19, +1.539, +9.317,+0.991
1652333820,+3.19, +1.529, +9.323,+0.991
1652333880,+3.19, +1.496, +9.337,+0.991
1652333940,+3.19, +1.507, +9.331,+0.991
1652334000,+3.19, +1.518, +9.343,+0.992
1652334060,+3.19, +1.529, +9.327,+0.991
1652334120,+3.19, +1.518, +9.338,+0.991
1652334180,+3.19, +1.539, +9.325,+0.991
1652334240,+3.19, +1.518, +9.325,+0.991
1652334300,+3.19, +1.507, +9.332,+0.991
1652334360,+3.19, +1.539, +9.318,+0.991
1652334420,+3.19, +1.507, +9.332,+0.991
1652334480,+3.19, +1.539, +9.323,+0.991
1652334540,+3.19, +1.507, +9.339,+0.991
1652334600,+3.19, +1.507, +9.335,+0.991
1652334660,+3.19, +1.496, +9.346,+0.991
1652334720,+3.19, +1.486, +9.341,+0.991
1652334780,+3.19, +1.529, +9.329,+0.992
1652334840,+3.19, +1.529, +9.325,+0.991
1652334900,+3.19, +1.486, +9.342,+0.991
1652334960,+3.19, +1.496, +9.336,+0.991
1652335020,+3.19, +1.518, +9.323,+0.991
1652335080,+3.19, +1.518, +9.335,+0.992
1652335140,+3.19, +1.529, +9.327,+0.991
1652335200,+3.19, +1.507, +9.333,+0.991
1652335260,+3.19, +1.539, +9.313,+0.991
1652335320,+3.19, +1.496, +9.340,+0.991
1652335380,+3.19, +1.529, +9.312,+0.991
1652335440,+3.19, +1.518, +9.318,+0.991
1652335500,+3.19, +1.496, +9.331,+0.991
1652335560,+3.19, +1.496, +9.324,+0.991
1652335620,+3.19, +1.507, +9.331,+0.991
1652335680,+3.19, +1.518, +9.317,+0.991
1652335740,+3.19, +1.496, +9.326,+0.991
1652335800,+3.19, +1.518, +9.329,+0.991
1652335860,+3.19, +1.518, +9.326,+0.991
1652335920,+3.19, +1.486, +9.343,+0.991
1652335980,+3.19, +1.496, +9.337,+0.991
1652336040,+3.19, +1.496, +9.333,+0.991
1652336100,+3.19, +1.486, +9.344,+0.992
1652336160,+3.19, +1.496, +9.325,+0.991
1652336220,+3.19, +1.507, +9.333,+0.991
1652336280,+3.19, +1.539, +9.307,+0.991
1652336340,+3.19, +1.464, +9.339,+0.991
1652336400,+3.19, +1.507, +9.316,+0.991
1652336460,+3.19, +1.507, +9.329,+0.991
1652336520,+3.19, +1.518, +9.312,+0.991
1652336580,+3.19, +1.561, +9.302,+0.991
1652336640,+3.19, +1.486, +9.331,+0.991
1652336700,+3.19, +1.518, +9.315,+0.991
1652336760,+3.19, +1.496, +9.327,+0.991
1652336820,+3.19, +1.539, +9.321,+0.991
1652336880,+3.19, +1.507, +9.329,+0.991
1652336940,+3.19, +1.529, +9.324,+0.991
1652337000,+3.19, +1.507, +9.310,+0.990
1652337060,+3.19, +1.518, +9.326,+0.991
1652337120,+3.19, +1.507, +9.332,+0.991
1652337180,+3.19, +1.496, +9.333,+0.991
1652337240,+3.19, +1.518, +9.318,+0.991
1652337300,+3.19, +1.486, +9.332,+0.991
1652337360,+3.19, +1.507, +9.315,+0.991
1652337420,+3.19, +1.496, +9.314,+0.990
1652337480,+3.19, +1.496, +9.332,+0.992
1652337540,+3.19, +1.496, +9.339,+0.992
1652337600,+3.19, +1.496, +9.327,+0.991
1652337660,+3.19, +1.529, +9.311,+0.991
1652337720,+3.19, +1.518, +9.322,+0.991
1652337780,+3.19, +1.518, +9.323,+0.991
1652337840,+3.19, +1.507, +9.329,+0.991
1652337900,+3.19, +1.518, +9.321,+0.991
1652337960,+3.19, +1.486, +9.332,+0.991
1652338020,+3.19, +1.464, +9.352,+0.991
1652338080,+3.19, +1.507, +9.324,+0.991
1652338140,+3.19, +1.496, +9.324,+0.991
1652338200,+3.19, +1.496, +9.321,+0.991
1652338260,+3.19, +1.518, +9.316,+0.991
1652338320,+3.19, +1.518, +9.322,+0.991
1652338380,+3.19, +1.496, +9.332,+0.992
1652338440,+3.19, +1.518, +9.306,+0.991
1652338500,+3.19, +1.507, +9.324,+0.991
1652338560,+3.19, +1.496, +9.331,+0.991
1652338620,+3.19, +1.507, +9.320,+0.991
1652338680,+3.19, +1.507, +9.321,+0.991
1652338740,+3.19, +1.507, +9.310,+0.990
1652338800,+3.19, +1.486, +9.330,+0.991
1652338860,+3.19, +1.496, +9.321,+0.991
1652338920,+3.19, +1.486, +9.325,+0.991
1652338980,+3.19, +1.496, +9.308,+0.990
1652339040,+3.19, +1.475, +9.340,+0.991
1652339100,+3.19, +1.475, +9.342,+0.991
1652339160,+3.19, +1.486, +9.326,+0.991
1652339220,+3.19, +1.529, +9.308,+0.991
1652339280,+3.19, +1.518, +9.314,+0.991
1652339340,+3.19, +1.507, +9.325,+0.991
1652339400,+3.19, +1.496, +9.327,+0.991
1652339460,+3.19, +1.507, +9.319,+0.991
1652339520,+3.19, +1.518, +9.319,+0.991
1652339580,+3.19, +1.475, +9.335,+0.991
1652339640,+3.19, +1.475, +9.340,+0.991
1652339700,+3.19, +1.486, +9.342,+0.992
1652339760,+3.19, +1.518, +9.321,+0.991
1652339820,+3.19, +1.529, +9.308,+0.991
1652339880,+3.19, +1.507, +9.319,+0.991
1652339940,+3.19, +1.496, +9.318,+0.991
1652340000,+3.19, +1.507, +9.318,+0.991
1652340060,+3.19, +1.496, +9.315,+0.991
1652340120,+3.19, +1.529, +9.326,+0.991
1652340180,+3.19, +1.507, +9.313,+0.991
1652340240,+3.19, +1.496, +9.323,+0.991
1652340300,+3.19, +1.539, +9.305,+0.991
1652340360,+3.19, +1.518, +9.313,+0.991
1652340420,+3.19, +1.475, +9.342,+0.991
1652340480,+3.19, +1.518, +9.312,+0.991
1652340540,+3.19, +1.443, +9.343,+0.991
1652340600,+3.19, +1.496, +9.327,+0.991
1652340660,+3.19, +1.496, +9.312,+0.991
1652340720,+3.19, +1.539, +9.301,+0.991
1652340780,+3.19, +1.486, +9.323,+0.991
1652340840,+3.19, +1.486, +9.336,+0.991
1652340900,+3.19, +1.529, +9.318,+0.991
1652340960,+3.19, +1.496, +9.333,+0.992
1652341020,+3.19, +1.518, +9.311,+0.991
1652341080,+3.19, +1.507, +9.338,+0.992
1652341140,+3.19, +1.507, +9.311,+0.991
1652341200,+3.19, +1.529, +9.305,+0.991
1652341260,+3.19, +1.496, +9.325,+0.991
1652341320,+3.19, +1.529, +9.308,+0.991
1652341380,+3.19, +1.507, +9.319,+0.991
1652341440,+3.19, +1.507, +9.312,+0.991
1652341500,+3.19, +1.518, +9.311,+0.991
1652341560,+3.19, +1.496, +9.330,+0.992
1652341620,+3.19, +1.475, +9.321,+0.990
1652341680,+3.19, +1.518, +9.312,+0.991
1652341740,+3.19, +1.475, +9.329,+0.991
1652341800,+3.19, +1.507, +9.321,+0.991
1652341860,+3.19, +1.518, +9.311,+0.991
1652341920,+3.19, +1.507, +9.318,+0.991
1652341980,+3.19, +1.507, +9.317,+0.991
1652342040,+3.19, +1.507, +9.314,+0.991
1652342100,+3.19, +1.475, +9.328,+0.991
1652342160,+3.19, +1.518, +9.308,+0.991
1652342220,+3.19, +1.507, +9.310,+0.991
1652342280,+3.19, +1.486, +9.327,+0.991
1652342340,+3.19, +1.496, +9.314,+0.991
1652342400,+3.19, +1.518, +9.312,+0.991
1652342460,+3.19, +1.518, +9.313,+0.991
1652342520,+3.19, +1.496, +9.307,+0.990
1652342580,+3.19, +1.518, +9.314,+0.991
1652342640,+3.19, +1.518, +9.305,+0.991
1652342700,+3.19, +1.518, +9.314,+0.991
1652342760,+3.19, +1.529, +9.297,+0.991
1652342820,+3.19, +1.518, +9.313,+0.991
1652342880,+3.19, +1.550, +9.300,+0.991
1652342940,+3.19, +1.518, +9.314,+0.991
1652343000,+3.19, +1.507, +9.321,+0.991
1652343060,+3.19, +1.550, +9.307,+0.992
1652343120,+3.19, +1.550, +9.305,+0.991
1652343180,+3.19, +1.539, +9.305,+0.991
1652343240,+3.19, +1.529, +9.304,+0.991
1652343300,+3.19, +1.486, +9.317,+0.991
1652343360,+3.19, +1.518, +9.309,+0.991
1652343420,+3.19, +1.539, +9.304,+0.991
1652343480,+3.19, +1.507, +9.319,+0.991
1652343540,+3.19, +1.529, +9.303,+0.991
1652343600,+3.19, +1.518, +9.312,+0.991
1652343660,+3.19, +1.518, +9.303,+0.990
1652343720,+3.19, +1.529, +9.313,+0.991
1652343780,+3.19, +1.518, +9.320,+0.991
1652343840,+3.19, +1.518, +9.313,+0.991
1652343900,+3.19, +1.539, +9.313,+0.991
1652343960,+3.19, +1.529, +9.308,+0.991
1652344020,+3.19, +1.518, +9.308,+0.991
1652344080,+3.19, +1.529, +9.302,+0.991
1652344140,+3.19, +1.507, +9.320,+0.991
1652344200,+3.19, +1.518, +9.311,+0.991
1652344260,+3.19, +1.518, +9.314,+0.991
1652344320,+3.19, +1.529, +9.305,+0.991
1652344380,+3.19, +1.561, +9.300,+0.991
1652344440,+3.19, +1.518, +9.316,+0.991
1652344500,+3.19, +1.507, +9.317,+0.991
1652344560,+3.19, +1.550, +9.302,+0.991
1652344620,+3.19, +1.539, +9.309,+0.991
1652344680,+3.19, +1.539, +9.316,+0.992
1652344740,+3.19, +1.529, +9.316,+0.991
1652344800,+3.19, +1.550, +9.309,+0.991
1652344860,+3.19, +1.529, +9.300,+0.991
1652344920,+3.19, +1.529, +9.303,+0.991
1652344980,+3.19, +1.529, +9.310,+0.991
1652345040,+3.19, +1.539, +9.304,+0.991
1652345100,+3.19, +1.529, +9.313,+0.991
1652345160,+3.19, +1.539, +9.294,+0.990
1652345220,+3.19, +1.539, +9.299,+0.991
1652345280,+3.19, +1.550, +9.302,+0.991
1652345340,+3.19, +1.518, +9.311,+0.991
1652345400,+3.19, +1.529, +9.312,+0.991
1652345460,+3.19, +1.518, +9.312,+0.991
1652345520,+3.19, +1.529, +9.310,+0.991
1652345580,+3.19, +1.518, +9.310,+0.991
1652345640,+3.19, +1.539, +9.309,+0.991
1652345700,+3.19, +1.518, +9.317,+0.991
1652345760,+3.19, +1.550, +9.305,+0.991
1652345820,+3.19, +1.539, +9.310,+0.991
1652345880,+3.19, +1.529, +9.306,+0.991
1652345940,+3.19, +1.550, +9.302,+0.991
1652346000,+3.19, +1.550, +9.280,+0.990
1652346060,+3.19, +1.539, +9.308,+0.991
1652346120,+3.19, +1.518, +9.307,+0.991
1652346180,+3.19, +1.529, +9.317,+0.991
1652346240,+3.19, +1.529, +9.317,+0.991
1652346300,+3.19, +1.518, +9.315,+0.991
1652346360,+3.19, +1.539, +9.300,+0.991
1652346420,+3.19, +1.518, +9.313,+0.991
1652346480,+3.19, +1.507, +9.318,+0.991
1652346540,+3.19, +1.539, +9.302,+0.991
1652346600,+3.19, +1.518, +9.311,+0.991
1652346660,+3.19, +1.539, +9.304,+0.991
1652346720,+3.19, +1.539, +9.311,+0.991
1652346780,+3.19, +1.529, +9.296,+0.990
1652346840,+3.19, +1.486, +9.329,+0.991
1652346900,+3.19, +1.539, +9.302,+0.991
1652346960,+3.19, +1.529, +9.300,+0.991
1652347020,+3.19, +1.507, +9.312,+0.991
1652347080,+3.19, +1.529, +9.301,+0.991
1652347140,+3.19, +1.550, +9.311,+0.992
1652347200,+3.19, +1.550, +9.297,+0.991
1652347260,+3.19, +1.550, +9.303,+0.991
1652347320,+3.19, +1.550, +9.299,+0.991
1652347380,+3.19, +1.571, +9.281,+0.991
1652347440,+3.19, +1.550, +9.291,+0.991
1652347500,+3.19, +1.550, +9.300,+0.991
1652347560,+3.19, +1.518, +9.314,+0.991
1652347620,+3.19, +1.529, +9.309,+0.991
1652347680,+3.19, +1.539, +9.296,+0.991
1652347740,+3.19, +1.529, +9.293,+0.990
1652347800,+3.19, +1.518, +9.308,+0.991
1652347860,+3.19, +1.529, +9.321,+0.991
1652347920,+3.19, +1.518, +9.311,+0.991
1652347980,+3.19, +1.550, +9.298,+0.991
1652348040,+3.19, +1.486, +9.320,+0.991
1652348100,+3.19, +1.507, +9.320,+0.991
1652348160,+3.19, +1.550, +9.300,+0.991
1652348220,+3.19, +1.539, +9.299,+0.991
1652348280,+3.19, +1.507, +9.313,+0.991
1652348340,+3.19, +1.507, +9.301,+0.990
1652348400,+3.19, +1.539, +9.305,+0.991
1652348460,+3.19, +1.496, +9.309,+0.990
1652348520,+3.19, +1.496, +9.308,+0.990
1652348580,+3.19, +1.529, +9.300,+0.991
1652348640,+3.19, +1.529, +9.303,+0.991
1652348700,+3.19, +1.529, +9.309,+0.991
1652348760,+3.19, +1.539, +9.297,+0.991
1652348820,+3.19, +1.539, +9.305,+0.992
1652348880,+3.19, +1.561, +9.301,+0.992
1652348940,+3.19, +1.507, +9.300,+0.990
1652349000,+3.19, +1.507, +9.316,+0.991
1652349060,+3.19, +1.561, +9.288,+0.991
1652349120,+3.19, +1.561, +9.290,+0.991
1652349180,+3.19, +1.539, +9.301,+0.991
1652349240,+3.19, +1.518, +9.300,+0.991
1652349300,+3.19, +1.507, +9.310,+0.991
1652349360,+3.19, +1.539, +9.288,+0.990
1652349420,+3.19, +1.539, +9.306,+0.991
1652349480,+3.19, +1.529, +9.313,+0.991
1652349540,+3.19, +1.539, +9.310,+0.992
1652349600,+3.19, +1.529, +9.309,+0.991
1652349660,+3.19, +1.518, +9.308,+0.991
1652349720,+3.19, +1.539, +9.309,+0.991
1652349780,+3.19, +1.561, +9.297,+0.991
1652349840,+3.19, +1.529, +9.304,+0.991
1652349900,+3.19, +1.539, +9.299,+0.991
1652349960,+3.19, +1.550, +9.292,+0.991
1652350020,+3.19, +1.550, +9.279,+0.990
1652350080,+3.19, +1.539, +9.304,+0.991
1652350140,+3.19, +1.550, +9.295,+0.991
1652350200,+3.19, +1.529, +9.299,+0.991
1652350260,+3.19, +1.550, +9.302,+0.991
1652350320,+3.19, +1.518, +9.306,+0.991
1652350380,+3.19, +1.529, +9.301,+0.991
1652350440,+3.19, +1.507, +9.304,+0.990
1652350500,+3.19, +1.571, +9.286,+0.991
1652350560,+3.19, +1.529, +9.299,+0.991
1652350620,+3.19, +1.550, +9.306,+0.991
1652350680,+3.19, +1.529, +9.311,+0.991
1652350740,+3.19, +1.550, +9.303,+0.991
1652350800,+3.19, +1.539, +9.303,+0.991
1652350860,+3.19, +1.539, +9.301,+0.991
1652350920,+3.19, +1.529, +9.308,+0.991
1652350980,+3.19, +1.550, +9.291,+0.991
1652351040,+3.19, +1.529, +9.301,+0.991
1652351100,+3.19, +1.539, +9.295,+0.991
1652351160,+3.19, +1.507, +9.310,+0.991
1652351220,+3.19, +1.550, +9.294,+0.991
1652351280,+3.19, +1.529, +9.297,+0.991
1652351340,+3.19, +1.550, +9.297,+0.991
1652351400,+3.19, +1.539, +9.308,+0.991
1652351460,+3.19, +1.561, +9.295,+0.991
1652351520,+3.19, +1.539, +9.300,+0.991
1652351580,+3.19, +1.518, +9.310,+0.991
1652351640,+3.19, +1.539, +9.292,+0.990
1652351700,+3.19, +1.507, +9.318,+0.991
1652351760,+3.19, +1.561, +9.301,+0.991
1652351820,+3.19, +1.539, +9.298,+0.991
1652351880,+3.19, +1.550, +9.294,+0.991
1652351940,+3.19, +1.571, +9.296,+0.991
1652352000,+3.19, +1.550, +9.304,+0.991
1652352060,+3.19, +1.518, +9.314,+0.991
1652352120,+3.19, +1.529, +9.304,+0.991
1652352180,+3.19, +1.539, +9.314,+0.991
1652352240,+3.19, +1.529, +9.299,+0.991
1652352300,+3.19, +1.518, +9.313,+0.991
1652352360,+3.19, +1.550, +9.300,+0.991
1652352420,+3.19, +1.529, +9.311,+0.991
1652352480,+3.19, +1.518, +9.311,+0.991
1652352540,+3.19, +1.539, +9.296,+0.991
1652352600,+3.19, +1.529, +9.307,+0.991
1652352660,+3.19, +1.518, +9.301,+0.991
1652352720,+3.19, +1.518, +9.311,+0.991
1652352780,+3.19, +1.539, +9.286,+0.990
1652352840,+3.19, +1.550, +9.308,+0.992
1652352900,+3.19, +1.529, +9.312,+0.991
1652352960,+3.19, +1.550, +9.291,+0.991
1652353020,+3.19, +1.539, +9.304,+0.991
1652353080,+3.19, +1.539, +9.281,+0.990
1652353140,+3.19, +1.518, +9.303,+0.991
1652353200,+3.19, +1.507, +9.314,+0.991
1652353260,+3.19, +1.529, +9.308,+0.991
1652353320,+3.19, +1.529, +9.291,+0.990
1652353380,+3.19, +1.539, +9.286,+0.990
1652353440,+3.19, +1.518, +9.302,+0.991
1652353500,+3.19, +1.529, +9.300,+0.991
1652353560,+3.19, +1.550, +9.293,+0.991
1652353620,+3.19, +1.529, +9.299,+0.991
1652353680,+3.19, +1.529, +9.300,+0.991
1652353740,+3.19, +1.529, +9.293,+0.991
1652353800,+3.19, +1.550, +9.289,+0.991
1652353860,+3.19, +1.539, +9.290,+0.991
1652353920,+3.19, +1.529, +9.295,+0.991
1652353980,+3.19, +1.529, +9.300,+0.991
1652354040,+3.19, +1.539, +9.298,+0.991
1652354100,+3.19, +1.539, +9.294,+0.991
1652354160,+3.19, +1.518, +9.296,+0.991
1652354220,+3.19, +1.550, +9.286,+0.991
1652354280,+3.19, +1.518, +9.289,+0.991
1652354340,+3.19, +1.518, +9.303,+0.991
1652354400,+3.19, +1.518, +9.311,+0.991
1652354460,+3.19, +1.550, +9.284,+0.991
1652354520,+3.19, +1.529, +9.295,+0.991
1652354580,+3.19, +1.539, +9.293,+0.991
1652354640,+3.19, +1.550, +9.283,+0.991
1652354700,+3.19, +1.539, +9.295,+0.991
1652354760,+3.19, +1.539, +9.302,+0.992
1652354820,+3.19, +1.529, +9.300,+0.991
1652354880,+3.19, +1.529, +9.297,+0.991
1652354940,+3.19, +1.529, +9.287,+0.991
1652355000,+3.19, +1.539, +9.304,+0.992
1652355060,+3.19, +1.496, +9.315,+0.991
1652355120,+3.19, +1.529, +9.288,+0.991
1652355180,+3.19, +1.529, +9.300,+0.992
1652355240,+3.19, +1.529, +9.304,+0.991
1652355300,+3.19, +1.518, +9.304,+0.991
1652355360,+3.19, +1.518, +9.292,+0.991
1652355420,+3.19, +1.496, +9.311,+0.991
1652355480,+3.19, +1.475, +9.318,+0.991
1652355540,+3.19, +1.518, +9.303,+0.991
1652355600,+3.19, +1.550, +9.282,+0.991
1652355660,+3.19, +1.507, +9.298,+0.991
1652355720,+3.19, +1.507, +9.300,+0.991
1652355780,+3.19, +1.507, +9.288,+0.991
1652355840,+3.19, +1.486, +9.280,+0.991
1652355900,+3.19, +1.464, +9.298,+0.990
1652355960,+3.19, +1.486, +9.311,+0.991
1652356020,+3.19, +1.507, +9.294,+0.991
1652356080,+3.19, +1.464, +9.329,+0.991
1652356140,+3.19, +1.518, +9.285,+0.990
1652356200,+3.19, +1.518, +9.294,+0.991
1652356260,+3.19, +1.539, +9.280,+0.991
1652356320,+3.19, +1.507, +9.300,+0.991
1652356380,+3.19, +1.518, +9.303,+0.991
1652356440,+3.19, +1.496, +9.304,+0.991
1652356500,+3.19, +1.486, +9.310,+0.991
1652356560,+3.19, +1.507, +9.301,+0.991
1652356620,+3.19, +1.529, +9.292,+0.991
1652356680,+3.19, +1.518, +9.287,+0.990
1652356740,+3.19, +1.529, +9.290,+0.991
1652356800,+3.19, +1.507, +9.303,+0.991
1652356860,+3.19, +1.486, +9.311,+0.991
1652356920,+3.19, +1.518, +9.298,+0.991
1652356980,+3.19, +1.486, +9.304,+0.991
1652357040,+3.19, +1.539, +9.304,+0.992
1652357100,+3.19, +1.496, +9.312,+0.991
1652357160,+3.19, +1.507, +9.301,+0.991
1652357220,+3.19, +1.496, +9.306,+0.991
1652357280,+3.19, +1.518, +9.308,+0.992
1652357340,+3.19, +1.518, +9.296,+0.991
1652357400,+3.19, +1.486, +9.313,+0.991
1652357460,+3.19, +1.529, +9.280,+0.991
1652357520,+3.19, +1.507, +9.304,+0.991
1652357580,+3.19, +1.507, +9.290,+0.990
1652357640,+3.19, +1.529, +9.295,+0.991
1652357700,+3.19, +1.496, +9.310,+0.991
1652357760,+3.19, +1.507, +9.301,+0.991
1652357820,+3.19, +1.518, +9.312,+0.992
1652357880,+3.19, +1.507, +9.288,+0.991
1652357940,+3.19, +1.507, +9.298,+0.991
1652358000,+3.19, +1.496, +9.308,+0.991
1652358060,+3.19, +1.496, +9.312,+0.992
1652358120,+3.19, +1.496, +9.290,+0.990
1652358180,+3.19, +1.486, +9.321,+0.992
1652358240,+3.19, +1.518, +9.292,+0.991
1652358300,+3.19, +1.475, +9.312,+0.991
1652358360,+3.19, +1.432, +9.170,+0.990
1652358420,+3.19, +1.238, +9.181,+0.989
1652358480,+3.19, +1.195, +9.282,+0.990
1652358540,+3.19, +1.271, +9.310,+0.991
1652358600,+3.19, +1.282, +9.321,+0.991
1652358660,+3.19, +1.325, +9.314,+0.991
1652358720,+3.19, +1.325, +9.342,+0.991
1652358780,+3.19, +1.411, +9.309,+0.991
1652358840,+3.19, +1.432, +9.314,+0.991
1652358900,+3.19, +1.443, +9.304,+0.991
1652358960,+3.19, +1.421, +9.325,+0.991
1652359020,+3.19, +1.464, +9.302,+0.991
1652359080,+3.19, +1.454, +9.305,+0.990
1652359140,+3.19, +1.486, +9.302,+0.991
1652359200,+3.19, +1.464, +9.301,+0.991
1652359260,+3.19, +1.507, +9.286,+0.991
1652359320,+3.19, +1.529, +9.302,+0.992
1652359380,+3.19, +1.496, +9.295,+0.991
1652359440,+3.19, +1.507, +9.298,+0.991
1652359500,+3.19, +1.507, +9.305,+0.992
1652359560,+3.19, +1.507, +9.296,+0.991
1652359620,+3.19, +1.496, +9.305,+0.991
1652359680,+3.19, +1.486, +9.300,+0.990
1652359740,+3.19, +1.507, +9.293,+0.991
1652359800,+3.19, +1.529, +9.286,+0.991
1652359860,+3.19, +1.507, +9.292,+0.991
1652359920,+3.19, +1.529, +9.291,+0.991
1652359980,+3.19, +1.486, +9.298,+0.991
1652360040,+3.19, +1.539, +9.276,+0.990
1652360100,+3.19, +1.507, +9.309,+0.991
1652360160,+3.19, +1.507, +9.311,+0.992
1652360220,+3.19, +1.496, +9.309,+0.991
1652360280,+3.19, +1.507, +9.294,+0.991
1652360340,+3.19, +1.486, +9.314,+0.991
1652360400,+3.19, +1.518, +9.297,+0.991
1652360460,+3.19, +1.518, +9.283,+0.991
1652360520,+3.19, +1.496, +9.297,+0.991
1652360580,+3.19, +1.486, +9.301,+0.991
1652360640,+3.19, +1.518, +9.296,+0.991
1652360700,+3.19, +1.496, +9.306,+0.991
1652360760,+3.19, +1.529, +9.303,+0.992
1652360820,+3.19, +1.507, +9.300,+0.991
1652360880,+3.19, +1.496, +9.316,+0.992
1652360940,+3.19, +1.518, +9.283,+0.991
1652361000,+3.19, +1.507, +9.305,+0.992
1652361060,+3.19, +1.507, +9.281,+0.990
1652361120,+3.19, +1.507, +9.299,+0.991
1652361180,+3.19, +1.507, +9.309,+0.991
1652361240,+3.19, +1.518, +9.284,+0.990
1652361300,+3.19, +1.464, +9.311,+0.991
1652361360,+3.19, +1.518, +9.292,+0.991
1652361420,+3.19, +1.486, +9.317,+0.992
1652361480,+3.19, +1.475, +9.302,+0.991
1652361540,+3.19, +1.496, +9.298,+0.991
1652361600,+3.19, +1.539, +9.295,+0.991
1652361660,+3.19, +1.496, +9.294,+0.991
1652361720,+3.19, +1.486, +9.302,+0.991
1652361780,+3.19, +1.518, +9.291,+0.991
1652361840,+3.19, +1.507, +9.284,+0.991
1652361900,+3.19, +1.464, +9.317,+0.991
1652361960,+3.19, +1.518, +9.292,+0.991
1652362020,+3.19, +1.507, +9.297,+0.991
1652362080,+3.19, +1.518, +9.300,+0.991
1652362140,+3.19, +1.539, +9.300,+0.992
1652362200,+3.19, +1.529, +9.294,+0.991
1652362260,+3.19, +1.529, +9.277,+0.990
1652362320,+3.19, +1.529, +9.281,+0.991
1652362380,+3.19, +1.529, +9.294,+0.991
1652362440,+3.19, +1.507, +9.304,+0.991
1652362500,+3.19, +1.496, +9.301,+0.991
1652362560,+3.19, +1.507, +9.301,+0.991
1652362620,+3.19, +1.539, +9.282,+0.991
1652362680,+3.19, +1.529, +9.288,+0.991
1652362740,+3.19, +1.529, +9.298,+0.991
1652362800,+3.19, +1.518, +9.290,+0.991
1652362860,+3.19, +1.518, +9.294,+0.991
1652362920,+3.19, +1.507, +9.304,+0.991
1652362980,+3.19, +1.496, +9.300,+0.991
1652363040,+3.19, +1.507, +9.307,+0.991
1652363100,+3.19, +1.539, +9.299,+0.991
1652363160,+3.19, +1.529, +9.300,+0.991
1652363220,+3.19, +1.539, +9.289,+0.991
1652363280,+3.19, +1.529, +9.281,+0.991
1652363340,+3.19, +1.550, +9.291,+0.991
1652363400,+3.19, +1.529, +9.297,+0.991
1652363460,+3.19, +1.539, +9.286,+0.991
1652363520,+3.19, +1.539, +9.290,+0.991
1652363580,+3.19, +1.539, +9.284,+0.991
1652363640,+3.19, +1.550, +9.279,+0.991
1652363700,+3.19, +1.529, +9.304,+0.991
1652363760,+3.19, +1.561, +9.290,+0.991
1652363820,+3.19, +1.550, +9.281,+0.991
1652363880,+3.19, +1.518, +9.300,+0.991
1652363940,+3.19, +1.518, +9.303,+0.991
1652364000,+3.19, +1.550, +9.289,+0.991
1652364060,+3.19, +1.529, +9.295,+0.991
1652364120,+3.19, +1.507, +9.304,+0.991
1652364180,+3.19, +1.539, +9.297,+0.991
1652364240,+3.19, +1.550, +9.296,+0.991
1652364300,+3.19, +1.496, +9.313,+0.991
1652364360,+3.19, +1.518, +9.307,+0.992
1652364420,+3.19, +1.561, +9.278,+0.991
1652364480,+3.19, +1.518, +9.318,+0.992
1652364540,+3.19, +1.518, +9.297,+0.991
1652364600,+3.19, +1.539, +9.285,+0.991
1652364660,+3.19, +1.507, +9.292,+0.991
1652364720,+3.19, +1.518, +9.284,+0.991
1652364780,+3.19, +1.550, +9.296,+0.992
1652364840,+3.19, +1.518, +9.306,+0.991
1652364900,+3.19, +1.529, +9.305,+0.991
1652364960,+3.19, +1.561, +9.283,+0.991
1652365020,+3.19, +1.550, +9.290,+0.991
1652365080,+3.19, +1.582, +9.277,+0.991
1652365140,+3.19, +1.529, +9.300,+0.991
1652365200,+3.19, +1.550, +9.297,+0.991
1652365260,+3.19, +1.539, +9.286,+0.990
1652365320,+3.19, +1.539, +9.297,+0.991
1652365380,+3.19, +1.529, +9.324,+0.992
1652365440,+3.19, +1.550, +9.291,+0.991
1652365500,+3.19, +1.561, +9.286,+0.991
1652365560,+3.19, +1.539, +9.302,+0.991
1652365620,+3.19, +1.539, +9.295,+0.990
1652365680,+3.19, +1.550, +9.308,+0.992
1652365740,+3.19, +1.539, +9.292,+0.990
1652365800,+3.19, +1.550, +9.291,+0.991
1652365860,+3.19, +1.561, +9.286,+0.990
1652365920,+3.19, +1.550, +9.291,+0.991
1652365980,+3.19, +1.582, +9.285,+0.991
1652366040,+3.19, +1.571, +9.293,+0.991
1652366100,+3.19, +1.561, +9.291,+0.991
1652366160,+3.19, +1.571, +9.277,+0.990
1652366220,+3.19, +1.561, +9.289,+0.990
1652366280,+3.19, +1.550, +9.294,+0.990
1652366340,+3.19, +1.561, +9.296,+0.991
1652366400,+3.19, +1.550, +9.295,+0.991
1652366460,+3.19, +1.604, +9.262,+0.990
1652366520,+3.19, +1.561, +9.281,+0.990
1652366580,+3.19, +1.561, +9.284,+0.990
1652366640,+3.19, +1.539, +9.299,+0.991
1652366700,+3.19, +1.539, +9.286,+0.990
1652366760,+3.19, +1.507, +9.299,+0.990
1652366820,+3.19, +1.507, +9.302,+0.990
1652366880,+3.19, +1.529, +9.288,+0.990
1652366940,+3.19, +1.507, +9.298,+0.990
1652367000,+3.19, +1.518, +9.284,+0.990
1652367060,+3.19, +1.496, +9.309,+0.990
1652367120,+3.19, +1.507, +9.292,+0.990
1652367180,+3.19, +1.496, +9.297,+0.989
1652367240,+3.19, +1.496, +9.316,+0.991
1652367300,+3.19, +1.518, +9.304,+0.990
1652367360,+3.19, +1.507, +9.310,+0.990
1652367420,+3.19, +1.475, +9.313,+0.990
1652367480,+3.19, +1.518, +9.306,+0.990
1652367540,+3.19, +1.529, +9.302,+0.990
1652367600,+3.19, +1.529, +9.294,+0.990
1652367660,+3.19, +1.539, +9.296,+0.990
1652367720,+3.19, +1.486, +9.321,+0.990
1652367780,+3.19, +1.571, +9.272,+0.989
1652367840,+3.19, +1.561, +9.283,+0.990
1652367900,+3.19, +1.507, +9.313,+0.990
1652367960,+3.19, +1.550, +9.296,+0.990
1652368020,+3.19, +1.561, +9.297,+0.990
1652368080,+3.19, +1.550, +9.296,+0.990
