7392-928226
OS REV: 1.11 Sensor Cal: 1496933196
Time (sec),  BV (Volts),  T (deg C),  DO (mg/l),  Q ()
1652540940,+3.18, +1.710, +9.380,+0.991
1652541000,+3.18, +1.721, +9.365,+0.990
1652541060,+3.18, +1.753, +9.343,+0.989
1652541120,+3.18, +1.742, +9.365,+0.990
1652541180,+3.18, +1.732, +9.356,+0.990
1652541240,+3.18, +1.753, +9.352,+0.990
1652541300,+3.18, +1.742, +9.360,+0.990
1652541360,+3.18, +1.753, +9.368,+0.991
1652541420,+3.18, +1.753, +9.358,+0.991
1652541480,+3.18, +1.764, +9.350,+0.990
1652541540,+3.17, +1.774, +9.358,+0.991
1652541600,+3.18, +1.764, +9.359,+0.990
1652541660,+3.17, +1.785, +9.353,+0.991
1652541720,+3.18, +1.774, +9.361,+0.991
1652541780,+3.18, +1.753, +9.364,+0.991
1652541840,+3.18, +1.785, +9.362,+0.991
1652541900,+3.18, +1.785, +9.354,+0.990
1652541960,+3.17, +1.785, +9.352,+0.990
1652542020,+3.18, +1.774, +9.358,+0.991
1652542080,+3.18, +1.785, +9.362,+0.990
1652542140,+3.18, +1.796, +9.357,+0.991
1652542200,+3.18, +1.817, +9.341,+0.990
1652542260,+3.18, +1.796, +9.354,+0.990
1652542320,+3.17, +1.817, +9.352,+0.991
1652542380,+3.18, +1.806, +9.359,+0.991
1652542440,+3.18, +1.817, +9.355,+0.991
1652542500,+3.17, +1.828, +9.342,+0.990
1652542560,+3.18, +1.838, +9.345,+0.991
1652542620,+3.18, +1.828, +9.358,+0.991
1652542680,+3.18, +1.806, +9.358,+0.991
1652542740,+3.18, +1.838, +9.353,+0.991
1652542800,+3.17, +1.817, +9.361,+0.991
1652542860,+3.18, +1.828, +9.343,+0.990
1652542920,+3.18, +1.806, +9.370,+0.992
1652542980,+3.18, +1.838, +9.342,+0.991
1652543040,+3.17, +1.849, +9.343,+0.991
1652543100,+3.18, +1.796, +9.359,+0.990
1652543160,+3.18, +1.870, +9.336,+0.991
1652543220,+3.18, +1.838, +9.344,+0.991
1652543280,+3.18, +1.817, +9.358,+0.991
1652543340,+3.18, +1.838, +9.346,+0.991
1652543400,+3.18, +1.860, +9.342,+0.991
1652543460,+3.17, +1.860, +9.343,+0.991
1652543520,+3.18, +1.849, +9.350,+0.991
1652543580,+3.17, +1.860, +9.343,+0.991
1652543640,+3.18, +1.881, +9.338,+0.991
1652543700,+3.18, +1.870, +9.339,+0.991
1652543760,+3.17, +1.860, +9.333,+0.991
1652543820,+3.17, +1.870, +9.337,+0.991
1652543880,+3.18, +1.913, +9.331,+0.991
1652543940,+3.18, +1.881, +9.348,+0.992
1652544000,+3.18, +1.881, +9.337,+0.991
1652544060,+3.18, +1.902, +9.341,+0.991
1652544120,+3.18, +1.881, +9.343,+0.991
1652544180,+3.18, +1.891, +9.340,+0.991
1652544240,+3.17, +1.902, +9.337,+0.991
1652544300,+3.18, +1.902, +9.334,+0.991
1652544360,+3.17, +1.913, +9.332,+0.991
1652544420,+3.18, +1.913, +9.328,+0.991
1652544480,+3.18, +1.913, +9.326,+0.991
1652544540,+3.18, +1.934, +9.328,+0.991
1652544600,+3.18, +1.923, +9.319,+0.991
1652544660,+3.17, +1.923, +9.333,+0.991
1652544720,+3.18, +1.913, +9.334,+0.991
1652544780,+3.17, +1.913, +9.342,+0.991
1652544840,+3.18, +1.934, +9.329,+0.991
1652544900,+3.18, +1.955, +9.315,+0.991
1652544960,+3.18, +1.902, +9.347,+0.991
1652545020,+3.18, +1.923, +9.345,+0.992
1652545080,+3.17, +1.955, +9.327,+0.991
1652545140,+3.17, +1.945, +9.334,+0.991
1652545200,+3.18, +1.934, +9.333,+0.991
1652545260,+3.17, +1.976, +9.319,+0.991
1652545320,+3.18, +1.966, +9.321,+0.991
1652545380,+3.17, +1.976, +9.328,+0.992
1652545440,+3.17, +1.966, +9.318,+0.991
1652545500,+3.18, +1.966, +9.321,+0.991
1652545560,+3.18, +1.966, +9.329,+0.991
1652545620,+3.18, +1.945, +9.333,+0.991
1652545680,+3.18, +1.987, +9.313,+0.991
1652545740,+3.18, +1.998, +9.322,+0.991
1652545800,+3.18, +2.008, +9.319,+0.991
1652545860,+3.18, +2.008, +9.309,+0.991
1652545920,+3.18, +1.998, +9.303,+0.990
1652545980,+3.18, +1.998, +9.316,+0.991
1652546040,+3.18, +2.019, +9.317,+0.991
1652546100,+3.18, +1.998, +9.320,+0.991
1652546160,+3.18, +2.019, +9.312,+0.991
1652546220,+3.17, +2.029, +9.304,+0.991
1652546280,+3.18, +2.019, +9.314,+0.991
1652546340,+3.17, +2.029, +9.319,+0.992
1652546400,+3.18, +2.051, +9.299,+0.991
1652546460,+3.18, +2.061, +9.298,+0.991
1652546520,+3.17, +2.072, +9.292,+0.991
1652546580,+3.17, +2.072, +9.294,+0.991
1652546640,+3.18, +2.072, +9.298,+0.991
1652546700,+3.18, +2.093, +9.299,+0.991
1652546760,+3.17, +2.072, +9.294,+0.991
1652546820,+3.17, +2.093, +9.287,+0.991
1652546880,+3.17, +2.082, +9.301,+0.991
1652546940,+3.18, +2.072, +9.301,+0.991
1652547000,+3.17, +2.114, +9.279,+0.991
1652547060,+3.17, +2.125, +9.284,+0.991
1652547120,+3.17, +2.072, +9.298,+0.990
1652547180,+3.18, +2.104, +9.305,+0.991
1652547240,+3.18, +2.125, +9.300,+0.991
1652547300,+3.17, +2.135, +9.304,+0.992
1652547360,+3.17, +2.135, +9.288,+0.991
1652547420,+3.17, +2.157, +9.277,+0.991
1652547480,+3.18, +2.146, +9.296,+0.991
1652547540,+3.18, +2.146, +9.284,+0.991
1652547600,+3.18, +2.146, +9.283,+0.991
1652547660,+3.18, +2.199, +9.271,+0.991
1652547720,+3.18, +2.178, +9.274,+0.991
1652547780,+3.18, +2.199, +9.266,+0.991
1652547840,+3.17, +2.178, +9.281,+0.991
1652547900,+3.18, +2.199, +9.256,+0.990
1652547960,+3.18, +2.188, +9.262,+0.990
1652548020,+3.17, +2.220, +9.257,+0.991
1652548080,+3.17, +2.209, +9.272,+0.991
1652548140,+3.18, +2.209, +9.247,+0.990
1652548200,+3.18, +2.230, +9.265,+0.991
1652548260,+3.17, +2.252, +9.263,+0.991
1652548320,+3.18, +2.262, +9.253,+0.991
1652548380,+3.17, +2.230, +9.273,+0.991
1652548440,+3.17, +2.241, +9.260,+0.991
1652548500,+3.18, +2.252, +9.268,+0.991
1652548560,+3.17, +2.252, +9.270,+0.991
1652548620,+3.18, +2.262, +9.263,+0.991
1652548680,+3.18, +2.315, +9.241,+0.991
1652548740,+3.17, +2.283, +9.257,+0.991
1652548800,+3.17, +2.304, +9.254,+0.991
1652548860,+3.17, +2.294, +9.267,+0.992
1652548920,+3.17, +2.273, +9.264,+0.991
1652548980,+3.17, +2.262, +9.267,+0.991
1652549040,+3.17, +2.315, +9.248,+0.991
1652549100,+3.17, +2.325, +9.237,+0.991
1652549160,+3.17, +2.325, +9.241,+0.991
1652549220,+3.17, +2.325, +9.257,+0.992
1652549280,+3.17, +2.325, +9.244,+0.991
1652549340,+3.17, +2.368, +9.227,+0.991
1652549400,+3.17, +2.325, +9.245,+0.991
1652549460,+3.18, +2.346, +9.245,+0.991
1652549520,+3.18, +2.378, +9.239,+0.991
1652549580,+3.18, +2.378, +9.232,+0.991
1652549640,+3.17, +2.378, +9.241,+0.992
1652549700,+3.17, +2.410, +9.221,+0.991
1652549760,+3.17, +2.399, +9.230,+0.991
1652549820,+3.18, +2.399, +9.228,+0.991
1652549880,+3.18, +2.431, +9.221,+0.991
1652549940,+3.17, +2.431, +9.210,+0.990
1652550000,+3.17, +2.431, +9.213,+0.990
1652550060,+3.18, +2.378, +9.228,+0.990
1652550120,+3.17, +2.441, +9.230,+0.992
1652550180,+3.17, +2.420, +9.220,+0.991
1652550240,+3.17, +2.420, +9.234,+0.991
1652550300,+3.17, +2.441, +9.232,+0.992
1652550360,+3.17, +2.420, +9.222,+0.991
1652550420,+3.17, +2.462, +9.205,+0.991
1652550480,+3.17, +2.452, +9.217,+0.991
1652550540,+3.17, +2.483, +9.212,+0.991
1652550600,+3.18, +2.452, +9.221,+0.991
1652550660,+3.17, +2.504, +9.193,+0.991
1652550720,+3.18, +2.504, +9.200,+0.991
1652550780,+3.17, +2.525, +9.203,+0.991
1652550840,+3.17, +2.525, +9.194,+0.991
1652550900,+3.18, +2.546, +9.199,+0.991
1652550960,+3.17, +2.483, +9.238,+0.992
1652551020,+3.17, +2.578, +9.176,+0.991
1652551080,+3.17, +2.578, +9.183,+0.991
1652551140,+3.18, +2.567, +9.187,+0.991
1652551200,+3.17, +2.599, +9.185,+0.992
1652551260,+3.17, +2.620, +9.186,+0.992
1652551320,+3.17, +2.588, +9.190,+0.991
1652551380,+3.17, +2.620, +9.186,+0.991
1652551440,+3.17, +2.630, +9.180,+0.991
1652551500,+3.17, +2.599, +9.180,+0.991
1652551560,+3.17, +2.661, +9.181,+0.992
1652551620,+3.17, +2.651, +9.169,+0.991
1652551680,+3.17, +2.661, +9.169,+0.991
1652551740,+3.18, +2.672, +9.169,+0.991
1652551800,+3.17, +2.651, +9.186,+0.991
1652551860,+3.18, +2.714, +9.149,+0.991
1652551920,+3.18, +2.735, +9.150,+0.991
1652551980,+3.18, +2.724, +9.154,+0.991
1652552040,+3.17, +2.776, +9.131,+0.991
1652552100,+3.18, +2.755, +9.159,+0.992
1652552160,+3.17, +2.766, +9.161,+0.992
1652552220,+3.18, +2.755, +9.155,+0.991
1652552280,+3.18, +2.808, +9.138,+0.992
1652552340,+3.18, +2.797, +9.141,+0.991
1652552400,+3.18, +2.787, +9.147,+0.991
1652552460,+3.18, +2.808, +9.132,+0.991
1652552520,+3.18, +2.808, +9.142,+0.991
1652552580,+3.17, +2.808, +9.144,+0.991
1652552640,+3.18, +2.829, +9.141,+0.992
1652552700,+3.18, +2.829, +9.141,+0.991
1652552760,+3.17, +2.839, +9.135,+0.991
1652552820,+3.18, +2.870, +9.118,+0.991
1652552880,+3.18, +2.870, +9.141,+0.992
1652552940,+3.18, +2.849, +9.127,+0.991
1652553000,+3.18, +2.881, +9.133,+0.992
1652553060,+3.18, +2.870, +9.136,+0.992
1652553120,+3.18, +2.901, +9.114,+0.991
1652553180,+3.17, +2.870, +9.138,+0.992
1652553240,+3.18, +2.901, +9.129,+0.991
1652553300,+3.18, +2.901, +9.129,+0.992
1652553360,+3.17, +2.922, +9.110,+0.991
1652553420,+3.18, +2.912, +9.111,+0.991
1652553480,+3.18, +2.870, +9.134,+0.991
1652553540,+3.17, +2.922, +9.108,+0.991
1652553600,+3.18, +2.922, +9.113,+0.991
1652553660,+3.18, +2.933, +9.109,+0.991
1652553720,+3.18, +2.943, +9.109,+0.991
1652553780,+3.18, +2.933, +9.111,+0.991
1652553840,+3.18, +2.954, +9.091,+0.991
1652553900,+3.18, +2.933, +9.104,+0.991
1652553960,+3.18, +2.870, +9.110,+0.991
1652554020,+3.18, +2.912, +9.121,+0.991
1652554080,+3.18, +2.912, +9.119,+0.991
1652554140,+3.17, +2.922, +9.119,+0.991
1652554200,+3.18, +2.964, +9.098,+0.991
1652554260,+3.17, +2.933, +9.117,+0.991
1652554320,+3.18, +2.964, +9.101,+0.991
1652554380,+3.18, +2.901, +9.138,+0.991
1652554440,+3.18, +2.985, +9.099,+0.991
1652554500,+3.18, +2.985, +9.110,+0.992
1652554560,+3.18, +2.974, +9.097,+0.991
1652554620,+3.17, +2.995, +9.087,+0.991
1652554680,+3.18, +3.016, +9.095,+0.991
1652554740,+3.18, +3.026, +9.091,+0.991
1652554800,+3.18, +3.016, +9.081,+0.990
1652554860,+3.18, +3.037, +9.081,+0.991
1652554920,+3.18, +3.057, +9.074,+0.991
1652554980,+3.18, +3.068, +9.084,+0.991
1652555040,+3.18, +3.068, +9.078,+0.991
1652555100,+3.18, +3.068, +9.075,+0.991
1652555160,+3.17, +3.089, +9.075,+0.991
1652555220,+3.18, +3.078, +9.084,+0.991
1652555280,+3.18, +3.078, +9.068,+0.991
1652555340,+3.17, +3.109, +9.064,+0.991
1652555400,+3.18, +3.089, +9.079,+0.991
1652555460,+3.17, +3.099, +9.050,+0.990
1652555520,+3.17, +3.099, +9.062,+0.991
1652555580,+3.17, +3.089, +9.070,+0.991
1652555640,+3.18, +3.068, +9.079,+0.991
1652555700,+3.17, +3.089, +9.080,+0.991
1652555760,+3.18, +3.057, +9.094,+0.991
1652555820,+3.17, +3.099, +9.072,+0.991
1652555880,+3.17, +3.099, +9.061,+0.990
1652555940,+3.17, +3.120, +9.070,+0.991
1652556000,+3.17, +3.099, +9.071,+0.991
1652556060,+3.17, +3.130, +9.053,+0.991
1652556120,+3.17, +3.130, +9.056,+0.991
1652556180,+3.18, +3.120, +9.058,+0.991
1652556240,+3.18, +3.120, +9.064,+0.991
1652556300,+3.18, +3.140, +9.057,+0.991
1652556360,+3.18, +3.130, +9.062,+0.991
1652556420,+3.17, +3.130, +9.050,+0.990
1652556480,+3.18, +3.151, +9.059,+0.991
1652556540,+3.18, +3.161, +9.056,+0.991
1652556600,+3.18, +3.182, +9.055,+0.991
1652556660,+3.18, +3.171, +9.048,+0.991
1652556720,+3.17, +3.182, +9.052,+0.991
1652556780,+3.17, +3.161, +9.066,+0.991
1652556840,+3.18, +3.171, +9.055,+0.991
1652556900,+3.17, +3.182, +9.062,+0.991
1652556960,+3.17, +3.223, +9.046,+0.992
1652557020,+3.18, +3.161, +9.053,+0.991
1652557080,+3.17, +3.192, +9.041,+0.991
1652557140,+3.17, +3.161, +9.059,+0.991
1652557200,+3.18, +3.109, +9.072,+0.991
1652557260,+3.17, +3.161, +9.062,+0.991
1652557320,+3.18, +3.109, +9.073,+0.991
1652557380,+3.17, +3.161, +9.057,+0.991
1652557440,+3.17, +3.140, +9.060,+0.991
1652557500,+3.17, +3.171, +9.046,+0.991
1652557560,+3.17, +3.161, +9.058,+0.991
1652557620,+3.17, +3.171, +9.040,+0.991
1652557680,+3.18, +3.192, +9.047,+0.991
1652557740,+3.17, +3.192, +9.057,+0.991
1652557800,+3.18, +3.192, +9.049,+0.991
1652557860,+3.18, +3.161, +9.060,+0.991
1652557920,+3.17, +3.171, +9.054,+0.991
1652557980,+3.17, +3.192, +9.047,+0.991
1652558040,+3.17, +3.192, +9.052,+0.991
1652558100,+3.18, +3.192, +9.048,+0.991
1652558160,+3.18, +3.192, +9.039,+0.991
1652558220,+3.17, +3.192, +9.034,+0.991
1652558280,+3.18, +3.151, +9.045,+0.990
1652558340,+3.18, +3.203, +9.042,+0.991
1652558400,+3.18, +3.203, +9.044,+0.991
1652558460,+3.17, +3.171, +9.042,+0.990
1652558520,+3.17, +3.161, +9.055,+0.991
1652558580,+3.18, +3.182, +9.043,+0.991
1652558640,+3.18, +3.182, +9.058,+0.991
1652558700,+3.17, +3.182, +9.049,+0.991
1652558760,+3.18, +3.140, +9.061,+0.991
1652558820,+3.18, +3.182, +9.045,+0.991
1652558880,+3.17, +3.203, +9.038,+0.991
1652558940,+3.17, +3.192, +8.966,+0.990
1652559000,+3.18, +3.099, +9.026,+0.991
1652559060,+3.17, +3.089, +9.044,+0.990
1652559120,+3.18, +3.099, +9.068,+0.991
1652559180,+3.18, +3.140, +9.047,+0.990
1652559240,+3.18, +3.161, +9.031,+0.990
1652559300,+3.18, +3.130, +9.055,+0.990
1652559360,+3.18, +3.130, +9.047,+0.990
1652559420,+3.18, +3.161, +9.043,+0.991
1652559480,+3.18, +3.140, +9.046,+0.990
1652559540,+3.17, +3.140, +9.049,+0.990
1652559600,+3.17, +3.151, +9.046,+0.991
1652559660,+3.17, +3.120, +9.051,+0.990
1652559720,+3.18, +3.151, +9.040,+0.990
1652559780,+3.18, +3.120, +9.050,+0.990
1652559840,+3.17, +3.161, +9.024,+0.990
1652559900,+3.18, +3.130, +9.043,+0.990
1652559960,+3.18, +3.140, +9.041,+0.990
1652560020,+3.17, +3.130, +9.050,+0.990
1652560080,+3.17, +3.099, +9.046,+0.990
1652560140,+3.17, +3.109, +9.056,+0.991
1652560200,+3.18, +3.130, +9.037,+0.990
1652560260,+3.18, +3.078, +9.049,+0.990
1652560320,+3.18, +3.057, +9.051,+0.990
1652560380,+3.18, +3.026, +9.077,+0.991
1652560440,+3.18, +3.068, +9.059,+0.990
1652560500,+3.17, +3.078, +9.048,+0.990
1652560560,+3.17, +3.037, +9.043,+0.991
1652560620,+3.18, +2.964, +9.045,+0.990
1652560680,+3.17, +2.954, +9.063,+0.990
1652560740,+3.18, +2.943, +9.084,+0.990
1652560800,+3.18, +2.954, +9.078,+0.990
1652560860,+3.18, +2.964, +9.092,+0.991
1652560920,+3.17, +2.985, +9.082,+0.990
1652560980,+3.18, +2.964, +9.093,+0.991
1652561040,+3.17, +2.985, +9.080,+0.991
1652561100,+3.17, +2.912, +9.122,+0.991
1652561160,+3.17, +2.974, +9.076,+0.990
1652561220,+3.17, +2.964, +9.083,+0.990
1652561280,+3.18, +2.912, +9.106,+0.991
1652561340,+3.17, +2.922, +9.088,+0.990
1652561400,+3.18, +2.891, +9.100,+0.990
1652561460,+3.17, +2.933, +9.086,+0.990
1652561520,+3.17, +2.922, +9.099,+0.991
1652561580,+3.18, +2.901, +9.100,+0.991
1652561640,+3.17, +2.901, +9.097,+0.990
1652561700,+3.17, +2.912, +9.079,+0.990
1652561760,+3.17, +2.891, +9.102,+0.990
1652561820,+3.17, +2.891, +9.095,+0.990
1652561880,+3.17, +2.912, +9.097,+0.991
1652561940,+3.17, +2.881, +9.103,+0.990
1652562000,+3.18, +2.870, +9.103,+0.991
1652562060,+3.18, +2.870, +9.102,+0.990
1652562120,+3.17, +2.860, +9.118,+0.991
1652562180,+3.18, +2.881, +9.108,+0.991
1652562240,+3.18, +2.870, +9.108,+0.991
1652562300,+3.17, +2.860, +9.105,+0.990
1652562360,+3.17, +2.829, +9.114,+0.990
1652562420,+3.18, +2.829, +9.115,+0.990
1652562480,+3.17, +2.849, +9.111,+0.991
1652562540,+3.18, +2.829, +9.114,+0.991
1652562600,+3.18, +2.808, +9.110,+0.990
1652562660,+3.17, +2.787, +9.115,+0.990
1652562720,+3.18, +2.808, +9.115,+0.991
1652562780,+3.18, +2.797, +9.118,+0.991
1652562840,+3.18, +2.797, +9.112,+0.990
1652562900,+3.18, +2.797, +9.120,+0.991
1652562960,+3.17, +2.766, +9.123,+0.991
1652563020,+3.18, +2.745, +9.140,+0.991
1652563080,+3.17, +2.766, +9.142,+0.991
1652563140,+3.18, +2.755, +9.124,+0.990
1652563200,+3.17, +2.766, +9.126,+0.991
1652563260,+3.18, +2.735, +9.142,+0.991
1652563320,+3.18, +2.735, +9.134,+0.991
1652563380,+3.18, +2.735, +9.144,+0.991
1652563440,+3.17, +2.703, +9.138,+0.990
1652563500,+3.17, +2.682, +9.144,+0.991
1652563560,+3.17, +2.693, +9.143,+0.991
1652563620,+3.18, +2.672, +9.145,+0.991
1652563680,+3.17, +2.609, +9.147,+0.990
1652563740,+3.17, +2.640, +9.157,+0.991
1652563800,+3.17, +2.578, +9.175,+0.990
1652563860,+3.17, +2.599, +9.185,+0.992
1652563920,+3.17, +2.599, +9.169,+0.991
1652563980,+3.17, +2.599, +9.166,+0.991
1652564040,+3.18, +2.609, +9.155,+0.991
1652564100,+3.17, +2.567, +9.176,+0.990
1652564160,+3.17, +2.609, +9.171,+0.991
1652564220,+3.17, +2.599, +9.172,+0.991
1652564280,+3.17, +2.599, +9.170,+0.991
1652564340,+3.17, +2.588, +9.181,+0.991
1652564400,+3.17, +2.630, +9.155,+0.991
1652564460,+3.17, +2.609, +9.168,+0.991
1652564520,+3.17, +2.578, +9.169,+0.990
1652564580,+3.17, +2.599, +9.155,+0.990
1652564640,+3.17, +2.609, +9.157,+0.991
1652564700,+3.17, +2.567, +9.173,+0.991
1652564760,+3.17, +2.557, +9.170,+0.991
1652564820,+3.17, +2.546, +9.157,+0.990
1652564880,+3.17, +2.483, +9.171,+0.990
1652564940,+3.17, +2.494, +9.184,+0.991
1652565000,+3.17, +2.483, +9.182,+0.991
1652565060,+3.17, +2.462, +9.185,+0.990
1652565120,+3.17, +2.473, +9.200,+0.991
1652565180,+3.17, +2.515, +9.185,+0.991
1652565240,+3.17, +2.515, +9.180,+0.991
1652565300,+3.17, +2.504, +9.185,+0.991
1652565360,+3.17, +2.525, +9.175,+0.991
1652565420,+3.17, +2.462, +9.189,+0.990
1652565480,+3.17, +2.452, +9.203,+0.991
1652565540,+3.17, +2.462, +9.190,+0.991
1652565600,+3.17, +2.441, +9.199,+0.991
1652565660,+3.17, +2.462, +9.184,+0.990
1652565720,+3.17, +2.452, +9.193,+0.990
1652565780,+3.18, +2.473, +9.183,+0.991
1652565840,+3.17, +2.452, +9.201,+0.991
1652565900,+3.17, +2.494, +9.182,+0.991
1652565960,+3.17, +2.462, +9.183,+0.990
1652566020,+3.17, +2.462, +9.179,+0.990
1652566080,+3.17, +2.441, +9.213,+0.991
1652566140,+3.17, +2.462, +9.202,+0.991
1652566200,+3.17, +2.452, +9.202,+0.991
1652566260,+3.17, +2.462, +9.186,+0.991
1652566320,+3.17, +2.473, +9.182,+0.991
1652566380,+3.17, +2.452, +9.195,+0.991
1652566440,+3.17, +2.462, +9.193,+0.991
1652566500,+3.17, +2.462, +9.198,+0.991
1652566560,+3.17, +2.452, +9.195,+0.991
1652566620,+3.17, +2.420, +9.217,+0.991
1652566680,+3.17, +2.462, +9.178,+0.991
1652566740,+3.17, +2.431, +9.200,+0.991
1652566800,+3.17, +2.420, +9.189,+0.990
1652566860,+3.18, +2.462, +9.184,+0.991
1652566920,+3.17, +2.473, +9.196,+0.992
1652566980,+3.17, +2.431, +9.207,+0.991
1652567040,+3.17, +2.431, +9.205,+0.991
1652567100,+3.17, +2.431, +9.191,+0.991
1652567160,+3.17, +2.452, +9.179,+0.990
1652567220,+3.17, +2.462, +9.174,+0.991
1652567280,+3.17, +2.389, +9.191,+0.990
1652567340,+3.17, +2.378, +9.210,+0.991
1652567400,+3.17, +2.399, +9.197,+0.991
1652567460,+3.17, +2.420, +9.199,+0.991
1652567520,+3.17, +2.410, +9.204,+0.991
1652567580,+3.17, +2.389, +9.202,+0.991
1652567640,+3.17, +2.399, +9.204,+0.991
1652567700,+3.17, +2.378, +9.220,+0.991
1652567760,+3.17, +2.399, +9.210,+0.991
1652567820,+3.17, +2.368, +9.224,+0.991
1652567880,+3.17, +2.399, +9.206,+0.991
1652567940,+3.17, +2.389, +9.224,+0.992
1652568000,+3.17, +2.410, +9.200,+0.991
1652568060,+3.17, +2.389, +9.215,+0.991
1652568120,+3.17, +2.410, +9.212,+0.991
1652568180,+3.17, +2.399, +9.203,+0.991
1652568240,+3.17, +2.389, +9.206,+0.991
1652568300,+3.17, +2.389, +9.214,+0.991
1652568360,+3.17, +2.378, +9.213,+0.991
1652568420,+3.17, +2.378, +9.209,+0.991
1652568480,+3.17, +2.378, +9.207,+0.991
1652568540,+3.17, +2.368, +9.225,+0.991
1652568600,+3.17, +2.357, +9.231,+0.991
1652568660,+3.17, +2.399, +9.200,+0.991
1652568720,+3.17, +2.389, +9.210,+0.991
1652568780,+3.17, +2.357, +9.205,+0.991
1652568840,+3.17, +2.357, +9.210,+0.991
1652568900,+3.17, +2.315, +9.236,+0.992
1652568960,+3.17, +2.315, +9.222,+0.991
1652569020,+3.17, +2.346, +9.206,+0.990
1652569080,+3.17, +2.315, +9.220,+0.991
1652569140,+3.17, +2.283, +9.238,+0.991
1652569200,+3.17, +2.315, +9.235,+0.992
1652569260,+3.17, +2.294, +9.222,+0.990
1652569320,+3.17, +2.252, +9.245,+0.991
1652569380,+3.17, +2.304, +9.220,+0.991
1652569440,+3.17, +2.294, +9.239,+0.992
1652569500,+3.17, +2.304, +9.232,+0.991
1652569560,+3.17, +2.346, +9.211,+0.991
1652569620,+3.17, +2.273, +9.266,+0.992
1652569680,+3.17, +2.325, +9.219,+0.991
1652569740,+3.17, +2.336, +9.231,+0.992
1652569800,+3.17, +2.346, +9.212,+0.991
1652569860,+3.17, +2.325, +9.213,+0.990
1652569920,+3.17, +2.357, +9.219,+0.991
1652569980,+3.17, +2.346, +9.220,+0.991
1652570040,+3.17, +2.346, +9.226,+0.991
1652570100,+3.17, +2.325, +9.219,+0.991
1652570160,+3.17, +2.325, +9.223,+0.991
1652570220,+3.17, +2.346, +9.224,+0.991
1652570280,+3.17, +2.346, +9.215,+0.991
1652570340,+3.17, +2.325, +9.220,+0.991
1652570400,+3.17, +2.315, +9.235,+0.991
1652570460,+3.17, +2.346, +9.219,+0.991
1652570520,+3.17, +2.336, +9.228,+0.992
1652570580,+3.17, +2.336, +9.209,+0.991
1652570640,+3.17, +2.346, +9.209,+0.990
1652570700,+3.17, +2.315, +9.225,+0.991
1652570760,+3.17, +2.336, +9.218,+0.991
1652570820,+3.17, +2.315, +9.235,+0.991
1652570880,+3.17, +2.304, +9.229,+0.991
1652570940,+3.17, +2.336, +9.212,+0.991
1652571000,+3.17, +2.357, +9.213,+0.991
1652571060,+3.17, +2.315, +9.226,+0.991
1652571120,+3.17, +2.315, +9.216,+0.990
1652571180,+3.17, +2.315, +9.237,+0.992
1652571240,+3.17, +2.283, +9.238,+0.991
1652571300,+3.17, +2.283, +9.237,+0.991
1652571360,+3.17, +2.304, +9.222,+0.991
1652571420,+3.17, +2.304, +9.223,+0.991
1652571480,+3.17, +2.262, +9.233,+0.991
1652571540,+3.17, +2.315, +9.221,+0.991
1652571600,+3.17, +2.294, +9.233,+0.991
1652571660,+3.17, +2.273, +9.231,+0.991
1652571720,+3.17, +2.273, +9.232,+0.991
1652571780,+3.17, +2.262, +9.234,+0.991
1652571840,+3.17, +2.294, +9.220,+0.991
1652571900,+3.17, +2.252, +9.236,+0.991
1652571960,+3.17, +2.252, +9.237,+0.991
1652572020,+3.17, +2.262, +9.239,+0.991
1652572080,+3.17, +2.262, +9.242,+0.991
1652572140,+3.17, +2.262, +9.240,+0.991
1652572200,+3.17, +2.241, +9.238,+0.991
1652572260,+3.17, +2.252, +9.230,+0.991
1652572320,+3.17, +2.262, +9.230,+0.991
1652572380,+3.17, +2.220, +9.235,+0.990
1652572440,+3.17, +2.230, +9.241,+0.991
1652572500,+3.17, +2.209, +9.254,+0.991
1652572560,+3.17, +2.241, +9.242,+0.991
1652572620,+3.17, +2.199, +9.253,+0.991
1652572680,+3.17, +2.220, +9.248,+0.991
1652572740,+3.17, +2.199, +9.249,+0.991
1652572800,+3.17, +2.230, +9.244,+0.991
1652572860,+3.17, +2.209, +9.252,+0.991
1652572920,+3.17, +2.209, +9.253,+0.991
1652572980,+3.17, +2.178, +9.264,+0.991
1652573040,+3.17, +2.209, +9.250,+0.991
1652573100,+3.17, +2.188, +9.256,+0.991
1652573160,+3.17, +2.188, +9.253,+0.991
1652573220,+3.17, +2.178, +9.262,+0.991
1652573280,+3.17, +2.199, +9.249,+0.991
1652573340,+3.17, +2.135, +9.268,+0.991
1652573400,+3.17, +2.167, +9.247,+0.990
1652573460,+3.17, +2.199, +9.255,+0.991
1652573520,+3.17, +2.157, +9.273,+0.992
1652573580,+3.17, +2.188, +9.251,+0.991
1652573640,+3.17, +2.135, +9.270,+0.991
1652573700,+3.17, +2.178, +9.263,+0.991
1652573760,+3.17, +2.157, +9.256,+0.991
1652573820,+3.17, +2.188, +9.252,+0.991
1652573880,+3.17, +2.188, +9.255,+0.992
1652573940,+3.17, +2.146, +9.271,+0.991
1652574000,+3.17, +2.188, +9.255,+0.991
1652574060,+3.17, +2.178, +9.255,+0.991
1652574120,+3.17, +2.146, +9.260,+0.991
1652574180,+3.17, +2.135, +9.252,+0.990
1652574240,+3.17, +2.146, +9.258,+0.991
1652574300,+3.17, +2.135, +9.267,+0.991
1652574360,+3.17, +2.146, +9.250,+0.991
1652574420,+3.17, +2.146, +9.260,+0.991
1652574480,+3.17, +2.135, +9.267,+0.991
1652574540,+3.17, +2.135, +9.264,+0.991
1652574600,+3.17, +2.157, +9.266,+0.992
1652574660,+3.17, +2.167, +9.249,+0.991
1652574720,+3.17, +2.125, +9.265,+0.991
1652574780,+3.17, +2.157, +9.254,+0.991
1652574840,+3.17, +2.093, +9.282,+0.991
1652574900,+3.17, +2.135, +9.259,+0.991
1652574960,+3.17, +2.146, +9.254,+0.991
1652575020,+3.17, +2.135, +9.264,+0.991
1652575080,+3.17, +2.125, +9.257,+0.991
1652575140,+3.17, +2.104, +9.278,+0.991
1652575200,+3.17, +2.093, +9.282,+0.991
1652575260,+3.17, +2.125, +9.259,+0.991
1652575320,+3.17, +2.104, +9.281,+0.991
1652575380,+3.17, +2.125, +9.266,+0.991
1652575440,+3.17, +2.104, +9.254,+0.990
1652575500,+3.17, +2.114, +9.261,+0.990
1652575560,+3.17, +2.104, +9.273,+0.991
1652575620,+3.17, +2.061, +9.288,+0.991
1652575680,+3.17, +2.135, +9.255,+0.991
1652575740,+3.17, +2.104, +9.267,+0.991
1652575800,+3.17, +2.125, +9.266,+0.991
1652575860,+3.17, +2.114, +9.275,+0.991
1652575920,+3.17, +2.114, +9.265,+0.991
1652575980,+3.17, +2.104, +9.278,+0.991
1652576040,+3.17, +2.040, +9.285,+0.990
1652576100,+3.17, +2.082, +9.290,+0.992
1652576160,+3.17, +2.082, +9.280,+0.991
1652576220,+3.17, +2.072, +9.287,+0.991
1652576280,+3.17, +2.093, +9.273,+0.991
1652576340,+3.17, +2.082, +9.276,+0.991
1652576400,+3.17, +2.072, +9.295,+0.991
1652576460,+3.17, +2.125, +9.268,+0.991
1652576520,+3.17, +2.082, +9.260,+0.990
1652576580,+3.17, +2.072, +9.293,+0.991
1652576640,+3.17, +2.072, +9.292,+0.991
1652576700,+3.17, +2.104, +9.260,+0.990
1652576760,+3.17, +2.082, +9.269,+0.990
1652576820,+3.17, +2.093, +9.277,+0.991
1652576880,+3.17, +2.093, +9.274,+0.991
1652576940,+3.17, +2.061, +9.290,+0.991
1652577000,+3.17, +2.029, +9.302,+0.991
1652577060,+3.17, +2.082, +9.279,+0.991
1652577120,+3.17, +2.093, +9.272,+0.991
1652577180,+3.17, +2.040, +9.306,+0.991
1652577240,+3.17, +2.072, +9.288,+0.991
1652577300,+3.17, +2.061, +9.282,+0.991
1652577360,+3.17, +2.082, +9.273,+0.991
1652577420,+3.17, +2.072, +9.275,+0.991
1652577480,+3.17, +2.114, +9.270,+0.991
1652577540,+3.17, +2.072, +9.269,+0.990
1652577600,+3.17, +2.072, +9.280,+0.991
1652577660,+3.17, +2.072, +9.279,+0.991
1652577720,+3.17, +2.061, +9.294,+0.991
1652577780,+3.17, +2.051, +9.293,+0.991
1652577840,+3.17, +2.040, +9.298,+0.991
1652577900,+3.17, +2.040, +9.286,+0.991
1652577960,+3.17, +2.040, +9.284,+0.991
1652578020,+3.17, +2.051, +9.281,+0.991
1652578080,+3.17, +2.061, +9.294,+0.991
1652578140,+3.18, +2.061, +9.281,+0.991
1652578200,+3.17, +2.029, +9.299,+0.991
1652578260,+3.17, +2.061, +9.273,+0.990
1652578320,+3.17, +2.040, +9.292,+0.991
1652578380,+3.17, +2.019, +9.299,+0.991
1652578440,+3.17, +2.029, +9.290,+0.991
1652578500,+3.17, +2.029, +9.302,+0.991
1652578560,+3.17, +2.051, +9.283,+0.991
1652578620,+3.17, +2.008, +9.309,+0.991
1652578680,+3.17, +2.040, +9.279,+0.991
1652578740,+3.17, +2.040, +9.301,+0.991
1652578800,+3.17, +2.029, +9.301,+0.991
1652578860,+3.17, +2.008, +9.302,+0.991
1652578920,+3.17, +2.029, +9.294,+0.991
1652578980,+3.17, +1.987, +9.326,+0.992
1652579040,+3.17, +2.008, +9.290,+0.991
1652579100,+3.17, +2.019, +9.291,+0.991
1652579160,+3.17, +2.019, +9.299,+0.991
1652579220,+3.17, +2.029, +9.291,+0.991
1652579280,+3.17, +1.998, +9.297,+0.991
1652579340,+3.17, +1.966, +9.321,+0.991
1652579400,+3.17, +1.998, +9.290,+0.990
1652579460,+3.17, +2.008, +9.312,+0.992
1652579520,+3.17, +1.998, +9.307,+0.991
1652579580,+3.17, +1.998, +9.299,+0.991
1652579640,+3.17, +2.019, +9.295,+0.991
1652579700,+3.17, +2.008, +9.303,+0.991
1652579760,+3.17, +2.029, +9.295,+0.991
1652579820,+3.17, +1.998, +9.303,+0.991
1652579880,+3.17, +1.998, +9.309,+0.991
1652579940,+3.17, +1.966, +9.309,+0.991
1652580000,+3.17, +1.987, +9.297,+0.991
1652580060,+3.17, +1.987, +9.314,+0.991
1652580120,+3.17, +1.987, +9.313,+0.991
1652580180,+3.17, +1.987, +9.310,+0.991
1652580240,+3.17, +1.987, +9.310,+0.991
1652580300,+3.17, +1.976, +9.314,+0.991
1652580360,+3.17, +1.976, +9.301,+0.991
1652580420,+3.17, +1.998, +9.285,+0.990
1652580480,+3.17, +1.998, +9.298,+0.991
1652580540,+3.17, +1.966, +9.326,+0.992
1652580600,+3.17, +2.008, +9.296,+0.991
1652580660,+3.17, +1.976, +9.304,+0.991
1652580720,+3.17, +1.955, +9.315,+0.991
1652580780,+3.17, +1.987, +9.309,+0.991
1652580840,+3.17, +1.987, +9.295,+0.991
1652580900,+3.17, +2.008, +9.272,+0.991
1652580960,+3.17, +1.955, +9.289,+0.990
1652581020,+3.17, +1.934, +9.309,+0.991
1652581080,+3.17, +1.923, +9.327,+0.991
1652581140,+3.17, +1.945, +9.315,+0.991
1652581200,+3.17, +1.955, +9.312,+0.991
1652581260,+3.17, +1.976, +9.310,+0.991
1652581320,+3.17, +1.923, +9.325,+0.991
1652581380,+3.17, +1.976, +9.318,+0.992
1652581440,+3.17, +1.955, +9.301,+0.990
1652581500,+3.17, +1.955, +9.321,+0.991
1652581560,+3.17, +1.976, +9.310,+0.991
1652581620,+3.17, +1.966, +9.307,+0.991
1652581680,+3.17, +1.955, +9.315,+0.991
1652581740,+3.17, +1.966, +9.309,+0.991
1652581800,+3.17, +1.945, +9.323,+0.991
1652581860,+3.17, +1.945, +9.309,+0.990
1652581920,+3.17, +1.934, +9.335,+0.991
1652581980,+3.17, +1.945, +9.331,+0.991
1652582040,+3.17, +1.934, +9.336,+0.992
1652582100,+3.17, +1.923, +9.324,+0.991
1652582160,+3.17, +1.934, +9.332,+0.991
1652582220,+3.17, +1.966, +9.311,+0.991
1652582280,+3.17, +1.923, +9.321,+0.991
1652582340,+3.17, +1.934, +9.326,+0.991
1652582400,+3.17, +1.945, +9.325,+0.991
1652582460,+3.17, +1.966, +9.306,+0.991
1652582520,+3.17, +1.945, +9.317,+0.991
1652582580,+3.17, +1.945, +9.319,+0.991
1652582640,+3.17, +1.945, +9.317,+0.991
1652582700,+3.17, +1.923, +9.331,+0.991
1652582760,+3.17, +1.955, +9.328,+0.992
1652582820,+3.17, +1.934, +9.322,+0.991
1652582880,+3.17, +1.934, +9.333,+0.991
1652582940,+3.17, +1.923, +9.337,+0.991
1652583000,+3.17, +1.902, +9.346,+0.991
1652583060,+3.17, +1.955, +9.310,+0.991
1652583120,+3.17, +1.913, +9.337,+0.991
1652583180,+3.17, +1.955, +9.315,+0.991
1652583240,+3.17, +1.945, +9.314,+0.990
1652583300,+3.17, +1.934, +9.317,+0.991
1652583360,+3.17, +1.955, +9.314,+0.991
1652583420,+3.17, +1.902, +9.343,+0.991
1652583480,+3.17, +1.913, +9.323,+0.990
1652583540,+3.17, +1.913, +9.336,+0.991
1652583600,+3.17, +1.923, +9.323,+0.991
1652583660,+3.17, +1.902, +9.339,+0.991
1652583720,+3.17, +1.891, +9.325,+0.990
1652583780,+3.17, +1.913, +9.327,+0.991
1652583840,+3.17, +1.913, +9.324,+0.990
1652583900,+3.17, +1.923, +9.322,+0.991
1652583960,+3.17, +1.913, +9.337,+0.991
1652584020,+3.17, +1.934, +9.321,+0.991
1652584080,+3.17, +1.923, +9.316,+0.991
1652584140,+3.17, +1.913, +9.337,+0.991
1652584200,+3.17, +1.902, +9.331,+0.991
1652584260,+3.17, +1.923, +9.323,+0.991
1652584320,+3.17, +1.891, +9.332,+0.991
1652584380,+3.17, +1.891, +9.328,+0.991
1652584440,+3.17, +1.891, +9.345,+0.992
1652584500,+3.17, +1.902, +9.320,+0.990
1652584560,+3.17, +1.881, +9.328,+0.991
1652584620,+3.17, +1.891, +9.339,+0.991
1652584680,+3.17, +1.913, +9.331,+0.991
1652584740,+3.17, +1.902, +9.335,+0.991
1652584800,+3.17, +1.891, +9.345,+0.991
1652584860,+3.17, +1.902, +9.333,+0.991
1652584920,+3.17, +1.891, +9.330,+0.991
1652584980,+3.17, +1.891, +9.330,+0.991
1652585040,+3.17, +1.870, +9.351,+0.991
1652585100,+3.17, +1.881, +9.322,+0.990
1652585160,+3.17, +1.891, +9.328,+0.991
1652585220,+3.17, +1.881, +9.337,+0.991
1652585280,+3.17, +1.881, +9.337,+0.991
1652585340,+3.17, +1.870, +9.353,+0.992
1652585400,+3.17, +1.881, +9.335,+0.991
1652585460,+3.17, +1.881, +9.334,+0.991
1652585520,+3.17, +1.870, +9.343,+0.991
1652585580,+3.17, +1.881, +9.339,+0.991
1652585640,+3.17, +1.870, +9.349,+0.991
1652585700,+3.17, +1.870, +9.344,+0.992
1652585760,+3.17, +1.881, +9.323,+0.990
1652585820,+3.17, +1.881, +9.343,+0.991
1652585880,+3.17, +1.891, +9.328,+0.991
1652585940,+3.17, +1.881, +9.353,+0.992
1652586000,+3.17, +1.860, +9.352,+0.992
1652586060,+3.17, +1.860, +9.343,+0.991
1652586120,+3.17, +1.870, +9.350,+0.991
1652586180,+3.17, +1.860, +9.350,+0.991
1652586240,+3.17, +1.870, +9.344,+0.991
1652586300,+3.17, +1.881, +9.336,+0.991
1652586360,+3.17, +1.849, +9.338,+0.990
1652586420,+3.17, +1.870, +9.347,+0.991
1652586480,+3.17, +1.860, +9.352,+0.991
1652586540,+3.17, +1.860, +9.349,+0.991
1652586600,+3.17, +1.870, +9.353,+0.992
1652586660,+3.17, +1.838, +9.351,+0.990
1652586720,+3.17, +1.849, +9.347,+0.991
1652586780,+3.17, +1.870, +9.349,+0.991
1652586840,+3.17, +1.838, +9.353,+0.991
1652586900,+3.17, +1.828, +9.371,+0.992
1652586960,+3.17, +1.860, +9.355,+0.991
1652587020,+3.18, +1.870, +9.346,+0.991
1652587080,+3.17, +1.838, +9.349,+0.990
1652587140,+3.17, +1.870, +9.333,+0.991
1652587200,+3.17, +1.870, +9.350,+0.992
1652587260,+3.17, +1.828, +9.360,+0.991
1652587320,+3.17, +1.860, +9.344,+0.991
1652587380,+3.17, +1.838, +9.365,+0.991
1652587440,+3.17, +1.849, +9.353,+0.991
1652587500,+3.17, +1.860, +9.338,+0.991
1652587560,+3.17, +1.849, +9.343,+0.990
1652587620,+3.17, +1.849, +9.351,+0.991
1652587680,+3.17, +1.881, +9.340,+0.991
1652587740,+3.17, +1.881, +9.342,+0.991
1652587800,+3.17, +1.849, +9.347,+0.991
1652587860,+3.17, +1.806, +9.375,+0.992
1652587920,+3.17, +1.860, +9.349,+0.991
1652587980,+3.17, +1.838, +9.357,+0.991
1652588040,+3.17, +1.870, +9.343,+0.991
1652588100,+3.17, +1.828, +9.364,+0.992
1652588160,+3.17, +1.828, +9.367,+0.991
1652588220,+3.17, +1.860, +9.343,+0.991
1652588280,+3.17, +1.785, +9.378,+0.991
1652588340,+3.17, +1.849, +9.355,+0.991
1652588400,+3.17, +1.849, +9.354,+0.992
1652588460,+3.17, +1.828, +9.357,+0.991
1652588520,+3.17, +1.860, +9.342,+0.991
1652588580,+3.17, +1.838, +9.345,+0.990
1652588640,+3.17, +1.849, +9.336,+0.990
1652588700,+3.17, +1.849, +9.354,+0.991
1652588760,+3.17, +1.828, +9.357,+0.991
1652588820,+3.17, +1.870, +9.351,+0.992
1652588880,+3.17, +1.849, +9.348,+0.991
1652588940,+3.17, +1.838, +9.345,+0.991
1652589000,+3.17, +1.838, +9.339,+0.991
1652589060,+3.17, +1.817, +9.358,+0.991
1652589120,+3.17, +1.828, +9.366,+0.991
1652589180,+3.17, +1.817, +9.357,+0.991
1652589240,+3.17, +1.849, +9.343,+0.991
1652589300,+3.17, +1.838, +9.355,+0.991
1652589360,+3.17, +1.838, +9.335,+0.990
1652589420,+3.17, +1.828, +9.358,+0.991
1652589480,+3.17, +1.817, +9.363,+0.991
1652589540,+3.17, +1.838, +9.355,+0.992
1652589600,+3.17, +1.828, +9.351,+0.991
1652589660,+3.17, +1.817, +9.373,+0.992
1652589720,+3.17, +1.849, +9.344,+0.991
1652589780,+3.17, +1.828, +9.358,+0.991
1652589840,+3.17, +1.817, +9.352,+0.991
1652589900,+3.17, +1.838, +9.370,+0.992
1652589960,+3.17, +1.828, +9.353,+0.991
1652590020,+3.17, +1.838, +9.350,+0.991
1652590080,+3.17, +1.774, +9.383,+0.991
1652590140,+3.17, +1.817, +9.359,+0.991
1652590200,+3.17, +1.828, +9.346,+0.990
1652590260,+3.17, +1.828, +9.348,+0.991
1652590320,+3.17, +1.806, +9.361,+0.991
1652590380,+3.17, +1.806, +9.369,+0.991
1652590440,+3.17, +1.838, +9.344,+0.991
1652590500,+3.17, +1.785, +9.377,+0.991
1652590560,+3.17, +1.828, +9.362,+0.991
1652590620,+3.17, +1.817, +9.350,+0.991
1652590680,+3.17, +1.796, +9.360,+0.991
1652590740,+3.17, +1.817, +9.355,+0.991
1652590800,+3.17, +1.838, +9.338,+0.991
1652590860,+3.17, +1.828, +9.343,+0.990
1652590920,+3.17, +1.796, +9.369,+0.991
1652590980,+3.17, +1.828, +9.356,+0.991
1652591040,+3.17, +1.849, +9.337,+0.991
1652591100,+3.17, +1.828, +9.346,+0.991
1652591160,+3.17, +1.817, +9.348,+0.991
1652591220,+3.17, +1.806, +9.365,+0.991
1652591280,+3.17, +1.838, +9.346,+0.991
1652591340,+3.17, +1.817, +9.362,+0.991
1652591400,+3.17, +1.806, +9.364,+0.991
1652591460,+3.17, +1.828, +9.367,+0.992
1652591520,+3.17, +1.785, +9.358,+0.990
1652591580,+3.17, +1.838, +9.337,+0.991
1652591640,+3.17, +1.764, +9.384,+0.991
1652591700,+3.17, +1.828, +9.360,+0.991
1652591760,+3.17, +1.828, +9.360,+0.991
1652591820,+3.17, +1.817, +9.346,+0.990
1652591880,+3.17, +1.817, +9.353,+0.991
1652591940,+3.17, +1.817, +9.355,+0.991
1652592000,+3.17, +1.828, +9.355,+0.991
1652592060,+3.17, +1.817, +9.356,+0.991
1652592120,+3.17, +1.817, +9.357,+0.991
1652592180,+3.17, +1.828, +9.352,+0.991
1652592240,+3.17, +1.817, +9.356,+0.991
1652592300,+3.17, +1.838, +9.344,+0.991
1652592360,+3.17, +1.817, +9.347,+0.990
1652592420,+3.17, +1.828, +9.359,+0.991
1652592480,+3.17, +1.838, +9.347,+0.991
1652592540,+3.17, +1.838, +9.362,+0.992
1652592600,+3.17, +1.785, +9.385,+0.992
1652592660,+3.17, +1.860, +9.343,+0.991
1652592720,+3.17, +1.817, +9.370,+0.992
1652592780,+3.17, +1.828, +9.351,+0.991
1652592840,+3.17, +1.796, +9.371,+0.991
1652592900,+3.17, +1.785, +9.375,+0.991
1652592960,+3.17, +1.849, +9.334,+0.991
1652593020,+3.17, +1.817, +9.366,+0.992
1652593080,+3.17, +1.796, +9.370,+0.991
1652593140,+3.17, +1.817, +9.353,+0.991
1652593200,+3.17, +1.817, +9.349,+0.991
1652593260,+3.17, +1.774, +9.366,+0.991
1652593320,+3.17, +1.828, +9.352,+0.992
1652593380,+3.17, +1.785, +9.369,+0.991
1652593440,+3.17, +1.785, +9.376,+0.992
1652593500,+3.17, +1.806, +9.366,+0.991
1652593560,+3.17, +1.785, +9.368,+0.991
1652593620,+3.17, +1.806, +9.366,+0.992
1652593680,+3.17, +1.806, +9.365,+0.991
1652593740,+3.17, +1.796, +9.358,+0.991
1652593800,+3.17, +1.796, +9.368,+0.991
1652593860,+3.17, +1.764, +9.367,+0.991
1652593920,+3.17, +1.753, +9.375,+0.991
1652593980,+3.17, +1.796, +9.346,+0.990
1652594040,+3.17, +1.796, +9.352,+0.991
1652594100,+3.17, +1.806, +9.358,+0.991
1652594160,+3.17, +1.806, +9.359,+0.991
1652594220,+3.17, +1.796, +9.372,+0.992
1652594280,+3.17, +1.796, +9.371,+0.992
1652594340,+3.17, +1.785, +9.355,+0.990
1652594400,+3.17, +1.806, +9.361,+0.991
1652594460,+3.17, +1.806, +9.350,+0.991
1652594520,+3.17, +1.806, +9.353,+0.991
1652594580,+3.17, +1.806, +9.352,+0.991
1652594640,+3.17, +1.796, +9.364,+0.991
1652594700,+3.17, +1.774, +9.376,+0.991
1652594760,+3.17, +1.817, +9.357,+0.991
1652594820,+3.17, +1.796, +9.358,+0.991
1652594880,+3.17, +1.828, +9.341,+0.991
1652594940,+3.17, +1.753, +9.382,+0.991
1652595000,+3.17, +1.828, +9.348,+0.991
1652595060,+3.17, +1.796, +9.361,+0.991
1652595120,+3.17, +1.721, +9.383,+0.990
1652595180,+3.17, +1.764, +9.380,+0.991
1652595240,+3.17, +1.796, +9.351,+0.991
1652595300,+3.17, +1.785, +9.367,+0.991
1652595360,+3.17, +1.796, +9.356,+0.991
1652595420,+3.17, +1.796, +9.368,+0.991
1652595480,+3.17, +1.806, +9.346,+0.991
1652595540,+3.17, +1.806, +9.345,+0.990
1652595600,+3.17, +1.774, +9.371,+0.991
1652595660,+3.17, +1.785, +9.359,+0.991
1652595720,+3.17, +1.785, +9.360,+0.991
1652595780,+3.17, +1.774, +9.369,+0.991
1652595840,+3.17, +1.796, +9.365,+0.991
1652595900,+3.17, +1.785, +9.374,+0.991
1652595960,+3.17, +1.785, +9.371,+0.991
1652596020,+3.17, +1.806, +9.364,+0.991
1652596080,+3.17, +1.796, +9.365,+0.991
1652596140,+3.17, +1.785, +9.377,+0.991
1652596200,+3.17, +1.806, +9.362,+0.991
1652596260,+3.17, +1.774, +9.370,+0.991
1652596320,+3.17, +1.774, +9.381,+0.992
1652596380,+3.17, +1.764, +9.372,+0.991
1652596440,+3.17, +1.785, +9.364,+0.991
1652596500,+3.17, +1.764, +9.371,+0.991
1652596560,+3.17, +1.764, +9.369,+0.991
1652596620,+3.17, +1.785, +9.364,+0.991
1652596680,+3.17, +1.785, +9.370,+0.991
1652596740,+3.17, +1.764, +9.377,+0.991
1652596800,+3.17, +1.796, +9.362,+0.991
1652596860,+3.17, +1.785, +9.367,+0.991
1652596920,+3.17, +1.796, +9.352,+0.990
1652596980,+3.17, +1.785, +9.367,+0.991
1652597040,+3.17, +1.764, +9.373,+0.991
1652597100,+3.17, +1.753, +9.383,+0.991
1652597160,+3.17, +1.774, +9.376,+0.991
1652597220,+3.17, +1.806, +9.365,+0.991
1652597280,+3.17, +1.764, +9.380,+0.991
1652597340,+3.17, +1.806, +9.363,+0.991
1652597400,+3.17, +1.796, +9.370,+0.991
1652597460,+3.17, +1.796, +9.362,+0.991
1652597520,+3.17, +1.785, +9.360,+0.991
1652597580,+3.17, +1.774, +9.388,+0.992
1652597640,+3.17, +1.796, +9.366,+0.991
1652597700,+3.17, +1.753, +9.382,+0.991
1652597760,+3.17, +1.785, +9.365,+0.991
1652597820,+3.17, +1.785, +9.367,+0.991
1652597880,+3.17, +1.785, +9.361,+0.991
1652597940,+3.17, +1.785, +9.371,+0.991
1652598000,+3.17, +1.753, +9.386,+0.992
1652598060,+3.17, +1.753, +9.384,+0.991
1652598120,+3.17, +1.721, +9.391,+0.991
1652598180,+3.17, +1.785, +9.355,+0.990
1652598240,+3.17, +1.774, +9.369,+0.991
1652598300,+3.17, +1.796, +9.358,+0.991
1652598360,+3.17, +1.806, +9.367,+0.991
1652598420,+3.17, +1.764, +9.372,+0.991
1652598480,+3.17, +1.753, +9.378,+0.991
1652598540,+3.17, +1.753, +9.381,+0.991
1652598600,+3.17, +1.774, +9.378,+0.991
1652598660,+3.17, +1.774, +9.374,+0.991
1652598720,+3.17, +1.742, +9.389,+0.991
1652598780,+3.17, +1.796, +9.363,+0.991
1652598840,+3.17, +1.753, +9.372,+0.990
1652598900,+3.17, +1.806, +9.366,+0.991
1652598960,+3.17, +1.785, +9.357,+0.991
1652599020,+3.17, +1.764, +9.372,+0.991
1652599080,+3.17, +1.753, +9.390,+0.991
1652599140,+3.17, +1.764, +9.379,+0.991
1652599200,+3.17, +1.753, +9.386,+0.991
1652599260,+3.17, +1.785, +9.371,+0.991
1652599320,+3.17, +1.785, +9.376,+0.992
1652599380,+3.17, +1.774, +9.380,+0.991
1652599440,+3.17, +1.774, +9.385,+0.992
1652599500,+3.17, +1.764, +9.386,+0.991
1652599560,+3.17, +1.764, +9.378,+0.991
1652599620,+3.17, +1.764, +9.381,+0.991
1652599680,+3.17, +1.742, +9.391,+0.991
1652599740,+3.17, +1.764, +9.366,+0.991
1652599800,+3.17, +1.764, +9.367,+0.991
1652599860,+3.17, +1.774, +9.370,+0.991
1652599920,+3.17, +1.732, +9.378,+0.991
1652599980,+3.17, +1.764, +9.380,+0.991
1652600040,+3.17, +1.732, +9.380,+0.991
1652600100,+3.17, +1.774, +9.368,+0.991
1652600160,+3.17, +1.753, +9.380,+0.991
1652600220,+3.17, +1.742, +9.380,+0.991
1652600280,+3.17, +1.742, +9.379,+0.991
1652600340,+3.17, +1.742, +9.375,+0.990
1652600400,+3.17, +1.774, +9.374,+0.991
1652600460,+3.17, +1.764, +9.367,+0.991
1652600520,+3.17, +1.742, +9.383,+0.991
1652600580,+3.17, +1.764, +9.371,+0.991
1652600640,+3.17, +1.764, +9.375,+0.991
1652600700,+3.17, +1.742, +9.385,+0.991
1652600760,+3.17, +1.764, +9.368,+0.991
1652600820,+3.17, +1.764, +9.372,+0.991
1652600880,+3.17, +1.753, +9.384,+0.991
1652600940,+3.17, +1.732, +9.381,+0.991
1652601000,+3.17, +1.742, +9.377,+0.991
1652601060,+3.17, +1.700, +9.402,+0.991
1652601120,+3.17, +1.742, +9.382,+0.991
1652601180,+3.17, +1.753, +9.377,+0.991
1652601240,+3.17, +1.710, +9.409,+0.992
1652601300,+3.17, +1.742, +9.384,+0.991
1652601360,+3.17, +1.732, +9.387,+0.991
1652601420,+3.17, +1.732, +9.394,+0.991
1652601480,+3.17, +1.742, +9.370,+0.991
1652601540,+3.17, +1.732, +9.388,+0.991
1652601600,+3.17, +1.742, +9.385,+0.991
1652601660,+3.17, +1.700, +9.390,+0.991
1652601720,+3.17, +1.742, +9.388,+0.991
1652601780,+3.17, +1.753, +9.378,+0.991
1652601840,+3.17, +1.732, +9.383,+0.991
1652601900,+3.17, +1.742, +9.386,+0.991
1652601960,+3.17, +1.742, +9.372,+0.991
1652602020,+3.17, +1.710, +9.384,+0.990
1652602080,+3.17, +1.732, +9.391,+0.991
1652602140,+3.17, +1.721, +9.389,+0.991
1652602200,+3.17, +1.732, +9.390,+0.991
1652602260,+3.17, +1.742, +9.372,+0.991
1652602320,+3.17, +1.742, +9.376,+0.991
1652602380,+3.17, +1.710, +9.386,+0.991
1652602440,+3.17, +1.742, +9.385,+0.991
1652602500,+3.17, +1.721, +9.395,+0.991
1652602560,+3.17, +1.732, +9.385,+0.991
1652602620,+3.17, +1.732, +9.376,+0.990
1652602680,+3.17, +1.721, +9.385,+0.991
1652602740,+3.17, +1.785, +9.359,+0.991
1652602800,+3.17, +1.732, +9.392,+0.991
1652602860,+3.17, +1.742, +9.381,+0.991
1652602920,+3.17, +1.732, +9.384,+0.991
1652602980,+3.17, +1.732, +9.395,+0.992
1652603040,+3.17, +1.753, +9.374,+0.991
1652603100,+3.17, +1.710, +9.392,+0.991
1652603160,+3.17, +1.732, +9.383,+0.991
1652603220,+3.17, +1.732, +9.389,+0.991
1652603280,+3.17, +1.721, +9.390,+0.991
1652603340,+3.17, +1.646, +9.412,+0.990
1652603400,+3.17, +1.721, +9.385,+0.991
1652603460,+3.17, +1.721, +9.381,+0.991
1652603520,+3.17, +1.710, +9.399,+0.991
1652603580,+3.17, +1.710, +9.390,+0.991
1652603640,+3.17, +1.710, +9.387,+0.991
1652603700,+3.17, +1.732, +9.389,+0.991
1652603760,+3.17, +1.700, +9.402,+0.991
1652603820,+3.17, +1.657, +9.415,+0.991
1652603880,+3.17, +1.732, +9.392,+0.991
1652603940,+3.17, +1.742, +9.367,+0.991
1652604000,+3.17, +1.753, +9.376,+0.991
1652604060,+3.17, +1.721, +9.385,+0.991
1652604120,+3.17, +1.732, +9.381,+0.991
1652604180,+3.17, +1.710, +9.388,+0.990
1652604240,+3.17, +1.721, +9.376,+0.990
1652604300,+3.17, +1.742, +9.356,+0.990
1652604360,+3.17, +1.721, +9.386,+0.991
1652604420,+3.17, +1.742, +9.375,+0.991
1652604480,+3.17, +1.700, +9.397,+0.991
1652604540,+3.17, +1.668, +9.415,+0.991
1652604600,+3.17, +1.710, +9.395,+0.991
1652604660,+3.17, +1.700, +9.400,+0.991
1652604720,+3.17, +1.689, +9.393,+0.990
1652604780,+3.17, +1.700, +9.401,+0.991
1652604840,+3.17, +1.700, +9.388,+0.991
1652604900,+3.17, +1.710, +9.395,+0.992
1652604960,+3.17, +1.710, +9.390,+0.991
1652605020,+3.17, +1.710, +9.402,+0.992
1652605080,+3.17, +1.721, +9.379,+0.991
1652605140,+3.17, +1.721, +9.381,+0.991
1652605200,+3.17, +1.710, +9.386,+0.991
1652605260,+3.17, +1.700, +9.395,+0.991
1652605320,+3.17, +1.700, +9.402,+0.991
1652605380,+3.17, +1.657, +9.394,+0.990
1652605440,+3.17, +1.700, +9.402,+0.991
1652605500,+3.17, +1.678, +9.398,+0.991
1652605560,+3.17, +1.721, +9.370,+0.991
1652605620,+3.17, +1.710, +9.379,+0.991
1652605680,+3.17, +1.721, +9.381,+0.991
1652605740,+3.17, +1.721, +9.382,+0.991
1652605800,+3.17, +1.721, +9.372,+0.990
1652605860,+3.17, +1.700, +9.392,+0.991
1652605920,+3.17, +1.710, +9.390,+0.991
1652605980,+3.17, +1.742, +9.371,+0.991
1652606040,+3.17, +1.700, +9.395,+0.991
1652606100,+3.17, +1.700, +9.384,+0.991
1652606160,+3.17, +1.700, +9.383,+0.991
1652606220,+3.17, +1.721, +9.385,+0.991
1652606280,+3.17, +1.657, +9.402,+0.991
1652606340,+3.17, +1.732, +9.379,+0.991
1652606400,+3.17, +1.668, +9.405,+0.991
1652606460,+3.17, +1.678, +9.399,+0.991
1652606520,+3.17, +1.700, +9.392,+0.991
1652606580,+3.17, +1.700, +9.392,+0.991
1652606640,+3.17, +1.721, +9.392,+0.991
1652606700,+3.17, +1.689, +9.399,+0.991
1652606760,+3.17, +1.689, +9.400,+0.991
1652606820,+3.17, +1.721, +9.383,+0.991
1652606880,+3.17, +1.689, +9.397,+0.992
1652606940,+3.17, +1.710, +9.385,+0.991
1652607000,+3.17, +1.710, +9.392,+0.991
1652607060,+3.17, +1.721, +9.375,+0.990
1652607120,+3.17, +1.710, +9.389,+0.991
1652607180,+3.17, +1.689, +9.403,+0.991
1652607240,+3.17, +1.710, +9.386,+0.991
1652607300,+3.17, +1.678, +9.401,+0.991
1652607360,+3.17, +1.689, +9.386,+0.991
1652607420,+3.17, +1.689, +9.390,+0.991
1652607480,+3.17, +1.657, +9.411,+0.991
1652607540,+3.17, +1.678, +9.418,+0.992
1652607600,+3.17, +1.678, +9.404,+0.991
1652607660,+3.17, +1.657, +9.410,+0.991
1652607720,+3.17, +1.678, +9.402,+0.991
1652607780,+3.17, +1.678, +9.401,+0.991
1652607840,+3.17, +1.689, +9.391,+0.991
1652607900,+3.17, +1.700, +9.372,+0.990
1652607960,+3.17, +1.689, +9.399,+0.991
1652608020,+3.17, +1.700, +9.398,+0.992
1652608080,+3.17, +1.689, +9.388,+0.991
1652608140,+3.17, +1.700, +9.395,+0.991
1652608200,+3.17, +1.678, +9.406,+0.991
1652608260,+3.17, +1.668, +9.400,+0.991
1652608320,+3.17, +1.668, +9.415,+0.992
1652608380,+3.17, +1.689, +9.389,+0.991
1652608440,+3.17, +1.668, +9.397,+0.991
1652608500,+3.17, +1.689, +9.391,+0.991
1652608560,+3.17, +1.678, +9.394,+0.991
1652608620,+3.17, +1.678, +9.409,+0.992
1652608680,+3.17, +1.689, +9.409,+0.992
1652608740,+3.17, +1.689, +9.392,+0.991
1652608800,+3.17, +1.668, +9.411,+0.991
1652608860,+3.17, +1.668, +9.394,+0.991
1652608920,+3.17, +1.678, +9.389,+0.991
1652608980,+3.17, +1.646, +9.413,+0.991
1652609040,+3.17, +1.668, +9.398,+0.991
1652609100,+3.17, +1.668, +9.395,+0.991
1652609160,+3.17, +1.668, +9.398,+0.991
1652609220,+3.17, +1.689, +9.388,+0.991
1652609280,+3.17, +1.710, +9.397,+0.992
1652609340,+3.17, +1.657, +9.409,+0.991
1652609400,+3.17, +1.657, +9.404,+0.991
1652609460,+3.17, +1.689, +9.396,+0.991
1652609520,+3.17, +1.646, +9.412,+0.991
1652609580,+3.17, +1.657, +9.397,+0.990
1652609640,+3.17, +1.657, +9.389,+0.990
1652609700,+3.17, +1.668, +9.413,+0.992
1652609760,+3.17, +1.657, +9.407,+0.991
1652609820,+3.17, +1.678, +9.410,+0.992
1652609880,+3.17, +1.678, +9.407,+0.992
1652609940,+3.17, +1.646, +9.410,+0.991
1652610000,+3.17, +1.668, +9.396,+0.991
1652610060,+3.17, +1.657, +9.408,+0.991
1652610120,+3.17, +1.657, +9.399,+0.991
1652610180,+3.17, +1.646, +9.394,+0.991
1652610240,+3.17, +1.657, +9.414,+0.992
1652610300,+3.17, +1.657, +9.400,+0.991
1652610360,+3.17, +1.657, +9.404,+0.991
1652610420,+3.17, +1.636, +9.423,+0.991
1652610480,+3.17, +1.646, +9.400,+0.991
1652610540,+3.17, +1.646, +9.403,+0.991
1652610600,+3.17, +1.668, +9.415,+0.992
1652610660,+3.17, +1.668, +9.397,+0.991
1652610720,+3.17, +1.614, +9.423,+0.991
1652610780,+3.17, +1.646, +9.418,+0.992
1652610840,+3.17, +1.678, +9.393,+0.991
1652610900,+3.17, +1.657, +9.402,+0.991
1652610960,+3.17, +1.657, +9.408,+0.991
1652611020,+3.17, +1.646, +9.405,+0.991
1652611080,+3.17, +1.668, +9.390,+0.990
1652611140,+3.17, +1.614, +9.426,+0.991
1652611200,+3.17, +1.625, +9.419,+0.991
1652611260,+3.17, +1.646, +9.407,+0.991
1652611320,+3.17, +1.668, +9.392,+0.991
1652611380,+3.17, +1.646, +9.405,+0.991
1652611440,+3.17, +1.657, +9.407,+0.991
1652611500,+3.17, +1.646, +9.411,+0.991
1652611560,+3.17, +1.657, +9.406,+0.991
1652611620,+3.17, +1.657, +9.396,+0.991
1652611680,+3.17, +1.657, +9.405,+0.991
1652611740,+3.17, +1.668, +9.388,+0.990
1652611800,+3.17, +1.657, +9.392,+0.991
1652611860,+3.17, +1.646, +9.396,+0.991
1652611920,+3.17, +1.668, +9.395,+0.991
1652611980,+3.17, +1.636, +9.418,+0.991
1652612040,+3.17, +1.646, +9.407,+0.991
1652612100,+3.17, +1.678, +9.403,+0.991
1652612160,+3.17, +1.646, +9.393,+0.990
1652612220,+3.17, +1.668, +9.401,+0.991
1652612280,+3.17, +1.604, +9.415,+0.991
1652612340,+3.17, +1.646, +9.397,+0.991
1652612400,+3.17, +1.625, +9.416,+0.991
1652612460,+3.17, +1.625, +9.420,+0.991
1652612520,+3.17, +1.646, +9.392,+0.990
1652612580,+3.17, +1.646, +9.407,+0.991
1652612640,+3.17, +1.657, +9.390,+0.990
1652612700,+3.17, +1.636, +9.403,+0.991
1652612760,+3.17, +1.646, +9.407,+0.991
1652612820,+3.17, +1.636, +9.411,+0.991
1652612880,+3.17, +1.625, +9.417,+0.991
1652612940,+3.17, +1.668, +9.400,+0.991
1652613000,+3.17, +1.625, +9.398,+0.991
1652613060,+3.17, +1.646, +9.383,+0.990
1652613120,+3.17, +1.646, +9.405,+0.991
1652613180,+3.17, +1.636, +9.407,+0.991
1652613240,+3.17, +1.646, +9.409,+0.991
1652613300,+3.17, +1.646, +9.408,+0.991
1652613360,+3.17, +1.646, +9.404,+0.991
1652613420,+3.17, +1.614, +9.419,+0.991
1652613480,+3.17, +1.614, +9.417,+0.991
1652613540,+3.17, +1.646, +9.400,+0.991
1652613600,+3.17, +1.646, +9.403,+0.991
1652613660,+3.17, +1.646, +9.405,+0.991
1652613720,+3.17, +1.625, +9.408,+0.991
1652613780,+3.17, +1.625, +9.414,+0.991
1652613840,+3.17, +1.625, +9.415,+0.991
1652613900,+3.17, +1.593, +9.440,+0.992
1652613960,+3.17, +1.625, +9.424,+0.992
1652614020,+3.17, +1.636, +9.406,+0.991
1652614080,+3.17, +1.657, +9.396,+0.991
1652614140,+3.17, +1.657, +9.396,+0.991
1652614200,+3.17, +1.636, +9.397,+0.991
1652614260,+3.17, +1.604, +9.428,+0.991
1652614320,+3.17, +1.593, +9.428,+0.991
1652614380,+3.17, +1.636, +9.416,+0.991
1652614440,+3.17, +1.657, +9.392,+0.991
1652614500,+3.17, +1.636, +9.424,+0.992
1652614560,+3.17, +1.625, +9.419,+0.991
1652614620,+3.17, +1.625, +9.408,+0.991
1652614680,+3.17, +1.614, +9.421,+0.991
1652614740,+3.17, +1.636, +9.424,+0.992
1652614800,+3.17, +1.646, +9.401,+0.991
1652614860,+3.17, +1.646, +9.398,+0.991
1652614920,+3.17, +1.646, +9.409,+0.991
1652614980,+3.17, +1.582, +9.427,+0.991
1652615040,+3.17, +1.636, +9.405,+0.991
1652615100,+3.17, +1.636, +9.411,+0.991
1652615160,+3.17, +1.636, +9.395,+0.990
1652615220,+3.17, +1.646, +9.404,+0.991
1652615280,+3.17, +1.625, +9.403,+0.991
1652615340,+3.17, +1.582, +9.428,+0.991
1652615400,+3.17, +1.625, +9.410,+0.991
1652615460,+3.17, +1.636, +9.401,+0.991
1652615520,+3.17, +1.625, +9.408,+0.991
1652615580,+3.17, +1.614, +9.417,+0.991
1652615640,+3.17, +1.625, +9.401,+0.991
1652615700,+3.17, +1.625, +9.411,+0.991
1652615760,+3.17, +1.604, +9.428,+0.991
1652615820,+3.17, +1.636, +9.412,+0.991
1652615880,+3.17, +1.571, +9.440,+0.991
1652615940,+3.17, +1.625, +9.408,+0.991
1652616000,+3.17, +1.636, +9.393,+0.990
1652616060,+3.17, +1.614, +9.422,+0.991
1652616120,+3.17, +1.625, +9.411,+0.991
1652616180,+3.17, +1.614, +9.407,+0.991
1652616240,+3.17, +1.625, +9.406,+0.991
1652616300,+3.17, +1.636, +9.412,+0.991
1652616360,+3.17, +1.593, +9.417,+0.990
1652616420,+3.17, +1.636, +9.409,+0.991
1652616480,+3.17, +1.625, +9.406,+0.991
1652616540,+3.17, +1.604, +9.432,+0.991
1652616600,+3.17, +1.636, +9.413,+0.991
1652616660,+3.17, +1.604, +9.426,+0.991
1652616720,+3.17, +1.636, +9.408,+0.991
1652616780,+3.17, +1.646, +9.405,+0.991
1652616840,+3.17, +1.614, +9.421,+0.992
1652616900,+3.17, +1.614, +9.396,+0.990
1652616960,+3.17, +1.625, +9.421,+0.992
1652617020,+3.17, +1.625, +9.419,+0.991
1652617080,+3.17, +1.604, +9.422,+0.991
1652617140,+3.17, +1.625, +9.426,+0.991
1652617200,+3.17, +1.625, +9.415,+0.991
1652617260,+3.17, +1.646, +9.388,+0.990
1652617320,+3.17, +1.625, +9.418,+0.991
1652617380,+3.17, +1.625, +9.419,+0.991
1652617440,+3.17, +1.625, +9.412,+0.991
1652617500,+3.17, +1.646, +9.398,+0.991
1652617560,+3.17, +1.625, +9.418,+0.992
1652617620,+3.17, +1.614, +9.415,+0.991
1652617680,+3.17, +1.625, +9.409,+0.991
1652617740,+3.17, +1.646, +9.404,+0.991
1652617800,+3.17, +1.625, +9.411,+0.991
1652617860,+3.17, +1.625, +9.418,+0.991
1652617920,+3.17, +1.646, +9.412,+0.991
1652617980,+3.17, +1.614, +9.423,+0.991
1652618040,+3.17, +1.646, +9.405,+0.991
1652618100,+3.17, +1.636, +9.416,+0.991
1652618160,+3.17, +1.582, +9.437,+0.991
1652618220,+3.17, +1.657, +9.402,+0.991
1652618280,+3.17, +1.625, +9.417,+0.991
1652618340,+3.17, +1.625, +9.407,+0.990
1652618400,+3.17, +1.668, +9.394,+0.991
1652618460,+3.17, +1.625, +9.416,+0.991
1652618520,+3.17, +1.636, +9.413,+0.991
1652618580,+3.17, +1.657, +9.409,+0.991
1652618640,+3.17, +1.668, +9.399,+0.991
1652618700,+3.17, +1.668, +9.411,+0.992
1652618760,+3.17, +1.625, +9.425,+0.991
1652618820,+3.17, +1.646, +9.410,+0.991
1652618880,+3.17, +1.668, +9.405,+0.991
1652618940,+3.17, +1.646, +9.410,+0.991
1652619000,+3.17, +1.657, +9.422,+0.992
1652619060,+3.17, +1.668, +9.395,+0.991
1652619120,+3.17, +1.657, +9.396,+0.990
1652619180,+3.17, +1.657, +9.396,+0.990
1652619240,+3.17, +1.668, +9.389,+0.990
1652619300,+3.17, +1.668, +9.414,+0.991
1652619360,+3.17, +1.657, +9.417,+0.991
1652619420,+3.17, +1.646, +9.417,+0.991
1652619480,+3.17, +1.636, +9.417,+0.991
1652619540,+3.17, +1.668, +9.404,+0.991
1652619600,+3.17, +1.668, +9.406,+0.991
1652619660,+3.17, +1.614, +9.428,+0.991
1652619720,+3.17, +1.657, +9.401,+0.991
1652619780,+3.17, +1.668, +9.413,+0.992
1652619840,+3.17, +1.657, +9.417,+0.991
1652619900,+3.17, +1.700, +9.392,+0.991
1652619960,+3.17, +1.678, +9.418,+0.992
1652620020,+3.17, +1.646, +9.417,+0.991
1652620080,+3.17, +1.689, +9.409,+0.992
1652620140,+3.17, +1.646, +9.409,+0.991
1652620200,+3.17, +1.678, +9.410,+0.991
1652620260,+3.17, +1.689, +9.392,+0.991
1652620320,+3.17, +1.689, +9.400,+0.991
1652620380,+3.17, +1.668, +9.415,+0.991
1652620440,+3.17, +1.678, +9.405,+0.991
1652620500,+3.17, +1.668, +9.413,+0.991
1652620560,+3.17, +1.678, +9.394,+0.990
1652620620,+3.17, +1.678, +9.412,+0.991
1652620680,+3.17, +1.710, +9.395,+0.991
1652620740,+3.17, +1.710, +9.394,+0.991
1652620800,+3.17, +1.689, +9.401,+0.991
1652620860,+3.17, +1.700, +9.411,+0.992
1652620920,+3.17, +1.689, +9.419,+0.992
1652620980,+3.17, +1.668, +9.416,+0.991
1652621040,+3.17, +1.700, +9.403,+0.991
1652621100,+3.17, +1.721, +9.387,+0.991
1652621160,+3.17, +1.668, +9.414,+0.991
1652621220,+3.17, +1.689, +9.405,+0.991
1652621280,+3.17, +1.689, +9.410,+0.991
1652621340,+3.17, +1.700, +9.410,+0.991
1652621400,+3.17, +1.700, +9.399,+0.991
1652621460,+3.17, +1.710, +9.406,+0.991
1652621520,+3.17, +1.668, +9.424,+0.991
1652621580,+3.17, +1.721, +9.376,+0.990
1652621640,+3.17, +1.721, +9.394,+0.991
1652621700,+3.17, +1.710, +9.386,+0.990
1652621760,+3.17, +1.732, +9.390,+0.991
1652621820,+3.17, +1.710, +9.400,+0.991
1652621880,+3.17, +1.678, +9.407,+0.991
1652621940,+3.17, +1.732, +9.403,+0.992
1652622000,+3.17, +1.700, +9.420,+0.992
1652622060,+3.17, +1.753, +9.388,+0.991
1652622120,+3.17, +1.721, +9.396,+0.991
1652622180,+3.17, +1.721, +9.395,+0.991
1652622240,+3.17, +1.721, +9.390,+0.991
1652622300,+3.17, +1.732, +9.408,+0.991
1652622360,+3.17, +1.732, +9.402,+0.991
1652622420,+3.17, +1.732, +9.399,+0.991
1652622480,+3.17, +1.764, +9.382,+0.991
1652622540,+3.17, +1.742, +9.391,+0.991
1652622600,+3.17, +1.710, +9.412,+0.991
1652622660,+3.17, +1.700, +9.405,+0.991
1652622720,+3.17, +1.742, +9.391,+0.990
1652622780,+3.17, +1.710, +9.404,+0.991
1652622840,+3.17, +1.753, +9.399,+0.991
1652622900,+3.17, +1.753, +9.387,+0.991
1652622960,+3.17, +1.732, +9.408,+0.991
1652623020,+3.17, +1.753, +9.392,+0.991
1652623080,+3.17, +1.753, +9.387,+0.991
1652623140,+3.17, +1.774, +9.386,+0.991
1652623200,+3.17, +1.764, +9.400,+0.991
1652623260,+3.17, +1.774, +9.386,+0.991
1652623320,+3.17, +1.764, +9.391,+0.991
1652623380,+3.17, +1.764, +9.416,+0.992
1652623440,+3.17, +1.764, +9.393,+0.991
1652623500,+3.17, +1.796, +9.390,+0.992
1652623560,+3.17, +1.753, +9.396,+0.991
1652623620,+3.17, +1.753, +9.394,+0.991
1652623680,+3.17, +1.753, +9.390,+0.991
1652623740,+3.17, +1.774, +9.382,+0.991
1652623800,+3.17, +1.796, +9.381,+0.991
1652623860,+3.17, +1.796, +9.382,+0.991
1652623920,+3.17, +1.785, +9.380,+0.991
1652623980,+3.17, +1.774, +9.388,+0.991
1652624040,+3.17, +1.764, +9.394,+0.991
1652624100,+3.17, +1.806, +9.390,+0.991
1652624160,+3.17, +1.785, +9.391,+0.991
1652624220,+3.17, +1.785, +9.378,+0.990
1652624280,+3.17, +1.785, +9.401,+0.991
1652624340,+3.17, +1.806, +9.384,+0.991
1652624400,+3.17, +1.785, +9.382,+0.991
1652624460,+3.17, +1.796, +9.390,+0.991
1652624520,+3.17, +1.785, +9.403,+0.992
1652624580,+3.17, +1.806, +9.392,+0.991
1652624640,+3.17, +1.817, +9.391,+0.991
1652624700,+3.17, +1.806, +9.388,+0.991
1652624760,+3.17, +1.817, +9.381,+0.991
1652624820,+3.17, +1.796, +9.394,+0.991
1652624880,+3.17, +1.806, +9.403,+0.991
1652624940,+3.17, +1.828, +9.390,+0.992
1652625000,+3.17, +1.817, +9.384,+0.991
1652625060,+3.17, +1.838, +9.381,+0.991
1652625120,+3.17, +1.806, +9.390,+0.991
1652625180,+3.17, +1.860, +9.361,+0.990
1652625240,+3.17, +1.806, +9.379,+0.990
1652625300,+3.17, +1.849, +9.363,+0.991
1652625360,+3.17, +1.849, +9.372,+0.991
1652625420,+3.17, +1.849, +9.378,+0.991
1652625480,+3.17, +1.838, +9.374,+0.991
1652625540,+3.17, +1.870, +9.365,+0.991
1652625600,+3.17, +1.860, +9.370,+0.991
1652625660,+3.17, +1.849, +9.373,+0.991
1652625720,+3.17, +1.849, +9.385,+0.991
1652625780,+3.17, +1.860, +9.368,+0.990
1652625840,+3.17, +1.881, +9.371,+0.991
1652625900,+3.17, +1.860, +9.362,+0.990
1652625960,+3.17, +1.870, +9.364,+0.990
1652626020,+3.17, +1.881, +9.376,+0.991
1652626080,+3.17, +1.881, +9.366,+0.991
1652626140,+3.17, +1.870, +9.378,+0.991
1652626200,+3.17, +1.913, +9.355,+0.990
1652626260,+3.17, +1.891, +9.359,+0.990
1652626320,+3.17, +1.870, +9.380,+0.991
1652626380,+3.17, +1.891, +9.373,+0.991
1652626440,+3.17, +1.891, +9.359,+0.990
1652626500,+3.17, +1.891, +9.364,+0.990
1652626560,+3.17, +1.891, +9.355,+0.990
1652626620,+3.17, +1.891, +9.359,+0.990
1652626680,+3.17, +1.923, +9.356,+0.990
1652626740,+3.17, +1.891, +9.360,+0.990
1652626800,+3.17, +1.923, +9.364,+0.990
1652626860,+3.17, +1.913, +9.357,+0.990
1652626920,+3.17, +1.913, +9.362,+0.991
1652626980,+3.17, +1.923, +9.352,+0.990
1652627040,+3.17, +1.902, +9.369,+0.991
1652627100,+3.17, +1.945, +9.343,+0.990
1652627160,+3.17, +1.934, +9.368,+0.991
1652627220,+3.17, +1.966, +9.345,+0.990
1652627280,+3.17, +1.966, +9.345,+0.990
