7392-928226
OS REV: 1.11 Sensor Cal: 1496933196
Time (sec),  BV (Volts),  T (deg C),  DO (mg/l),  Q ()
1652713740,+3.17, +2.040, +9.292,+0.990
1652713800,+3.17, +2.061, +9.288,+0.991
1652713860,+3.17, +2.072, +9.271,+0.990
1652713920,+3.17, +2.061, +9.282,+0.990
1652713980,+3.16, +2.061, +9.280,+0.990
1652714040,+3.17, +2.093, +9.278,+0.991
1652714100,+3.16, +2.082, +9.284,+0.991
1652714160,+3.17, +2.104, +9.283,+0.991
1652714220,+3.17, +2.114, +9.278,+0.991
1652714280,+3.17, +2.093, +9.287,+0.991
1652714340,+3.17, +2.114, +9.266,+0.991
1652714400,+3.17, +2.082, +9.293,+0.991
1652714460,+3.17, +2.114, +9.271,+0.991
1652714520,+3.17, +2.104, +9.289,+0.991
1652714580,+3.17, +2.114, +9.265,+0.990
1652714640,+3.17, +2.114, +9.273,+0.991
1652714700,+3.17, +2.104, +9.281,+0.991
1652714760,+3.16, +2.125, +9.279,+0.991
1652714820,+3.16, +2.125, +9.268,+0.991
1652714880,+3.17, +2.114, +9.280,+0.991
1652714940,+3.17, +2.157, +9.264,+0.991
1652715000,+3.17, +2.135, +9.257,+0.990
1652715060,+3.16, +2.125, +9.271,+0.990
1652715120,+3.16, +2.157, +9.272,+0.991
1652715180,+3.16, +2.125, +9.278,+0.991
1652715240,+3.16, +2.178, +9.253,+0.991
1652715300,+3.17, +2.178, +9.244,+0.990
1652715360,+3.16, +2.188, +9.253,+0.991
1652715420,+3.16, +2.178, +9.252,+0.991
1652715480,+3.17, +2.157, +9.272,+0.991
1652715540,+3.17, +2.188, +9.259,+0.991
1652715600,+3.16, +2.178, +9.263,+0.991
1652715660,+3.16, +2.188, +9.250,+0.991
1652715720,+3.17, +2.188, +9.249,+0.990
1652715780,+3.16, +2.188, +9.248,+0.990
1652715840,+3.16, +2.188, +9.257,+0.991
1652715900,+3.16, +2.199, +9.251,+0.991
1652715960,+3.17, +2.209, +9.249,+0.991
1652716020,+3.17, +2.209, +9.251,+0.991
1652716080,+3.17, +2.230, +9.241,+0.991
1652716140,+3.16, +2.230, +9.247,+0.991
1652716200,+3.16, +2.220, +9.248,+0.991
1652716260,+3.16, +2.230, +9.240,+0.991
1652716320,+3.17, +2.209, +9.254,+0.991
1652716380,+3.17, +2.220, +9.244,+0.991
1652716440,+3.16, +2.230, +9.241,+0.991
1652716500,+3.17, +2.230, +9.256,+0.991
1652716560,+3.16, +2.220, +9.251,+0.991
1652716620,+3.17, +2.230, +9.253,+0.991
1652716680,+3.16, +2.230, +9.244,+0.991
1652716740,+3.17, +2.273, +9.231,+0.991
1652716800,+3.16, +2.252, +9.227,+0.990
1652716860,+3.16, +2.273, +9.229,+0.991
1652716920,+3.16, +2.273, +9.234,+0.991
1652716980,+3.16, +2.220, +9.262,+0.991
1652717040,+3.16, +2.273, +9.226,+0.990
1652717100,+3.16, +2.252, +9.246,+0.991
1652717160,+3.16, +2.294, +9.232,+0.992
1652717220,+3.16, +2.273, +9.241,+0.991
1652717280,+3.16, +2.304, +9.234,+0.992
1652717340,+3.16, +2.294, +9.240,+0.991
1652717400,+3.16, +2.241, +9.255,+0.991
1652717460,+3.16, +2.325, +9.219,+0.991
1652717520,+3.17, +2.315, +9.229,+0.991
1652717580,+3.16, +2.315, +9.221,+0.991
1652717640,+3.16, +2.304, +9.221,+0.991
1652717700,+3.16, +2.315, +9.215,+0.990
1652717760,+3.16, +2.325, +9.223,+0.991
1652717820,+3.16, +2.325, +9.211,+0.990
1652717880,+3.16, +2.315, +9.225,+0.991
1652717940,+3.16, +2.368, +9.214,+0.991
1652718000,+3.16, +2.357, +9.214,+0.991
1652718060,+3.16, +2.368, +9.201,+0.991
1652718120,+3.17, +2.389, +9.208,+0.991
1652718180,+3.16, +2.368, +9.222,+0.991
1652718240,+3.16, +2.357, +9.224,+0.991
1652718300,+3.16, +2.389, +9.205,+0.991
1652718360,+3.16, +2.389, +9.221,+0.992
1652718420,+3.16, +2.399, +9.198,+0.991
1652718480,+3.16, +2.410, +9.206,+0.991
1652718540,+3.16, +2.399, +9.198,+0.991
1652718600,+3.16, +2.441, +9.189,+0.991
1652718660,+3.16, +2.420, +9.190,+0.991
1652718720,+3.16, +2.420, +9.201,+0.991
1652718780,+3.16, +2.420, +9.195,+0.991
1652718840,+3.17, +2.431, +9.210,+0.992
1652718900,+3.16, +2.452, +9.193,+0.991
1652718960,+3.16, +2.441, +9.181,+0.991
1652719020,+3.16, +2.431, +9.204,+0.991
1652719080,+3.16, +2.431, +9.190,+0.990
1652719140,+3.16, +2.452, +9.195,+0.991
1652719200,+3.16, +2.462, +9.196,+0.991
1652719260,+3.16, +2.483, +9.176,+0.991
1652719320,+3.16, +2.504, +9.181,+0.991
1652719380,+3.16, +2.504, +9.187,+0.991
1652719440,+3.16, +2.494, +9.188,+0.991
1652719500,+3.16, +2.483, +9.186,+0.991
1652719560,+3.16, +2.473, +9.204,+0.991
1652719620,+3.16, +2.504, +9.182,+0.991
1652719680,+3.16, +2.536, +9.171,+0.991
1652719740,+3.16, +2.525, +9.170,+0.990
1652719800,+3.16, +2.515, +9.183,+0.991
1652719860,+3.16, +2.546, +9.177,+0.991
1652719920,+3.16, +2.536, +9.183,+0.991
1652719980,+3.16, +2.546, +9.176,+0.991
1652720040,+3.16, +2.557, +9.168,+0.991
1652720100,+3.16, +2.588, +9.152,+0.991
1652720160,+3.16, +2.630, +9.131,+0.991
1652720220,+3.16, +2.588, +9.159,+0.991
1652720280,+3.16, +2.609, +9.146,+0.991
1652720340,+3.16, +2.609, +9.163,+0.991
1652720400,+3.16, +2.588, +9.180,+0.991
1652720460,+3.16, +2.630, +9.154,+0.991
1652720520,+3.16, +2.630, +9.151,+0.991
1652720580,+3.16, +2.630, +9.163,+0.992
1652720640,+3.16, +2.640, +9.166,+0.992
1652720700,+3.16, +2.630, +9.146,+0.990
1652720760,+3.16, +2.661, +9.160,+0.992
1652720820,+3.16, +2.672, +9.150,+0.991
1652720880,+3.16, +2.682, +9.151,+0.991
1652720940,+3.16, +2.630, +9.151,+0.990
1652721000,+3.16, +2.682, +9.133,+0.990
1652721060,+3.17, +2.682, +9.143,+0.991
1652721120,+3.16, +2.661, +9.151,+0.991
1652721180,+3.17, +2.682, +9.147,+0.991
1652721240,+3.17, +2.735, +9.128,+0.991
1652721300,+3.17, +2.714, +9.128,+0.991
1652721360,+3.16, +2.703, +9.133,+0.990
1652721420,+3.17, +2.735, +9.124,+0.991
1652721480,+3.17, +2.766, +9.124,+0.991
1652721540,+3.16, +2.735, +9.139,+0.991
1652721600,+3.17, +2.745, +9.137,+0.991
1652721660,+3.17, +2.735, +9.134,+0.991
1652721720,+3.17, +2.755, +9.131,+0.991
1652721780,+3.17, +2.766, +9.117,+0.991
1652721840,+3.16, +2.755, +9.120,+0.990
1652721900,+3.17, +2.797, +9.127,+0.992
1652721960,+3.17, +2.818, +9.123,+0.992
1652722020,+3.16, +2.849, +9.101,+0.991
1652722080,+3.17, +2.818, +9.113,+0.991
1652722140,+3.17, +2.808, +9.122,+0.991
1652722200,+3.17, +2.818, +9.113,+0.991
1652722260,+3.16, +2.829, +9.113,+0.991
1652722320,+3.17, +2.808, +9.119,+0.991
1652722380,+3.16, +2.839, +9.115,+0.991
1652722440,+3.17, +2.849, +9.103,+0.991
1652722500,+3.17, +2.849, +9.105,+0.991
1652722560,+3.16, +2.860, +9.110,+0.991
1652722620,+3.17, +2.860, +9.106,+0.991
1652722680,+3.16, +2.891, +9.089,+0.991
1652722740,+3.17, +2.860, +9.105,+0.991
1652722800,+3.17, +2.849, +9.122,+0.991
1652722860,+3.16, +2.891, +9.089,+0.990
1652722920,+3.17, +2.933, +9.096,+0.991
1652722980,+3.16, +2.912, +9.091,+0.991
1652723040,+3.17, +2.933, +9.090,+0.991
1652723100,+3.17, +2.954, +9.072,+0.991
1652723160,+3.17, +2.954, +9.057,+0.991
1652723220,+3.17, +2.943, +9.078,+0.991
1652723280,+3.16, +2.943, +9.073,+0.991
1652723340,+3.17, +2.943, +9.071,+0.991
1652723400,+3.16, +2.954, +9.064,+0.991
1652723460,+3.16, +2.933, +9.083,+0.991
1652723520,+3.16, +2.943, +9.079,+0.991
1652723580,+3.16, +2.954, +9.083,+0.991
1652723640,+3.16, +2.964, +9.063,+0.991
1652723700,+3.17, +2.943, +9.084,+0.991
1652723760,+3.16, +2.964, +9.067,+0.991
1652723820,+3.17, +2.943, +9.090,+0.992
1652723880,+3.17, +2.964, +9.072,+0.991
1652723940,+3.16, +2.964, +9.072,+0.991
1652724000,+3.17, +2.964, +9.063,+0.991
1652724060,+3.17, +2.974, +9.068,+0.991
1652724120,+3.16, +2.974, +9.065,+0.991
1652724180,+3.16, +2.985, +9.062,+0.991
1652724240,+3.16, +2.995, +9.061,+0.991
1652724300,+3.17, +2.974, +9.077,+0.991
1652724360,+3.16, +2.974, +9.073,+0.991
1652724420,+3.16, +2.995, +9.076,+0.991
1652724480,+3.16, +2.964, +9.074,+0.991
1652724540,+3.17, +3.005, +9.067,+0.991
1652724600,+3.17, +2.943, +9.099,+0.992
1652724660,+3.16, +2.974, +9.080,+0.991
1652724720,+3.16, +2.995, +9.057,+0.991
1652724780,+3.17, +2.995, +9.056,+0.991
1652724840,+3.17, +2.964, +9.073,+0.991
1652724900,+3.16, +2.985, +9.073,+0.991
1652724960,+3.17, +2.954, +9.089,+0.991
1652725020,+3.17, +2.995, +9.060,+0.991
1652725080,+3.17, +3.005, +9.063,+0.992
1652725140,+3.16, +2.974, +9.063,+0.991
1652725200,+3.17, +2.985, +9.061,+0.991
1652725260,+3.16, +2.964, +9.064,+0.991
1652725320,+3.17, +2.943, +9.079,+0.991
1652725380,+3.16, +2.954, +9.078,+0.992
1652725440,+3.16, +2.974, +9.056,+0.991
1652725500,+3.16, +2.912, +9.085,+0.991
1652725560,+3.16, +2.922, +9.093,+0.992
1652725620,+3.16, +2.922, +9.071,+0.990
1652725680,+3.16, +2.922, +9.065,+0.990
1652725740,+3.17, +2.943, +9.059,+0.990
1652725800,+3.16, +2.922, +9.062,+0.990
1652725860,+3.17, +2.933, +9.064,+0.991
1652725920,+3.17, +2.891, +9.084,+0.991
1652725980,+3.17, +2.860, +9.089,+0.991
1652726040,+3.16, +2.901, +9.072,+0.991
1652726100,+3.16, +2.881, +9.084,+0.991
1652726160,+3.16, +2.870, +9.074,+0.990
1652726220,+3.16, +2.818, +9.095,+0.990
1652726280,+3.16, +2.849, +9.092,+0.991
1652726340,+3.17, +2.860, +9.089,+0.991
1652726400,+3.17, +2.849, +9.084,+0.991
1652726460,+3.17, +2.881, +9.074,+0.991
1652726520,+3.17, +2.839, +9.082,+0.991
1652726580,+3.16, +2.818, +9.097,+0.991
1652726640,+3.17, +2.818, +9.094,+0.991
1652726700,+3.16, +2.829, +9.087,+0.991
1652726760,+3.17, +2.808, +9.089,+0.991
1652726820,+3.17, +2.808, +9.097,+0.991
1652726880,+3.16, +2.808, +9.098,+0.991
1652726940,+3.17, +2.797, +9.100,+0.991
1652727000,+3.17, +2.808, +9.091,+0.991
1652727060,+3.16, +2.818, +9.092,+0.991
1652727120,+3.16, +2.776, +9.095,+0.991
1652727180,+3.17, +2.787, +9.111,+0.991
1652727240,+3.16, +2.787, +9.112,+0.992
1652727300,+3.16, +2.755, +9.121,+0.991
1652727360,+3.16, +2.766, +9.108,+0.990
1652727420,+3.16, +2.724, +9.131,+0.991
1652727480,+3.17, +2.755, +9.136,+0.992
1652727540,+3.16, +2.735, +9.108,+0.990
1652727600,+3.16, +2.724, +9.116,+0.990
1652727660,+3.16, +2.703, +9.132,+0.991
1652727720,+3.17, +2.755, +9.114,+0.991
1652727780,+3.16, +2.755, +9.113,+0.991
1652727840,+3.16, +2.735, +9.110,+0.991
1652727900,+3.16, +2.745, +9.110,+0.991
1652727960,+3.17, +2.703, +9.135,+0.991
1652728020,+3.16, +2.661, +9.151,+0.991
1652728080,+3.16, +2.672, +9.134,+0.991
1652728140,+3.16, +2.703, +9.126,+0.991
1652728200,+3.17, +2.682, +9.141,+0.991
1652728260,+3.16, +2.693, +9.121,+0.990
1652728320,+3.16, +2.682, +9.137,+0.991
1652728380,+3.16, +2.693, +9.136,+0.991
1652728440,+3.16, +2.703, +9.122,+0.991
1652728500,+3.16, +2.714, +9.116,+0.991
1652728560,+3.16, +2.703, +9.124,+0.991
1652728620,+3.16, +2.672, +9.135,+0.991
1652728680,+3.16, +2.682, +9.131,+0.991
1652728740,+3.17, +2.693, +9.123,+0.991
1652728800,+3.16, +2.661, +9.130,+0.990
1652728860,+3.16, +2.693, +9.109,+0.991
1652728920,+3.16, +2.599, +9.130,+0.990
1652728980,+3.16, +2.630, +9.128,+0.991
1652729040,+3.16, +2.620, +9.151,+0.991
1652729100,+3.16, +2.620, +9.148,+0.991
1652729160,+3.16, +2.651, +9.133,+0.990
1652729220,+3.16, +2.640, +9.150,+0.991
1652729280,+3.16, +2.661, +9.122,+0.990
1652729340,+3.16, +2.651, +9.141,+0.991
1652729400,+3.17, +2.661, +9.125,+0.991
1652729460,+3.16, +2.640, +9.120,+0.990
1652729520,+3.16, +2.672, +9.117,+0.990
1652729580,+3.16, +2.640, +9.140,+0.991
1652729640,+3.16, +2.640, +9.142,+0.991
1652729700,+3.16, +2.672, +9.130,+0.991
1652729760,+3.16, +2.630, +9.158,+0.992
1652729820,+3.17, +2.640, +9.137,+0.991
1652729880,+3.16, +2.620, +9.156,+0.991
1652729940,+3.16, +2.630, +9.144,+0.991
1652730000,+3.16, +2.620, +9.157,+0.991
1652730060,+3.16, +2.620, +9.164,+0.991
1652730120,+3.16, +2.620, +9.143,+0.990
1652730180,+3.16, +2.661, +9.146,+0.991
1652730240,+3.16, +2.661, +9.131,+0.991
1652730300,+3.16, +2.661, +9.138,+0.991
1652730360,+3.16, +2.661, +9.135,+0.990
1652730420,+3.16, +2.693, +9.151,+0.992
1652730480,+3.16, +2.693, +9.147,+0.991
1652730540,+3.16, +2.693, +9.143,+0.991
1652730600,+3.16, +2.693, +9.147,+0.992
1652730660,+3.16, +2.703, +9.135,+0.991
1652730720,+3.16, +2.735, +9.128,+0.991
1652730780,+3.16, +2.703, +9.146,+0.991
1652730840,+3.16, +2.661, +9.164,+0.991
1652730900,+3.16, +2.724, +9.122,+0.990
1652730960,+3.17, +2.755, +9.135,+0.992
1652731020,+3.16, +2.735, +9.125,+0.991
1652731080,+3.16, +2.745, +9.129,+0.991
1652731140,+3.16, +2.787, +9.113,+0.991
1652731200,+3.16, +2.724, +9.140,+0.991
1652731260,+3.17, +2.787, +9.120,+0.991
1652731320,+3.17, +2.797, +9.112,+0.991
1652731380,+3.16, +2.797, +9.124,+0.991
1652731440,+3.16, +2.818, +9.102,+0.991
1652731500,+3.16, +2.808, +9.110,+0.990
1652731560,+3.17, +2.839, +9.096,+0.991
1652731620,+3.16, +2.839, +9.105,+0.991
1652731680,+3.16, +2.849, +9.096,+0.991
1652731740,+3.16, +2.829, +9.104,+0.991
1652731800,+3.16, +2.849, +9.088,+0.990
1652731860,+3.16, +2.860, +9.096,+0.991
1652731920,+3.16, +2.870, +9.093,+0.991
1652731980,+3.17, +2.891, +9.078,+0.991
1652732040,+3.16, +2.901, +9.072,+0.990
1652732100,+3.16, +2.901, +9.075,+0.991
1652732160,+3.16, +2.891, +9.090,+0.991
1652732220,+3.16, +2.922, +9.059,+0.990
1652732280,+3.17, +2.943, +9.059,+0.991
1652732340,+3.16, +2.912, +9.091,+0.992
1652732400,+3.16, +2.901, +9.082,+0.991
1652732460,+3.17, +2.922, +9.075,+0.991
1652732520,+3.16, +2.901, +9.079,+0.990
1652732580,+3.16, +2.922, +9.078,+0.991
1652732640,+3.16, +2.954, +9.066,+0.991
1652732700,+3.16, +2.954, +9.069,+0.991
1652732760,+3.16, +2.933, +9.080,+0.991
1652732820,+3.16, +2.964, +9.058,+0.990
1652732880,+3.17, +2.933, +9.085,+0.991
1652732940,+3.16, +2.974, +9.068,+0.991
1652733000,+3.16, +2.922, +9.073,+0.990
1652733060,+3.17, +2.912, +9.093,+0.991
1652733120,+3.16, +2.964, +9.069,+0.991
1652733180,+3.16, +2.985, +9.064,+0.991
1652733240,+3.16, +2.964, +9.063,+0.991
1652733300,+3.16, +2.943, +9.065,+0.990
1652733360,+3.16, +2.974, +9.049,+0.991
1652733420,+3.16, +2.912, +9.070,+0.990
1652733480,+3.16, +2.922, +9.067,+0.991
1652733540,+3.16, +2.943, +9.072,+0.991
1652733600,+3.16, +2.870, +9.094,+0.991
1652733660,+3.16, +2.912, +9.063,+0.990
1652733720,+3.16, +2.891, +9.089,+0.991
1652733780,+3.17, +2.933, +9.064,+0.991
1652733840,+3.17, +2.912, +9.070,+0.991
1652733900,+3.16, +2.881, +9.090,+0.991
1652733960,+3.16, +2.912, +9.068,+0.990
1652734020,+3.17, +2.912, +9.069,+0.990
1652734080,+3.17, +2.901, +9.082,+0.991
1652734140,+3.16, +2.922, +9.081,+0.991
1652734200,+3.16, +2.901, +9.084,+0.991
1652734260,+3.16, +2.901, +9.075,+0.991
1652734320,+3.16, +2.954, +9.049,+0.990
1652734380,+3.16, +2.922, +9.067,+0.991
1652734440,+3.16, +2.891, +9.084,+0.991
1652734500,+3.16, +2.891, +9.078,+0.991
1652734560,+3.17, +2.881, +9.087,+0.991
1652734620,+3.16, +2.901, +9.066,+0.991
1652734680,+3.16, +2.901, +9.073,+0.991
1652734740,+3.16, +2.922, +9.062,+0.990
1652734800,+3.16, +2.891, +9.081,+0.991
1652734860,+3.16, +2.891, +9.077,+0.991
1652734920,+3.16, +2.922, +9.060,+0.991
1652734980,+3.16, +2.922, +9.066,+0.991
1652735040,+3.16, +2.901, +9.070,+0.991
1652735100,+3.16, +2.881, +9.086,+0.991
1652735160,+3.16, +2.901, +9.063,+0.991
1652735220,+3.16, +2.881, +9.096,+0.991
1652735280,+3.16, +2.849, +9.092,+0.991
1652735340,+3.17, +2.912, +9.081,+0.991
1652735400,+3.16, +2.849, +9.089,+0.991
1652735460,+3.17, +2.860, +9.091,+0.991
1652735520,+3.16, +2.901, +9.075,+0.991
1652735580,+3.17, +2.922, +9.064,+0.991
1652735640,+3.17, +2.881, +9.087,+0.991
1652735700,+3.16, +2.891, +9.065,+0.991
1652735760,+3.17, +2.881, +9.078,+0.991
1652735820,+3.17, +2.891, +9.075,+0.991
1652735880,+3.16, +2.943, +9.053,+0.991
1652735940,+3.16, +2.891, +9.063,+0.990
1652736000,+3.16, +2.881, +9.083,+0.991
1652736060,+3.16, +2.901, +9.064,+0.991
1652736120,+3.16, +2.870, +9.070,+0.991
1652736180,+3.16, +2.870, +9.077,+0.991
1652736240,+3.16, +2.860, +9.081,+0.991
1652736300,+3.16, +2.808, +9.114,+0.992
1652736360,+3.16, +2.870, +9.086,+0.992
1652736420,+3.16, +2.870, +9.068,+0.990
1652736480,+3.16, +2.870, +9.065,+0.990
1652736540,+3.16, +2.870, +9.067,+0.991
1652736600,+3.16, +2.839, +9.076,+0.990
1652736660,+3.16, +2.870, +9.076,+0.991
1652736720,+3.16, +2.860, +9.067,+0.991
1652736780,+3.16, +2.797, +9.109,+0.992
1652736840,+3.16, +2.849, +9.083,+0.991
1652736900,+3.16, +2.797, +9.107,+0.991
1652736960,+3.16, +2.818, +9.080,+0.991
1652737020,+3.17, +2.818, +9.083,+0.991
1652737080,+3.16, +2.818, +9.070,+0.990
1652737140,+3.16, +2.797, +9.093,+0.991
1652737200,+3.16, +2.808, +9.096,+0.991
1652737260,+3.16, +2.797, +9.086,+0.991
1652737320,+3.17, +2.797, +9.098,+0.991
1652737380,+3.17, +2.776, +9.100,+0.991
1652737440,+3.17, +2.797, +9.094,+0.991
1652737500,+3.16, +2.787, +9.092,+0.991
1652737560,+3.17, +2.755, +9.100,+0.991
1652737620,+3.16, +2.755, +9.090,+0.991
1652737680,+3.16, +2.766, +9.089,+0.991
1652737740,+3.16, +2.693, +9.121,+0.991
1652737800,+3.16, +2.682, +9.111,+0.990
1652737860,+3.16, +2.714, +9.109,+0.991
1652737920,+3.16, +2.672, +9.124,+0.991
1652737980,+3.16, +2.735, +9.106,+0.991
1652738040,+3.16, +2.724, +9.109,+0.991
1652738100,+3.16, +2.724, +9.108,+0.991
1652738160,+3.16, +2.724, +9.093,+0.990
1652738220,+3.17, +2.755, +9.092,+0.991
1652738280,+3.16, +2.755, +9.100,+0.991
1652738340,+3.16, +2.724, +9.116,+0.991
1652738400,+3.16, +2.735, +9.105,+0.991
1652738460,+3.16, +2.724, +9.110,+0.991
1652738520,+3.16, +2.755, +9.111,+0.992
1652738580,+3.16, +2.714, +9.111,+0.991
1652738640,+3.16, +2.735, +9.098,+0.990
1652738700,+3.16, +2.735, +9.113,+0.992
1652738760,+3.16, +2.735, +9.107,+0.991
1652738820,+3.16, +2.682, +9.125,+0.991
1652738880,+3.16, +2.724, +9.112,+0.991
1652738940,+3.16, +2.703, +9.117,+0.991
1652739000,+3.16, +2.735, +9.100,+0.991
1652739060,+3.16, +2.703, +9.109,+0.990
1652739120,+3.16, +2.661, +9.137,+0.991
1652739180,+3.16, +2.703, +9.100,+0.990
1652739240,+3.16, +2.735, +9.097,+0.991
1652739300,+3.16, +2.682, +9.114,+0.991
1652739360,+3.16, +2.693, +9.110,+0.991
1652739420,+3.16, +2.682, +9.109,+0.991
1652739480,+3.16, +2.661, +9.128,+0.991
1652739540,+3.16, +2.651, +9.119,+0.991
1652739600,+3.16, +2.661, +9.120,+0.991
1652739660,+3.16, +2.661, +9.129,+0.991
1652739720,+3.16, +2.672, +9.107,+0.991
1652739780,+3.16, +2.620, +9.142,+0.992
1652739840,+3.16, +2.630, +9.125,+0.991
1652739900,+3.16, +2.682, +9.109,+0.991
1652739960,+3.16, +2.630, +9.124,+0.991
1652740020,+3.16, +2.620, +9.131,+0.991
1652740080,+3.16, +2.609, +9.131,+0.991
1652740140,+3.16, +2.620, +9.133,+0.991
1652740200,+3.16, +2.609, +9.136,+0.991
1652740260,+3.16, +2.630, +9.124,+0.991
1652740320,+3.16, +2.640, +9.132,+0.991
1652740380,+3.16, +2.640, +9.127,+0.991
1652740440,+3.16, +2.630, +9.136,+0.992
1652740500,+3.16, +2.588, +9.138,+0.991
1652740560,+3.16, +2.620, +9.127,+0.991
1652740620,+3.16, +2.620, +9.132,+0.991
1652740680,+3.16, +2.630, +9.127,+0.991
1652740740,+3.16, +2.620, +9.134,+0.991
1652740800,+3.16, +2.588, +9.146,+0.991
1652740860,+3.16, +2.630, +9.131,+0.991
1652740920,+3.16, +2.588, +9.150,+0.991
1652740980,+3.16, +2.599, +9.124,+0.990
1652741040,+3.16, +2.599, +9.141,+0.991
1652741100,+3.16, +2.567, +9.144,+0.991
1652741160,+3.16, +2.609, +9.126,+0.991
1652741220,+3.16, +2.599, +9.133,+0.991
1652741280,+3.16, +2.557, +9.151,+0.991
1652741340,+3.16, +2.557, +9.159,+0.991
1652741400,+3.16, +2.578, +9.140,+0.991
1652741460,+3.16, +2.546, +9.159,+0.991
1652741520,+3.16, +2.536, +9.161,+0.991
1652741580,+3.16, +2.578, +9.149,+0.992
1652741640,+3.16, +2.588, +9.127,+0.991
1652741700,+3.16, +2.599, +9.119,+0.991
1652741760,+3.16, +2.609, +9.138,+0.991
1652741820,+3.16, +2.578, +9.137,+0.991
1652741880,+3.16, +2.557, +9.141,+0.991
1652741940,+3.16, +2.578, +9.138,+0.991
1652742000,+3.16, +2.599, +9.143,+0.992
1652742060,+3.16, +2.609, +9.123,+0.991
1652742120,+3.16, +2.546, +9.151,+0.991
1652742180,+3.16, +2.567, +9.131,+0.990
1652742240,+3.16, +2.567, +9.136,+0.991
1652742300,+3.16, +2.578, +9.145,+0.991
1652742360,+3.16, +2.567, +9.129,+0.990
1652742420,+3.16, +2.588, +9.132,+0.991
1652742480,+3.16, +2.567, +9.132,+0.991
1652742540,+3.16, +2.546, +9.141,+0.991
1652742600,+3.16, +2.578, +9.143,+0.991
1652742660,+3.16, +2.557, +9.140,+0.991
1652742720,+3.16, +2.546, +9.155,+0.991
1652742780,+3.16, +2.588, +9.146,+0.992
1652742840,+3.16, +2.567, +9.127,+0.990
1652742900,+3.16, +2.546, +9.149,+0.991
1652742960,+3.16, +2.536, +9.148,+0.991
1652743020,+3.16, +2.557, +9.147,+0.991
1652743080,+3.16, +2.557, +9.146,+0.991
1652743140,+3.16, +2.546, +9.132,+0.990
1652743200,+3.16, +2.525, +9.149,+0.991
1652743260,+3.16, +2.557, +9.147,+0.991
1652743320,+3.16, +2.525, +9.148,+0.991
1652743380,+3.16, +2.525, +9.135,+0.990
1652743440,+3.16, +2.515, +9.156,+0.991
1652743500,+3.16, +2.567, +9.122,+0.990
1652743560,+3.16, +2.515, +9.147,+0.990
1652743620,+3.16, +2.525, +9.145,+0.991
1652743680,+3.16, +2.536, +9.148,+0.991
1652743740,+3.16, +2.557, +9.123,+0.990
1652743800,+3.16, +2.525, +9.146,+0.991
1652743860,+3.16, +2.494, +9.149,+0.990
1652743920,+3.16, +2.525, +9.154,+0.991
1652743980,+3.16, +2.525, +9.137,+0.990
1652744040,+3.16, +2.546, +9.126,+0.990
1652744100,+3.16, +2.525, +9.154,+0.992
1652744160,+3.16, +2.525, +9.134,+0.990
1652744220,+3.16, +2.536, +9.137,+0.991
1652744280,+3.16, +2.546, +9.131,+0.991
1652744340,+3.16, +2.504, +9.146,+0.991
1652744400,+3.16, +2.525, +9.141,+0.991
1652744460,+3.16, +2.494, +9.162,+0.991
1652744520,+3.16, +2.536, +9.145,+0.991
1652744580,+3.16, +2.536, +9.150,+0.992
1652744640,+3.16, +2.504, +9.150,+0.991
1652744700,+3.16, +2.504, +9.159,+0.991
1652744760,+3.16, +2.441, +9.168,+0.991
1652744820,+3.16, +2.515, +9.139,+0.991
1652744880,+3.16, +2.504, +9.142,+0.991
1652744940,+3.16, +2.515, +9.145,+0.991
1652745000,+3.16, +2.494, +9.147,+0.991
1652745060,+3.16, +2.483, +9.151,+0.991
1652745120,+3.16, +2.494, +9.146,+0.991
1652745180,+3.16, +2.473, +9.150,+0.991
1652745240,+3.16, +2.483, +9.153,+0.991
1652745300,+3.16, +2.504, +9.149,+0.991
1652745360,+3.16, +2.483, +9.148,+0.991
1652745420,+3.16, +2.483, +9.161,+0.991
1652745480,+3.16, +2.473, +9.151,+0.991
1652745540,+3.16, +2.494, +9.141,+0.991
1652745600,+3.16, +2.494, +9.155,+0.991
1652745660,+3.16, +2.462, +9.154,+0.991
1652745720,+3.16, +2.483, +9.144,+0.991
1652745780,+3.16, +2.462, +9.145,+0.990
1652745840,+3.16, +2.494, +9.172,+0.992
1652745900,+3.16, +2.441, +9.166,+0.991
1652745960,+3.16, +2.473, +9.158,+0.991
1652746020,+3.16, +2.441, +9.160,+0.991
1652746080,+3.16, +2.483, +9.146,+0.991
1652746140,+3.16, +2.473, +9.149,+0.991
1652746200,+3.16, +2.452, +9.162,+0.991
1652746260,+3.16, +2.462, +9.156,+0.991
1652746320,+3.16, +2.473, +9.158,+0.991
1652746380,+3.16, +2.441, +9.168,+0.991
1652746440,+3.16, +2.441, +9.158,+0.991
1652746500,+3.16, +2.473, +9.149,+0.991
1652746560,+3.16, +2.441, +9.175,+0.992
1652746620,+3.16, +2.452, +9.159,+0.991
1652746680,+3.16, +2.452, +9.161,+0.991
1652746740,+3.16, +2.452, +9.155,+0.991
1652746800,+3.16, +2.441, +9.162,+0.991
1652746860,+3.16, +2.410, +9.172,+0.991
1652746920,+3.16, +2.441, +9.145,+0.991
1652746980,+3.16, +2.431, +9.169,+0.991
1652747040,+3.16, +2.431, +9.152,+0.990
1652747100,+3.16, +2.441, +9.164,+0.991
1652747160,+3.16, +2.441, +9.152,+0.991
1652747220,+3.16, +2.420, +9.164,+0.991
1652747280,+3.16, +2.452, +9.152,+0.991
1652747340,+3.16, +2.431, +9.156,+0.991
1652747400,+3.16, +2.389, +9.174,+0.991
1652747460,+3.16, +2.399, +9.165,+0.990
1652747520,+3.16, +2.399, +9.174,+0.991
1652747580,+3.16, +2.431, +9.171,+0.991
1652747640,+3.16, +2.389, +9.165,+0.991
1652747700,+3.16, +2.410, +9.176,+0.991
1652747760,+3.16, +2.410, +9.162,+0.990
1652747820,+3.16, +2.389, +9.168,+0.991
1652747880,+3.16, +2.410, +9.159,+0.991
1652747940,+3.16, +2.389, +9.171,+0.991
1652748000,+3.16, +2.378, +9.174,+0.991
1652748060,+3.16, +2.389, +9.177,+0.991
1652748120,+3.16, +2.368, +9.179,+0.991
1652748180,+3.16, +2.368, +9.177,+0.991
1652748240,+3.16, +2.410, +9.162,+0.991
1652748300,+3.16, +2.389, +9.171,+0.991
1652748360,+3.16, +2.399, +9.160,+0.990
1652748420,+3.16, +2.399, +9.162,+0.991
1652748480,+3.16, +2.389, +9.167,+0.991
1652748540,+3.16, +2.357, +9.176,+0.991
1652748600,+3.16, +2.336, +9.186,+0.991
1652748660,+3.16, +2.378, +9.170,+0.991
1652748720,+3.16, +2.378, +9.175,+0.991
1652748780,+3.16, +2.389, +9.168,+0.991
1652748840,+3.16, +2.378, +9.174,+0.991
1652748900,+3.16, +2.389, +9.168,+0.991
1652748960,+3.16, +2.368, +9.177,+0.991
1652749020,+3.16, +2.368, +9.177,+0.991
1652749080,+3.16, +2.336, +9.190,+0.991
1652749140,+3.16, +2.378, +9.160,+0.991
1652749200,+3.16, +2.368, +9.168,+0.991
1652749260,+3.16, +2.315, +9.204,+0.991
1652749320,+3.16, +2.389, +9.162,+0.991
1652749380,+3.16, +2.357, +9.171,+0.991
1652749440,+3.16, +2.357, +9.181,+0.991
1652749500,+3.16, +2.336, +9.179,+0.991
1652749560,+3.16, +2.315, +9.185,+0.991
1652749620,+3.16, +2.325, +9.193,+0.991
1652749680,+3.16, +2.336, +9.183,+0.991
1652749740,+3.16, +2.336, +9.181,+0.991
1652749800,+3.16, +2.315, +9.184,+0.991
1652749860,+3.16, +2.357, +9.174,+0.991
1652749920,+3.16, +2.304, +9.192,+0.991
1652749980,+3.16, +2.346, +9.170,+0.991
1652750040,+3.16, +2.325, +9.181,+0.991
1652750100,+3.16, +2.304, +9.193,+0.991
1652750160,+3.16, +2.315, +9.179,+0.990
1652750220,+3.16, +2.304, +9.191,+0.991
1652750280,+3.16, +2.315, +9.190,+0.991
1652750340,+3.16, +2.325, +9.180,+0.991
1652750400,+3.16, +2.325, +9.185,+0.991
1652750460,+3.16, +2.315, +9.192,+0.991
1652750520,+3.16, +2.283, +9.194,+0.991
1652750580,+3.16, +2.304, +9.176,+0.990
1652750640,+3.16, +2.315, +9.183,+0.991
1652750700,+3.16, +2.294, +9.183,+0.991
1652750760,+3.16, +2.325, +9.174,+0.991
1652750820,+3.16, +2.262, +9.216,+0.992
1652750880,+3.16, +2.294, +9.175,+0.990
1652750940,+3.16, +2.294, +9.175,+0.990
1652751000,+3.16, +2.304, +9.176,+0.991
1652751060,+3.16, +2.294, +9.182,+0.991
1652751120,+3.16, +2.273, +9.189,+0.990
1652751180,+3.16, +2.283, +9.185,+0.991
1652751240,+3.16, +2.262, +9.195,+0.991
1652751300,+3.16, +2.283, +9.208,+0.992
1652751360,+3.16, +2.315, +9.177,+0.991
1652751420,+3.16, +2.294, +9.186,+0.991
1652751480,+3.16, +2.262, +9.199,+0.991
1652751540,+3.16, +2.273, +9.197,+0.991
1652751600,+3.16, +2.273, +9.183,+0.990
1652751660,+3.16, +2.262, +9.197,+0.991
1652751720,+3.16, +2.273, +9.192,+0.991
1652751780,+3.16, +2.252, +9.205,+0.991
1652751840,+3.16, +2.230, +9.211,+0.991
1652751900,+3.16, +2.252, +9.199,+0.991
1652751960,+3.16, +2.262, +9.187,+0.991
1652752020,+3.16, +2.230, +9.199,+0.990
1652752080,+3.17, +2.230, +9.220,+0.992
1652752140,+3.16, +2.230, +9.200,+0.991
1652752200,+3.16, +2.241, +9.186,+0.990
1652752260,+3.16, +2.230, +9.199,+0.991
1652752320,+3.16, +2.220, +9.204,+0.991
1652752380,+3.16, +2.262, +9.189,+0.991
1652752440,+3.16, +2.220, +9.211,+0.991
1652752500,+3.16, +2.230, +9.202,+0.991
1652752560,+3.16, +2.241, +9.187,+0.990
1652752620,+3.16, +2.230, +9.210,+0.991
1652752680,+3.16, +2.230, +9.199,+0.991
1652752740,+3.16, +2.230, +9.200,+0.991
1652752800,+3.16, +2.199, +9.224,+0.991
1652752860,+3.16, +2.209, +9.195,+0.990
1652752920,+3.16, +2.178, +9.206,+0.991
1652752980,+3.16, +2.125, +9.216,+0.990
1652753040,+3.16, +2.104, +9.237,+0.991
1652753100,+3.16, +2.082, +9.242,+0.991
1652753160,+3.16, +2.082, +9.251,+0.991
1652753220,+3.16, +2.072, +9.248,+0.991
1652753280,+3.16, +2.104, +9.231,+0.991
1652753340,+3.16, +2.114, +9.236,+0.991
1652753400,+3.16, +2.104, +9.230,+0.991
1652753460,+3.16, +2.104, +9.239,+0.991
1652753520,+3.16, +2.114, +9.232,+0.991
1652753580,+3.16, +2.114, +9.239,+0.991
1652753640,+3.16, +2.146, +9.216,+0.991
1652753700,+3.16, +2.125, +9.224,+0.991
1652753760,+3.16, +2.146, +9.227,+0.991
1652753820,+3.16, +2.135, +9.214,+0.990
1652753880,+3.16, +2.114, +9.231,+0.991
1652753940,+3.16, +2.135, +9.233,+0.991
1652754000,+3.16, +2.114, +9.243,+0.991
1652754060,+3.16, +2.135, +9.231,+0.991
1652754120,+3.16, +2.125, +9.233,+0.991
1652754180,+3.16, +2.125, +9.215,+0.991
1652754240,+3.16, +2.072, +9.249,+0.991
1652754300,+3.16, +2.114, +9.236,+0.991
1652754360,+3.16, +2.104, +9.224,+0.990
1652754420,+3.16, +2.082, +9.238,+0.991
1652754480,+3.16, +2.104, +9.227,+0.991
1652754540,+3.16, +2.104, +9.230,+0.991
1652754600,+3.16, +2.135, +9.224,+0.991
1652754660,+3.16, +2.125, +9.230,+0.991
1652754720,+3.16, +2.104, +9.242,+0.991
1652754780,+3.16, +2.104, +9.237,+0.991
1652754840,+3.16, +2.135, +9.221,+0.991
1652754900,+3.16, +2.146, +9.211,+0.991
1652754960,+3.16, +2.104, +9.227,+0.991
1652755020,+3.16, +2.114, +9.239,+0.991
1652755080,+3.16, +2.082, +9.235,+0.990
1652755140,+3.16, +2.125, +9.228,+0.991
1652755200,+3.16, +2.125, +9.223,+0.991
1652755260,+3.16, +2.093, +9.241,+0.991
1652755320,+3.16, +2.072, +9.234,+0.991
1652755380,+3.16, +2.061, +9.249,+0.991
1652755440,+3.16, +2.051, +9.259,+0.991
1652755500,+3.16, +2.093, +9.246,+0.992
1652755560,+3.16, +2.082, +9.249,+0.991
1652755620,+3.16, +2.114, +9.243,+0.991
1652755680,+3.16, +2.135, +9.217,+0.991
1652755740,+3.16, +2.104, +9.237,+0.991
1652755800,+3.16, +2.104, +9.238,+0.991
1652755860,+3.16, +2.104, +9.236,+0.991
1652755920,+3.16, +2.146, +9.226,+0.991
1652755980,+3.16, +2.104, +9.240,+0.991
1652756040,+3.16, +2.125, +9.222,+0.991
1652756100,+3.16, +2.114, +9.230,+0.991
1652756160,+3.16, +2.125, +9.228,+0.991
1652756220,+3.16, +2.104, +9.237,+0.991
1652756280,+3.16, +2.082, +9.243,+0.991
1652756340,+3.16, +2.125, +9.220,+0.991
1652756400,+3.16, +2.104, +9.223,+0.991
1652756460,+3.16, +2.135, +9.216,+0.991
1652756520,+3.16, +2.104, +9.239,+0.991
1652756580,+3.16, +2.104, +9.227,+0.991
1652756640,+3.16, +2.104, +9.227,+0.991
1652756700,+3.16, +2.114, +9.239,+0.991
1652756760,+3.16, +2.093, +9.231,+0.991
1652756820,+3.16, +2.104, +9.234,+0.991
1652756880,+3.16, +2.093, +9.245,+0.992
1652756940,+3.16, +2.104, +9.225,+0.990
1652757000,+3.16, +2.104, +9.237,+0.991
1652757060,+3.16, +2.093, +9.247,+0.991
1652757120,+3.16, +2.082, +9.246,+0.991
1652757180,+3.16, +2.104, +9.240,+0.991
1652757240,+3.16, +2.082, +9.244,+0.991
1652757300,+3.16, +2.082, +9.244,+0.991
1652757360,+3.16, +2.082, +9.237,+0.991
1652757420,+3.16, +2.082, +9.244,+0.991
1652757480,+3.16, +2.093, +9.250,+0.992
1652757540,+3.16, +2.082, +9.238,+0.991
1652757600,+3.16, +2.061, +9.251,+0.991
1652757660,+3.16, +2.051, +9.255,+0.991
1652757720,+3.16, +2.061, +9.252,+0.991
1652757780,+3.16, +2.072, +9.252,+0.991
1652757840,+3.16, +2.072, +9.245,+0.991
1652757900,+3.16, +2.072, +9.247,+0.991
1652757960,+3.16, +2.061, +9.251,+0.991
1652758020,+3.16, +2.061, +9.245,+0.991
1652758080,+3.16, +2.072, +9.235,+0.991
1652758140,+3.16, +2.072, +9.246,+0.991
1652758200,+3.16, +2.051, +9.245,+0.991
1652758260,+3.16, +2.082, +9.243,+0.991
1652758320,+3.16, +2.072, +9.248,+0.991
1652758380,+3.16, +2.061, +9.246,+0.991
1652758440,+3.16, +2.061, +9.254,+0.991
1652758500,+3.16, +2.104, +9.239,+0.991
1652758560,+3.16, +2.082, +9.243,+0.991
1652758620,+3.16, +2.061, +9.257,+0.991
1652758680,+3.16, +2.051, +9.255,+0.991
1652758740,+3.16, +2.072, +9.241,+0.991
1652758800,+3.16, +2.082, +9.242,+0.991
1652758860,+3.16, +2.051, +9.249,+0.991
1652758920,+3.16, +2.082, +9.234,+0.991
1652758980,+3.16, +2.072, +9.239,+0.991
1652759040,+3.16, +2.082, +9.250,+0.992
1652759100,+3.16, +2.072, +9.240,+0.991
1652759160,+3.16, +2.072, +9.239,+0.991
1652759220,+3.16, +2.061, +9.255,+0.992
1652759280,+3.16, +2.061, +9.248,+0.991
1652759340,+3.16, +2.061, +9.231,+0.990
1652759400,+3.16, +2.051, +9.243,+0.990
1652759460,+3.16, +2.082, +9.234,+0.991
1652759520,+3.16, +2.061, +9.253,+0.991
1652759580,+3.16, +2.019, +9.262,+0.991
1652759640,+3.16, +2.051, +9.250,+0.991
1652759700,+3.16, +2.019, +9.255,+0.991
1652759760,+3.16, +2.040, +9.259,+0.991
1652759820,+3.16, +2.008, +9.267,+0.991
1652759880,+3.16, +2.040, +9.266,+0.992
1652759940,+3.16, +2.093, +9.232,+0.991
1652760000,+3.16, +2.040, +9.261,+0.991
1652760060,+3.16, +2.040, +9.256,+0.991
1652760120,+3.16, +2.029, +9.253,+0.991
1652760180,+3.16, +2.082, +9.243,+0.991
1652760240,+3.16, +2.040, +9.266,+0.992
1652760300,+3.16, +2.019, +9.268,+0.991
1652760360,+3.16, +2.061, +9.249,+0.991
1652760420,+3.16, +2.061, +9.241,+0.991
1652760480,+3.16, +2.072, +9.242,+0.991
1652760540,+3.16, +2.061, +9.245,+0.991
1652760600,+3.16, +2.029, +9.266,+0.991
1652760660,+3.16, +2.019, +9.259,+0.991
1652760720,+3.16, +2.040, +9.254,+0.991
1652760780,+3.16, +2.061, +9.243,+0.991
1652760840,+3.16, +2.029, +9.251,+0.991
1652760900,+3.16, +2.051, +9.247,+0.991
1652760960,+3.16, +2.051, +9.258,+0.991
1652761020,+3.16, +2.040, +9.260,+0.991
1652761080,+3.16, +2.029, +9.268,+0.991
1652761140,+3.16, +2.029, +9.264,+0.991
1652761200,+3.16, +2.019, +9.273,+0.992
1652761260,+3.16, +2.019, +9.267,+0.991
1652761320,+3.16, +2.040, +9.256,+0.991
1652761380,+3.16, +2.029, +9.264,+0.991
1652761440,+3.16, +2.008, +9.278,+0.991
1652761500,+3.16, +2.051, +9.245,+0.991
1652761560,+3.16, +2.040, +9.261,+0.991
1652761620,+3.16, +2.040, +9.249,+0.991
1652761680,+3.16, +1.966, +9.283,+0.991
1652761740,+3.16, +2.061, +9.245,+0.991
1652761800,+3.16, +2.008, +9.273,+0.992
1652761860,+3.16, +2.029, +9.263,+0.991
1652761920,+3.16, +1.998, +9.277,+0.992
1652761980,+3.16, +2.008, +9.258,+0.991
1652762040,+3.16, +2.029, +9.262,+0.991
1652762100,+3.16, +1.987, +9.272,+0.991
1652762160,+3.16, +1.966, +9.286,+0.991
1652762220,+3.16, +2.019, +9.252,+0.991
1652762280,+3.16, +2.019, +9.256,+0.991
1652762340,+3.16, +2.019, +9.267,+0.991
1652762400,+3.16, +2.029, +9.257,+0.991
1652762460,+3.16, +2.029, +9.256,+0.991
1652762520,+3.16, +1.987, +9.282,+0.991
1652762580,+3.16, +2.029, +9.259,+0.991
1652762640,+3.16, +2.029, +9.257,+0.991
1652762700,+3.16, +2.029, +9.264,+0.991
1652762760,+3.16, +2.008, +9.261,+0.991
1652762820,+3.16, +2.019, +9.259,+0.991
1652762880,+3.16, +1.976, +9.282,+0.991
1652762940,+3.16, +2.029, +9.251,+0.991
1652763000,+3.16, +2.040, +9.252,+0.991
1652763060,+3.16, +2.019, +9.263,+0.991
1652763120,+3.16, +2.008, +9.275,+0.992
1652763180,+3.16, +2.008, +9.271,+0.991
1652763240,+3.16, +1.976, +9.269,+0.991
1652763300,+3.16, +1.998, +9.279,+0.992
1652763360,+3.16, +2.029, +9.255,+0.991
1652763420,+3.16, +2.019, +9.258,+0.991
1652763480,+3.16, +2.029, +9.256,+0.991
1652763540,+3.16, +2.019, +9.255,+0.991
1652763600,+3.16, +2.008, +9.252,+0.990
1652763660,+3.16, +1.976, +9.280,+0.991
1652763720,+3.16, +2.008, +9.254,+0.991
1652763780,+3.16, +2.019, +9.249,+0.991
1652763840,+3.16, +1.987, +9.277,+0.991
1652763900,+3.16, +2.019, +9.255,+0.991
1652763960,+3.16, +1.987, +9.266,+0.991
1652764020,+3.16, +2.008, +9.261,+0.991
1652764080,+3.16, +2.008, +9.264,+0.991
1652764140,+3.16, +1.998, +9.273,+0.992
1652764200,+3.16, +1.976, +9.262,+0.990
1652764260,+3.16, +2.008, +9.266,+0.991
1652764320,+3.16, +2.029, +9.258,+0.991
1652764380,+3.16, +1.998, +9.258,+0.991
1652764440,+3.16, +1.998, +9.262,+0.991
1652764500,+3.16, +2.019, +9.249,+0.991
1652764560,+3.16, +1.987, +9.273,+0.991
1652764620,+3.16, +1.976, +9.273,+0.991
1652764680,+3.16, +1.987, +9.266,+0.991
1652764740,+3.16, +1.945, +9.278,+0.991
1652764800,+3.16, +1.966, +9.281,+0.991
1652764860,+3.16, +1.966, +9.281,+0.991
1652764920,+3.16, +1.976, +9.265,+0.991
1652764980,+3.16, +1.976, +9.278,+0.991
1652765040,+3.16, +1.987, +9.271,+0.991
1652765100,+3.16, +1.976, +9.282,+0.991
1652765160,+3.16, +2.008, +9.261,+0.991
1652765220,+3.16, +1.998, +9.257,+0.991
1652765280,+3.16, +1.987, +9.274,+0.992
1652765340,+3.16, +1.987, +9.268,+0.991
1652765400,+3.16, +2.008, +9.256,+0.991
1652765460,+3.16, +1.976, +9.274,+0.991
1652765520,+3.16, +1.976, +9.275,+0.992
1652765580,+3.16, +1.966, +9.278,+0.991
1652765640,+3.16, +1.998, +9.255,+0.990
1652765700,+3.16, +1.998, +9.264,+0.991
1652765760,+3.16, +2.008, +9.257,+0.991
1652765820,+3.16, +1.976, +9.277,+0.991
1652765880,+3.16, +1.987, +9.272,+0.992
1652765940,+3.16, +1.998, +9.261,+0.991
1652766000,+3.16, +1.966, +9.268,+0.991
1652766060,+3.16, +1.987, +9.255,+0.991
1652766120,+3.16, +1.966, +9.269,+0.991
1652766180,+3.16, +1.987, +9.271,+0.991
1652766240,+3.16, +1.998, +9.259,+0.991
1652766300,+3.16, +1.976, +9.279,+0.991
1652766360,+3.16, +1.976, +9.269,+0.991
1652766420,+3.16, +1.976, +9.269,+0.991
1652766480,+3.16, +1.987, +9.266,+0.991
1652766540,+3.16, +1.966, +9.275,+0.991
1652766600,+3.16, +1.966, +9.278,+0.991
1652766660,+3.16, +1.976, +9.277,+0.992
1652766720,+3.16, +1.966, +9.258,+0.990
1652766780,+3.16, +1.966, +9.272,+0.991
1652766840,+3.16, +1.966, +9.269,+0.991
1652766900,+3.16, +1.976, +9.269,+0.991
1652766960,+3.16, +1.976, +9.260,+0.991
1652767020,+3.16, +1.945, +9.269,+0.991
1652767080,+3.16, +1.976, +9.266,+0.991
1652767140,+3.16, +1.945, +9.280,+0.991
1652767200,+3.16, +1.955, +9.275,+0.991
1652767260,+3.16, +1.966, +9.270,+0.991
1652767320,+3.16, +1.955, +9.275,+0.991
1652767380,+3.16, +1.955, +9.278,+0.991
1652767440,+3.16, +1.976, +9.267,+0.991
1652767500,+3.16, +1.976, +9.262,+0.991
1652767560,+3.16, +1.945, +9.278,+0.991
1652767620,+3.16, +1.976, +9.267,+0.991
1652767680,+3.16, +1.966, +9.261,+0.991
1652767740,+3.16, +1.966, +9.268,+0.991
1652767800,+3.16, +1.966, +9.270,+0.991
1652767860,+3.16, +1.976, +9.256,+0.991
1652767920,+3.16, +1.945, +9.282,+0.991
1652767980,+3.16, +1.987, +9.265,+0.991
1652768040,+3.16, +1.966, +9.270,+0.991
1652768100,+3.16, +1.955, +9.273,+0.991
1652768160,+3.16, +1.955, +9.266,+0.991
1652768220,+3.16, +1.955, +9.272,+0.991
1652768280,+3.16, +1.945, +9.270,+0.991
1652768340,+3.16, +1.966, +9.264,+0.991
1652768400,+3.16, +1.934, +9.272,+0.991
1652768460,+3.16, +1.987, +9.260,+0.991
1652768520,+3.16, +1.976, +9.262,+0.991
1652768580,+3.16, +1.955, +9.262,+0.990
1652768640,+3.16, +1.966, +9.270,+0.991
1652768700,+3.16, +1.976, +9.262,+0.991
1652768760,+3.16, +1.881, +9.296,+0.990
1652768820,+3.16, +1.955, +9.267,+0.991
1652768880,+3.16, +1.955, +9.276,+0.991
1652768940,+3.16, +1.945, +9.277,+0.991
1652769000,+3.16, +1.945, +9.261,+0.990
1652769060,+3.16, +1.966, +9.275,+0.992
1652769120,+3.16, +1.955, +9.263,+0.991
1652769180,+3.16, +1.945, +9.278,+0.991
1652769240,+3.16, +1.945, +9.265,+0.991
1652769300,+3.16, +1.945, +9.260,+0.990
1652769360,+3.16, +1.923, +9.282,+0.991
1652769420,+3.16, +1.923, +9.273,+0.990
1652769480,+3.16, +1.913, +9.284,+0.991
1652769540,+3.16, +1.934, +9.270,+0.990
1652769600,+3.16, +1.966, +9.258,+0.991
1652769660,+3.16, +1.923, +9.284,+0.991
1652769720,+3.16, +1.966, +9.259,+0.991
1652769780,+3.16, +1.945, +9.283,+0.991
1652769840,+3.16, +1.945, +9.275,+0.991
1652769900,+3.16, +1.945, +9.273,+0.991
1652769960,+3.16, +1.923, +9.283,+0.991
1652770020,+3.16, +1.934, +9.282,+0.991
1652770080,+3.16, +1.945, +9.286,+0.992
1652770140,+3.16, +1.945, +9.281,+0.991
1652770200,+3.16, +1.913, +9.279,+0.990
1652770260,+3.16, +1.966, +9.274,+0.991
1652770320,+3.16, +1.945, +9.274,+0.991
1652770380,+3.16, +1.934, +9.282,+0.991
1652770440,+3.16, +1.934, +9.267,+0.991
1652770500,+3.16, +1.945, +9.274,+0.991
1652770560,+3.16, +1.945, +9.278,+0.991
1652770620,+3.16, +1.934, +9.291,+0.992
1652770680,+3.16, +1.955, +9.264,+0.990
1652770740,+3.16, +1.945, +9.277,+0.991
1652770800,+3.16, +1.923, +9.281,+0.991
1652770860,+3.16, +1.923, +9.287,+0.991
1652770920,+3.16, +1.955, +9.259,+0.990
1652770980,+3.16, +1.945, +9.278,+0.991
1652771040,+3.16, +1.934, +9.281,+0.991
1652771100,+3.16, +1.923, +9.289,+0.991
1652771160,+3.16, +1.934, +9.291,+0.992
1652771220,+3.16, +1.923, +9.280,+0.991
1652771280,+3.16, +1.945, +9.285,+0.992
1652771340,+3.16, +1.955, +9.263,+0.991
1652771400,+3.16, +1.934, +9.282,+0.991
1652771460,+3.16, +1.913, +9.293,+0.991
1652771520,+3.16, +1.976, +9.263,+0.991
1652771580,+3.16, +1.923, +9.283,+0.991
1652771640,+3.16, +1.955, +9.267,+0.991
1652771700,+3.16, +1.913, +9.287,+0.991
1652771760,+3.16, +1.913, +9.286,+0.991
1652771820,+3.16, +1.945, +9.269,+0.991
1652771880,+3.16, +1.945, +9.273,+0.991
1652771940,+3.16, +1.945, +9.262,+0.990
1652772000,+3.16, +1.913, +9.274,+0.991
1652772060,+3.16, +1.923, +9.273,+0.991
1652772120,+3.16, +1.934, +9.265,+0.990
1652772180,+3.16, +1.902, +9.284,+0.991
1652772240,+3.16, +1.934, +9.262,+0.991
1652772300,+3.16, +1.902, +9.294,+0.991
1652772360,+3.16, +1.945, +9.269,+0.991
1652772420,+3.16, +1.923, +9.289,+0.992
1652772480,+3.16, +1.913, +9.277,+0.991
1652772540,+3.16, +1.934, +9.268,+0.991
1652772600,+3.16, +1.923, +9.278,+0.991
1652772660,+3.16, +1.913, +9.286,+0.991
1652772720,+3.16, +1.934, +9.281,+0.991
1652772780,+3.16, +1.934, +9.255,+0.990
1652772840,+3.16, +1.934, +9.279,+0.991
1652772900,+3.16, +1.934, +9.276,+0.991
1652772960,+3.16, +1.945, +9.272,+0.991
1652773020,+3.16, +1.891, +9.287,+0.991
1652773080,+3.16, +1.923, +9.287,+0.992
1652773140,+3.16, +1.923, +9.283,+0.991
1652773200,+3.16, +1.902, +9.277,+0.990
1652773260,+3.16, +1.945, +9.270,+0.991
1652773320,+3.16, +1.934, +9.278,+0.991
1652773380,+3.16, +1.923, +9.279,+0.991
1652773440,+3.16, +1.913, +9.275,+0.991
1652773500,+3.16, +1.923, +9.267,+0.990
1652773560,+3.16, +1.923, +9.272,+0.991
1652773620,+3.16, +1.934, +9.282,+0.992
1652773680,+3.16, +1.913, +9.291,+0.992
1652773740,+3.16, +1.913, +9.276,+0.991
1652773800,+3.16, +1.881, +9.286,+0.991
1652773860,+3.16, +1.923, +9.268,+0.991
1652773920,+3.16, +1.923, +9.257,+0.990
1652773980,+3.16, +1.913, +9.276,+0.991
1652774040,+3.16, +1.923, +9.277,+0.991
1652774100,+3.16, +1.913, +9.278,+0.991
1652774160,+3.16, +1.902, +9.285,+0.991
1652774220,+3.16, +1.923, +9.276,+0.991
1652774280,+3.16, +1.891, +9.286,+0.991
1652774340,+3.16, +1.902, +9.279,+0.991
1652774400,+3.16, +1.902, +9.286,+0.991
1652774460,+3.16, +1.913, +9.272,+0.991
1652774520,+3.16, +1.902, +9.296,+0.992
1652774580,+3.16, +1.913, +9.274,+0.991
1652774640,+3.16, +1.902, +9.267,+0.990
1652774700,+3.16, +1.902, +9.284,+0.991
1652774760,+3.16, +1.913, +9.289,+0.991
1652774820,+3.16, +1.891, +9.293,+0.991
1652774880,+3.16, +1.923, +9.273,+0.991
1652774940,+3.16, +1.913, +9.290,+0.992
1652775000,+3.16, +1.923, +9.275,+0.991
1652775060,+3.16, +1.891, +9.283,+0.991
1652775120,+3.16, +1.913, +9.278,+0.991
1652775180,+3.16, +1.891, +9.274,+0.991
1652775240,+3.16, +1.902, +9.281,+0.991
1652775300,+3.16, +1.902, +9.284,+0.991
1652775360,+3.16, +1.881, +9.275,+0.990
1652775420,+3.16, +1.881, +9.273,+0.990
1652775480,+3.16, +1.902, +9.287,+0.991
1652775540,+3.16, +1.913, +9.279,+0.991
1652775600,+3.16, +1.891, +9.299,+0.992
1652775660,+3.16, +1.913, +9.278,+0.991
1652775720,+3.16, +1.881, +9.280,+0.991
1652775780,+3.16, +1.881, +9.290,+0.991
1652775840,+3.16, +1.923, +9.282,+0.992
1652775900,+3.16, +1.881, +9.293,+0.991
1652775960,+3.16, +1.902, +9.262,+0.990
1652776020,+3.16, +1.913, +9.284,+0.991
1652776080,+3.16, +1.902, +9.282,+0.991
1652776140,+3.16, +1.891, +9.282,+0.991
1652776200,+3.16, +1.891, +9.273,+0.991
1652776260,+3.16, +1.902, +9.279,+0.991
1652776320,+3.16, +1.923, +9.267,+0.991
1652776380,+3.16, +1.902, +9.279,+0.991
1652776440,+3.16, +1.923, +9.255,+0.990
1652776500,+3.16, +1.881, +9.285,+0.991
1652776560,+3.16, +1.891, +9.279,+0.991
1652776620,+3.16, +1.902, +9.274,+0.991
1652776680,+3.16, +1.870, +9.290,+0.991
1652776740,+3.16, +1.902, +9.280,+0.991
1652776800,+3.16, +1.860, +9.298,+0.991
1652776860,+3.16, +1.891, +9.276,+0.991
1652776920,+3.16, +1.849, +9.283,+0.990
1652776980,+3.16, +1.891, +9.277,+0.991
1652777040,+3.16, +1.838, +9.311,+0.991
1652777100,+3.16, +1.934, +9.249,+0.990
1652777160,+3.16, +1.891, +9.276,+0.991
1652777220,+3.16, +1.891, +9.289,+0.991
1652777280,+3.16, +1.860, +9.299,+0.991
1652777340,+3.16, +1.860, +9.302,+0.991
1652777400,+3.16, +1.881, +9.279,+0.990
1652777460,+3.16, +1.913, +9.276,+0.992
1652777520,+3.16, +1.902, +9.276,+0.991
1652777580,+3.16, +1.902, +9.285,+0.991
1652777640,+3.16, +1.891, +9.277,+0.991
1652777700,+3.16, +1.891, +9.266,+0.990
1652777760,+3.16, +1.891, +9.284,+0.991
1652777820,+3.16, +1.870, +9.276,+0.990
1652777880,+3.16, +1.891, +9.282,+0.991
1652777940,+3.16, +1.891, +9.297,+0.992
1652778000,+3.16, +1.860, +9.292,+0.991
1652778060,+3.16, +1.870, +9.281,+0.991
1652778120,+3.16, +1.891, +9.281,+0.991
1652778180,+3.16, +1.881, +9.284,+0.991
1652778240,+3.16, +1.891, +9.270,+0.990
1652778300,+3.16, +1.860, +9.294,+0.991
1652778360,+3.16, +1.881, +9.283,+0.991
1652778420,+3.16, +1.891, +9.275,+0.991
1652778480,+3.16, +1.902, +9.273,+0.991
1652778540,+3.16, +1.902, +9.281,+0.991
1652778600,+3.16, +1.891, +9.289,+0.992
1652778660,+3.16, +1.881, +9.286,+0.991
1652778720,+3.16, +1.870, +9.302,+0.992
1652778780,+3.16, +1.849, +9.290,+0.991
1652778840,+3.16, +1.838, +9.314,+0.991
1652778900,+3.16, +1.870, +9.293,+0.991
1652778960,+3.16, +1.849, +9.296,+0.991
1652779020,+3.16, +1.891, +9.280,+0.991
1652779080,+3.16, +1.891, +9.279,+0.991
1652779140,+3.16, +1.891, +9.270,+0.991
1652779200,+3.16, +1.891, +9.293,+0.992
1652779260,+3.16, +1.849, +9.302,+0.991
1652779320,+3.16, +1.881, +9.296,+0.991
1652779380,+3.16, +1.891, +9.278,+0.991
1652779440,+3.16, +1.870, +9.299,+0.991
1652779500,+3.16, +1.881, +9.279,+0.991
1652779560,+3.16, +1.828, +9.302,+0.991
1652779620,+3.16, +1.891, +9.283,+0.991
1652779680,+3.16, +1.870, +9.294,+0.991
1652779740,+3.16, +1.860, +9.284,+0.991
1652779800,+3.16, +1.881, +9.293,+0.991
1652779860,+3.16, +1.923, +9.266,+0.991
1652779920,+3.16, +1.891, +9.291,+0.991
1652779980,+3.16, +1.870, +9.285,+0.991
1652780040,+3.16, +1.860, +9.284,+0.991
1652780100,+3.16, +1.774, +9.332,+0.991
1652780160,+3.16, +1.870, +9.293,+0.991
1652780220,+3.16, +1.860, +9.302,+0.991
1652780280,+3.16, +1.891, +9.293,+0.992
1652780340,+3.16, +1.891, +9.282,+0.991
1652780400,+3.16, +1.902, +9.287,+0.992
1652780460,+3.16, +1.891, +9.288,+0.991
1652780520,+3.16, +1.881, +9.298,+0.992
1652780580,+3.16, +1.881, +9.285,+0.991
1652780640,+3.16, +1.838, +9.288,+0.990
1652780700,+3.16, +1.902, +9.268,+0.991
1652780760,+3.16, +1.881, +9.276,+0.991
1652780820,+3.16, +1.849, +9.307,+0.992
1652780880,+3.16, +1.881, +9.280,+0.991
1652780940,+3.16, +1.838, +9.304,+0.991
1652781000,+3.16, +1.881, +9.278,+0.991
1652781060,+3.16, +1.881, +9.287,+0.991
1652781120,+3.16, +1.891, +9.284,+0.991
1652781180,+3.16, +1.870, +9.283,+0.990
1652781240,+3.16, +1.881, +9.290,+0.991
1652781300,+3.16, +1.860, +9.294,+0.991
1652781360,+3.16, +1.881, +9.292,+0.991
1652781420,+3.16, +1.891, +9.288,+0.991
1652781480,+3.16, +1.860, +9.296,+0.991
1652781540,+3.16, +1.870, +9.290,+0.991
1652781600,+3.16, +1.849, +9.296,+0.991
1652781660,+3.16, +1.860, +9.293,+0.991
1652781720,+3.16, +1.902, +9.281,+0.991
1652781780,+3.16, +1.870, +9.289,+0.991
1652781840,+3.16, +1.870, +9.291,+0.991
1652781900,+3.16, +1.891, +9.282,+0.991
1652781960,+3.16, +1.913, +9.285,+0.991
1652782020,+3.16, +1.881, +9.292,+0.991
1652782080,+3.16, +1.881, +9.290,+0.991
1652782140,+3.16, +1.870, +9.301,+0.991
1652782200,+3.16, +1.849, +9.297,+0.991
1652782260,+3.16, +1.881, +9.294,+0.992
1652782320,+3.16, +1.891, +9.302,+0.992
1652782380,+3.16, +1.891, +9.292,+0.991
1652782440,+3.16, +1.902, +9.279,+0.991
1652782500,+3.16, +1.881, +9.277,+0.991
1652782560,+3.16, +1.891, +9.290,+0.991
1652782620,+3.16, +1.891, +9.280,+0.991
1652782680,+3.16, +1.902, +9.279,+0.991
1652782740,+3.16, +1.870, +9.296,+0.991
1652782800,+3.16, +1.860, +9.306,+0.992
1652782860,+3.16, +1.860, +9.300,+0.991
1652782920,+3.16, +1.902, +9.282,+0.991
1652782980,+3.16, +1.838, +9.301,+0.990
1652783040,+3.16, +1.881, +9.280,+0.991
1652783100,+3.16, +1.870, +9.298,+0.991
1652783160,+3.16, +1.849, +9.303,+0.991
1652783220,+3.16, +1.891, +9.283,+0.991
1652783280,+3.16, +1.881, +9.282,+0.991
1652783340,+3.16, +1.849, +9.303,+0.991
1652783400,+3.16, +1.849, +9.298,+0.991
1652783460,+3.16, +1.870, +9.283,+0.990
1652783520,+3.16, +1.891, +9.285,+0.992
1652783580,+3.16, +1.870, +9.302,+0.991
1652783640,+3.16, +1.870, +9.289,+0.991
1652783700,+3.16, +1.891, +9.285,+0.991
1652783760,+3.16, +1.860, +9.292,+0.991
1652783820,+3.16, +1.891, +9.288,+0.991
1652783880,+3.16, +1.913, +9.267,+0.991
1652783940,+3.16, +1.881, +9.299,+0.992
1652784000,+3.16, +1.870, +9.291,+0.991
1652784060,+3.16, +1.870, +9.291,+0.991
1652784120,+3.16, +1.870, +9.286,+0.991
1652784180,+3.16, +1.902, +9.268,+0.991
1652784240,+3.16, +1.891, +9.299,+0.992
1652784300,+3.16, +1.849, +9.302,+0.991
1652784360,+3.16, +1.870, +9.291,+0.991
1652784420,+3.16, +1.902, +9.278,+0.991
1652784480,+3.16, +1.902, +9.279,+0.991
1652784540,+3.16, +1.891, +9.290,+0.991
1652784600,+3.16, +1.881, +9.280,+0.991
1652784660,+3.16, +1.817, +9.312,+0.991
1652784720,+3.16, +1.891, +9.292,+0.992
1652784780,+3.16, +1.860, +9.289,+0.991
1652784840,+3.16, +1.891, +9.273,+0.990
1652784900,+3.16, +1.881, +9.278,+0.991
1652784960,+3.16, +1.838, +9.298,+0.991
1652785020,+3.16, +1.870, +9.298,+0.991
1652785080,+3.16, +1.881, +9.289,+0.991
1652785140,+3.16, +1.881, +9.273,+0.991
1652785200,+3.16, +1.881, +9.280,+0.991
1652785260,+3.16, +1.881, +9.274,+0.990
1652785320,+3.16, +1.881, +9.281,+0.991
1652785380,+3.16, +1.881, +9.276,+0.991
1652785440,+3.16, +1.860, +9.306,+0.992
1652785500,+3.16, +1.860, +9.287,+0.991
1652785560,+3.16, +1.849, +9.298,+0.991
1652785620,+3.16, +1.870, +9.285,+0.991
1652785680,+3.16, +1.881, +9.282,+0.991
1652785740,+3.16, +1.860, +9.284,+0.991
1652785800,+3.16, +1.860, +9.289,+0.991
1652785860,+3.16, +1.860, +9.294,+0.991
1652785920,+3.16, +1.838, +9.287,+0.991
1652785980,+3.16, +1.881, +9.276,+0.991
1652786040,+3.16, +1.881, +9.278,+0.991
1652786100,+3.16, +1.881, +9.278,+0.991
1652786160,+3.16, +1.849, +9.286,+0.991
1652786220,+3.16, +1.828, +9.301,+0.991
1652786280,+3.16, +1.828, +9.306,+0.991
1652786340,+3.16, +1.817, +9.313,+0.992
1652786400,+3.16, +1.849, +9.308,+0.992
1652786460,+3.16, +1.849, +9.292,+0.991
1652786520,+3.16, +1.838, +9.301,+0.991
1652786580,+3.16, +1.923, +9.265,+0.991
1652786640,+3.16, +1.902, +9.275,+0.991
1652786700,+3.16, +1.828, +9.300,+0.991
1652786760,+3.16, +1.849, +9.300,+0.991
1652786820,+3.16, +1.870, +9.290,+0.991
1652786880,+3.16, +1.849, +9.305,+0.991
1652786940,+3.16, +1.891, +9.279,+0.991
1652787000,+3.16, +1.891, +9.277,+0.991
1652787060,+3.16, +1.860, +9.303,+0.991
1652787120,+3.16, +1.870, +9.284,+0.991
1652787180,+3.16, +1.870, +9.290,+0.991
1652787240,+3.16, +1.860, +9.281,+0.991
1652787300,+3.16, +1.860, +9.294,+0.991
1652787360,+3.16, +1.860, +9.289,+0.991
1652787420,+3.16, +1.881, +9.298,+0.992
1652787480,+3.16, +1.870, +9.301,+0.992
1652787540,+3.16, +1.838, +9.301,+0.991
1652787600,+3.16, +1.870, +9.292,+0.991
1652787660,+3.16, +1.870, +9.294,+0.991
1652787720,+3.16, +1.870, +9.284,+0.990
1652787780,+3.16, +1.849, +9.304,+0.992
1652787840,+3.16, +1.870, +9.289,+0.991
1652787900,+3.16, +1.870, +9.285,+0.991
1652787960,+3.16, +1.870, +9.283,+0.991
1652788020,+3.16, +1.881, +9.284,+0.991
1652788080,+3.16, +1.891, +9.263,+0.990
1652788140,+3.16, +1.860, +9.290,+0.991
1652788200,+3.16, +1.860, +9.302,+0.991
1652788260,+3.16, +1.849, +9.290,+0.991
1652788320,+3.16, +1.838, +9.302,+0.991
1652788380,+3.16, +1.870, +9.292,+0.991
1652788440,+3.16, +1.860, +9.284,+0.991
1652788500,+3.16, +1.849, +9.292,+0.991
1652788560,+3.16, +1.891, +9.275,+0.991
1652788620,+3.16, +1.838, +9.302,+0.991
1652788680,+3.16, +1.817, +9.313,+0.992
1652788740,+3.16, +1.828, +9.305,+0.991
1652788800,+3.16, +1.849, +9.296,+0.991
1652788860,+3.16, +1.849, +9.293,+0.991
1652788920,+3.16, +1.828, +9.304,+0.991
1652788980,+3.16, +1.838, +9.294,+0.991
1652789040,+3.16, +1.881, +9.277,+0.991
1652789100,+3.16, +1.860, +9.293,+0.991
1652789160,+3.16, +1.860, +9.287,+0.991
1652789220,+3.16, +1.838, +9.304,+0.991
1652789280,+3.16, +1.881, +9.278,+0.991
1652789340,+3.16, +1.838, +9.315,+0.992
1652789400,+3.16, +1.828, +9.301,+0.991
1652789460,+3.16, +1.860, +9.293,+0.991
1652789520,+3.16, +1.849, +9.305,+0.991
1652789580,+3.16, +1.860, +9.284,+0.991
1652789640,+3.16, +1.860, +9.289,+0.991
1652789700,+3.16, +1.838, +9.298,+0.991
1652789760,+3.16, +1.860, +9.294,+0.991
1652789820,+3.16, +1.838, +9.302,+0.991
1652789880,+3.16, +1.860, +9.295,+0.991
1652789940,+3.16, +1.838, +9.304,+0.991
1652790000,+3.16, +1.828, +9.300,+0.991
1652790060,+3.16, +1.860, +9.300,+0.991
1652790120,+3.16, +1.849, +9.297,+0.991
1652790180,+3.16, +1.849, +9.297,+0.991
1652790240,+3.16, +1.860, +9.301,+0.992
1652790300,+3.16, +1.838, +9.300,+0.991
1652790360,+3.16, +1.849, +9.302,+0.991
1652790420,+3.16, +1.838, +9.310,+0.991
1652790480,+3.16, +1.849, +9.302,+0.991
1652790540,+3.16, +1.849, +9.300,+0.991
1652790600,+3.16, +1.849, +9.288,+0.991
1652790660,+3.16, +1.849, +9.290,+0.991
1652790720,+3.16, +1.870, +9.282,+0.991
1652790780,+3.16, +1.828, +9.307,+0.991
1652790840,+3.16, +1.849, +9.298,+0.991
1652790900,+3.16, +1.849, +9.297,+0.991
1652790960,+3.16, +1.838, +9.319,+0.992
1652791020,+3.16, +1.849, +9.298,+0.991
1652791080,+3.16, +1.860, +9.285,+0.991
1652791140,+3.16, +1.849, +9.301,+0.991
1652791200,+3.16, +1.838, +9.306,+0.991
1652791260,+3.16, +1.870, +9.296,+0.991
1652791320,+3.16, +1.828, +9.315,+0.991
1652791380,+3.16, +1.838, +9.304,+0.991
1652791440,+3.16, +1.828, +9.307,+0.991
1652791500,+3.16, +1.838, +9.302,+0.991
1652791560,+3.16, +1.860, +9.283,+0.990
1652791620,+3.16, +1.849, +9.302,+0.991
1652791680,+3.16, +1.849, +9.301,+0.991
1652791740,+3.16, +1.838, +9.311,+0.992
1652791800,+3.16, +1.860, +9.301,+0.991
1652791860,+3.16, +1.828, +9.305,+0.991
1652791920,+3.16, +1.870, +9.289,+0.991
1652791980,+3.16, +1.860, +9.304,+0.992
1652792040,+3.16, +1.849, +9.308,+0.991
1652792100,+3.16, +1.849, +9.293,+0.991
1652792160,+3.16, +1.881, +9.289,+0.991
1652792220,+3.16, +1.849, +9.295,+0.991
1652792280,+3.16, +1.828, +9.309,+0.991
1652792340,+3.16, +1.860, +9.307,+0.991
1652792400,+3.16, +1.891, +9.284,+0.992
1652792460,+3.16, +1.828, +9.314,+0.991
1652792520,+3.16, +1.860, +9.300,+0.991
1652792580,+3.16, +1.870, +9.289,+0.991
1652792640,+3.16, +1.849, +9.312,+0.992
1652792700,+3.16, +1.881, +9.291,+0.991
1652792760,+3.16, +1.860, +9.303,+0.991
1652792820,+3.16, +1.849, +9.313,+0.992
1652792880,+3.16, +1.828, +9.329,+0.992
1652792940,+3.16, +1.860, +9.287,+0.990
1652793000,+3.16, +1.881, +9.289,+0.991
1652793060,+3.16, +1.870, +9.295,+0.991
1652793120,+3.16, +1.860, +9.300,+0.991
1652793180,+3.16, +1.881, +9.292,+0.991
1652793240,+3.16, +1.870, +9.287,+0.991
1652793300,+3.16, +1.838, +9.308,+0.991
1652793360,+3.16, +1.902, +9.280,+0.991
1652793420,+3.16, +1.881, +9.301,+0.992
1652793480,+3.16, +1.849, +9.307,+0.991
1652793540,+3.16, +1.881, +9.301,+0.992
1652793600,+3.16, +1.902, +9.297,+0.991
1652793660,+3.16, +1.860, +9.297,+0.991
1652793720,+3.16, +1.870, +9.299,+0.991
1652793780,+3.16, +1.891, +9.294,+0.991
1652793840,+3.16, +1.838, +9.315,+0.991
1652793900,+3.16, +1.860, +9.304,+0.991
1652793960,+3.16, +1.891, +9.309,+0.992
1652794020,+3.16, +1.870, +9.304,+0.991
1652794080,+3.16, +1.870, +9.296,+0.991
1652794140,+3.16, +1.881, +9.298,+0.991
1652794200,+3.16, +1.902, +9.288,+0.991
1652794260,+3.16, +1.849, +9.304,+0.991
1652794320,+3.16, +1.913, +9.280,+0.991
1652794380,+3.16, +1.902, +9.292,+0.991
1652794440,+3.16, +1.902, +9.289,+0.991
1652794500,+3.16, +1.891, +9.296,+0.991
1652794560,+3.16, +1.902, +9.283,+0.991
1652794620,+3.16, +1.891, +9.293,+0.991
1652794680,+3.16, +1.881, +9.293,+0.991
1652794740,+3.16, +1.902, +9.302,+0.991
1652794800,+3.16, +1.902, +9.294,+0.991
1652794860,+3.16, +1.902, +9.297,+0.991
1652794920,+3.16, +1.891, +9.317,+0.992
1652794980,+3.16, +1.881, +9.306,+0.991
1652795040,+3.16, +1.923, +9.281,+0.991
1652795100,+3.16, +1.923, +9.280,+0.991
1652795160,+3.16, +1.923, +9.284,+0.991
1652795220,+3.16, +1.913, +9.284,+0.991
1652795280,+3.16, +1.923, +9.277,+0.990
1652795340,+3.16, +1.934, +9.287,+0.991
1652795400,+3.16, +1.923, +9.291,+0.991
1652795460,+3.16, +1.945, +9.282,+0.991
1652795520,+3.16, +1.891, +9.301,+0.991
1652795580,+3.16, +1.945, +9.270,+0.990
1652795640,+3.16, +1.945, +9.279,+0.991
1652795700,+3.16, +1.913, +9.293,+0.991
1652795760,+3.16, +1.945, +9.285,+0.991
1652795820,+3.16, +1.955, +9.269,+0.991
1652795880,+3.16, +1.913, +9.297,+0.991
1652795940,+3.16, +1.955, +9.269,+0.990
1652796000,+3.16, +1.923, +9.292,+0.991
1652796060,+3.16, +1.945, +9.286,+0.991
1652796120,+3.16, +1.955, +9.276,+0.991
1652796180,+3.16, +1.966, +9.282,+0.991
1652796240,+3.16, +1.945, +9.284,+0.991
1652796300,+3.16, +1.976, +9.281,+0.992
1652796360,+3.16, +1.955, +9.285,+0.991
1652796420,+3.16, +1.966, +9.286,+0.991
1652796480,+3.16, +1.955, +9.283,+0.991
1652796540,+3.16, +1.955, +9.285,+0.991
1652796600,+3.16, +1.955, +9.284,+0.991
1652796660,+3.16, +1.955, +9.291,+0.991
1652796720,+3.16, +1.934, +9.289,+0.991
1652796780,+3.16, +1.966, +9.284,+0.991
1652796840,+3.16, +1.945, +9.293,+0.991
1652796900,+3.16, +1.966, +9.290,+0.991
1652796960,+3.16, +1.966, +9.285,+0.992
1652797020,+3.16, +1.987, +9.258,+0.990
1652797080,+3.16, +2.008, +9.264,+0.991
1652797140,+3.16, +1.987, +9.267,+0.991
1652797200,+3.16, +1.987, +9.279,+0.991
1652797260,+3.16, +1.987, +9.287,+0.992
1652797320,+3.16, +1.987, +9.268,+0.991
1652797380,+3.16, +1.998, +9.284,+0.992
1652797440,+3.16, +1.987, +9.275,+0.991
1652797500,+3.16, +2.008, +9.271,+0.991
1652797560,+3.16, +2.029, +9.259,+0.991
1652797620,+3.16, +2.008, +9.273,+0.991
1652797680,+3.16, +2.008, +9.281,+0.991
1652797740,+3.16, +2.008, +9.272,+0.991
1652797800,+3.16, +2.019, +9.270,+0.991
1652797860,+3.16, +2.040, +9.257,+0.991
1652797920,+3.16, +2.040, +9.267,+0.991
1652797980,+3.16, +2.019, +9.277,+0.991
1652798040,+3.16, +2.019, +9.265,+0.991
1652798100,+3.16, +2.051, +9.259,+0.991
1652798160,+3.16, +2.040, +9.265,+0.992
1652798220,+3.16, +2.072, +9.254,+0.991
1652798280,+3.16, +2.029, +9.267,+0.991
1652798340,+3.16, +2.040, +9.254,+0.990
1652798400,+3.16, +2.072, +9.255,+0.991
1652798460,+3.16, +2.072, +9.245,+0.991
1652798520,+3.16, +2.082, +9.237,+0.990
1652798580,+3.16, +2.082, +9.241,+0.991
1652798640,+3.16, +2.072, +9.244,+0.990
1652798700,+3.16, +2.093, +9.247,+0.991
1652798760,+3.16, +2.114, +9.218,+0.990
1652798820,+3.16, +2.051, +9.259,+0.990
1652798880,+3.16, +2.104, +9.245,+0.991
1652798940,+3.16, +2.114, +9.237,+0.991
1652799000,+3.16, +2.082, +9.258,+0.990
1652799060,+3.16, +2.093, +9.243,+0.990
1652799120,+3.16, +2.104, +9.241,+0.990
1652799180,+3.16, +2.114, +9.243,+0.990
1652799240,+3.16, +2.114, +9.234,+0.990
1652799300,+3.16, +2.093, +9.249,+0.990
1652799360,+3.16, +2.146, +9.230,+0.991
1652799420,+3.16, +2.114, +9.242,+0.990
1652799480,+3.16, +2.125, +9.254,+0.991
1652799540,+3.16, +2.135, +9.242,+0.991
1652799600,+3.16, +2.157, +9.228,+0.991
1652799660,+3.16, +2.125, +9.245,+0.991
1652799720,+3.16, +2.146, +9.237,+0.991
1652799780,+3.16, +2.157, +9.231,+0.990
1652799840,+3.16, +2.167, +9.219,+0.990
1652799900,+3.16, +2.157, +9.223,+0.990
1652799960,+3.16, +2.135, +9.239,+0.990
1652800020,+3.16, +2.167, +9.226,+0.990
1652800080,+3.16, +2.167, +9.237,+0.991
