7392-928226
OS REV: 1.11 Sensor Cal: 1496933196
Time (sec),  BV (Volts),  T (deg C),  DO (mg/l),  Q ()
1651849740,+3.22, +1.507, +9.319,+0.991
1651849800,+3.23, +1.486, +9.307,+0.990
1651849860,+3.22, +1.529, +9.293,+0.990
1651849920,+3.23, +1.539, +9.272,+0.990
1651849980,+3.22, +1.529, +9.299,+0.991
1651850040,+3.22, +1.486, +9.312,+0.991
1651850100,+3.23, +1.518, +9.294,+0.991
1651850160,+3.22, +1.539, +9.282,+0.990
1651850220,+3.22, +1.539, +9.306,+0.992
1651850280,+3.23, +1.529, +9.307,+0.991
1651850340,+3.23, +1.529, +9.301,+0.991
1651850400,+3.23, +1.529, +9.307,+0.991
1651850460,+3.23, +1.571, +9.281,+0.991
1651850520,+3.22, +1.529, +9.300,+0.991
1651850580,+3.22, +1.539, +9.288,+0.990
1651850640,+3.22, +1.561, +9.291,+0.991
1651850700,+3.23, +1.550, +9.291,+0.990
1651850760,+3.22, +1.539, +9.303,+0.991
1651850820,+3.22, +1.539, +9.295,+0.991
1651850880,+3.23, +1.550, +9.285,+0.990
1651850940,+3.23, +1.550, +9.288,+0.991
1651851000,+3.22, +1.561, +9.296,+0.991
1651851060,+3.22, +1.539, +9.288,+0.990
1651851120,+3.23, +1.529, +9.318,+0.991
1651851180,+3.22, +1.550, +9.306,+0.991
1651851240,+3.22, +1.550, +9.294,+0.991
1651851300,+3.23, +1.539, +9.300,+0.991
1651851360,+3.22, +1.561, +9.294,+0.991
1651851420,+3.22, +1.571, +9.300,+0.992
1651851480,+3.22, +1.561, +9.294,+0.991
1651851540,+3.22, +1.561, +9.307,+0.991
1651851600,+3.22, +1.529, +9.305,+0.991
1651851660,+3.22, +1.561, +9.296,+0.991
1651851720,+3.23, +1.593, +9.294,+0.992
1651851780,+3.22, +1.593, +9.287,+0.991
1651851840,+3.23, +1.571, +9.292,+0.991
1651851900,+3.23, +1.582, +9.289,+0.991
1651851960,+3.23, +1.561, +9.295,+0.990
1651852020,+3.23, +1.571, +9.291,+0.990
1651852080,+3.22, +1.593, +9.282,+0.991
1651852140,+3.23, +1.593, +9.291,+0.991
1651852200,+3.22, +1.561, +9.302,+0.991
1651852260,+3.22, +1.593, +9.294,+0.991
1651852320,+3.22, +1.593, +9.303,+0.992
1651852380,+3.23, +1.571, +9.289,+0.990
1651852440,+3.22, +1.550, +9.307,+0.991
1651852500,+3.23, +1.571, +9.297,+0.991
1651852560,+3.22, +1.593, +9.292,+0.991
1651852620,+3.23, +1.593, +9.293,+0.991
1651852680,+3.22, +1.614, +9.278,+0.991
1651852740,+3.22, +1.604, +9.288,+0.991
1651852800,+3.22, +1.604, +9.300,+0.992
1651852860,+3.23, +1.561, +9.314,+0.991
1651852920,+3.22, +1.604, +9.268,+0.990
1651852980,+3.22, +1.561, +9.296,+0.990
1651853040,+3.23, +1.593, +9.282,+0.990
1651853100,+3.22, +1.571, +9.308,+0.991
1651853160,+3.22, +1.614, +9.282,+0.991
1651853220,+3.22, +1.582, +9.286,+0.991
1651853280,+3.22, +1.593, +9.290,+0.991
1651853340,+3.22, +1.604, +9.282,+0.991
1651853400,+3.23, +1.614, +9.271,+0.990
1651853460,+3.23, +1.636, +9.274,+0.991
1651853520,+3.22, +1.636, +9.272,+0.991
1651853580,+3.22, +1.614, +9.280,+0.991
1651853640,+3.22, +1.604, +9.292,+0.991
1651853700,+3.22, +1.625, +9.289,+0.991
1651853760,+3.23, +1.614, +9.273,+0.990
1651853820,+3.22, +1.625, +9.287,+0.991
1651853880,+3.22, +1.636, +9.261,+0.990
1651853940,+3.23, +1.604, +9.297,+0.991
1651854000,+3.22, +1.614, +9.296,+0.991
1651854060,+3.22, +1.625, +9.282,+0.991
1651854120,+3.23, +1.604, +9.300,+0.991
1651854180,+3.22, +1.625, +9.273,+0.990
1651854240,+3.22, +1.614, +9.289,+0.991
1651854300,+3.22, +1.636, +9.280,+0.991
1651854360,+3.22, +1.636, +9.280,+0.991
1651854420,+3.23, +1.625, +9.284,+0.991
1651854480,+3.22, +1.625, +9.284,+0.991
1651854540,+3.23, +1.646, +9.285,+0.991
1651854600,+3.22, +1.636, +9.286,+0.991
1651854660,+3.22, +1.657, +9.274,+0.991
1651854720,+3.22, +1.668, +9.269,+0.990
1651854780,+3.22, +1.668, +9.260,+0.990
1651854840,+3.22, +1.668, +9.262,+0.990
1651854900,+3.22, +1.636, +9.298,+0.991
1651854960,+3.22, +1.657, +9.276,+0.991
1651855020,+3.22, +1.646, +9.299,+0.991
1651855080,+3.22, +1.646, +9.289,+0.991
1651855140,+3.22, +1.678, +9.276,+0.991
1651855200,+3.22, +1.668, +9.284,+0.991
1651855260,+3.22, +1.668, +9.271,+0.990
1651855320,+3.22, +1.678, +9.272,+0.991
1651855380,+3.22, +1.668, +9.257,+0.990
1651855440,+3.23, +1.678, +9.275,+0.991
1651855500,+3.22, +1.689, +9.257,+0.990
1651855560,+3.22, +1.636, +9.295,+0.991
1651855620,+3.22, +1.700, +9.270,+0.991
1651855680,+3.22, +1.700, +9.271,+0.991
1651855740,+3.22, +1.710, +9.270,+0.991
1651855800,+3.22, +1.710, +9.271,+0.991
1651855860,+3.22, +1.732, +9.267,+0.991
1651855920,+3.22, +1.721, +9.269,+0.991
1651855980,+3.22, +1.710, +9.274,+0.991
1651856040,+3.22, +1.721, +9.276,+0.991
1651856100,+3.22, +1.721, +9.269,+0.991
1651856160,+3.22, +1.689, +9.277,+0.990
1651856220,+3.23, +1.764, +9.266,+0.991
1651856280,+3.22, +1.732, +9.276,+0.991
1651856340,+3.22, +1.742, +9.272,+0.991
1651856400,+3.22, +1.689, +9.290,+0.991
1651856460,+3.22, +1.753, +9.276,+0.991
1651856520,+3.22, +1.742, +9.270,+0.991
1651856580,+3.22, +1.774, +9.255,+0.991
1651856640,+3.22, +1.742, +9.276,+0.991
1651856700,+3.23, +1.774, +9.251,+0.991
1651856760,+3.23, +1.764, +9.258,+0.991
1651856820,+3.22, +1.785, +9.268,+0.991
1651856880,+3.22, +1.764, +9.260,+0.990
1651856940,+3.22, +1.710, +9.289,+0.991
1651857000,+3.22, +1.774, +9.281,+0.992
1651857060,+3.22, +1.774, +9.250,+0.990
1651857120,+3.22, +1.742, +9.274,+0.990
1651857180,+3.22, +1.785, +9.248,+0.990
1651857240,+3.22, +1.796, +9.252,+0.991
1651857300,+3.22, +1.753, +9.265,+0.991
1651857360,+3.22, +1.764, +9.271,+0.991
1651857420,+3.22, +1.774, +9.252,+0.991
1651857480,+3.22, +1.785, +9.249,+0.990
1651857540,+3.22, +1.774, +9.264,+0.991
1651857600,+3.22, +1.774, +9.256,+0.991
1651857660,+3.22, +1.785, +9.265,+0.991
1651857720,+3.22, +1.785, +9.256,+0.991
1651857780,+3.22, +1.764, +9.271,+0.991
1651857840,+3.22, +1.785, +9.250,+0.991
1651857900,+3.22, +1.796, +9.260,+0.991
1651857960,+3.23, +1.785, +9.263,+0.991
1651858020,+3.22, +1.785, +9.261,+0.991
1651858080,+3.22, +1.806, +9.254,+0.991
1651858140,+3.22, +1.806, +9.252,+0.991
1651858200,+3.23, +1.796, +9.254,+0.991
1651858260,+3.23, +1.796, +9.250,+0.991
1651858320,+3.22, +1.785, +9.249,+0.990
1651858380,+3.22, +1.796, +9.247,+0.990
1651858440,+3.22, +1.806, +9.262,+0.992
1651858500,+3.22, +1.796, +9.254,+0.991
1651858560,+3.22, +1.774, +9.269,+0.991
1651858620,+3.22, +1.796, +9.264,+0.991
1651858680,+3.22, +1.806, +9.245,+0.991
1651858740,+3.22, +1.796, +9.251,+0.990
1651858800,+3.22, +1.828, +9.257,+0.991
1651858860,+3.22, +1.796, +9.256,+0.991
1651858920,+3.22, +1.838, +9.242,+0.991
1651858980,+3.22, +1.828, +9.252,+0.991
1651859040,+3.22, +1.817, +9.249,+0.991
1651859100,+3.22, +1.796, +9.269,+0.991
1651859160,+3.22, +1.817, +9.262,+0.991
1651859220,+3.22, +1.828, +9.245,+0.991
1651859280,+3.22, +1.817, +9.257,+0.991
1651859340,+3.22, +1.838, +9.245,+0.990
1651859400,+3.22, +1.828, +9.265,+0.991
1651859460,+3.22, +1.828, +9.251,+0.991
1651859520,+3.22, +1.849, +9.246,+0.990
1651859580,+3.22, +1.828, +9.251,+0.990
1651859640,+3.22, +1.870, +9.248,+0.991
1651859700,+3.22, +1.870, +9.246,+0.991
1651859760,+3.22, +1.828, +9.259,+0.991
1651859820,+3.22, +1.849, +9.252,+0.991
1651859880,+3.22, +1.838, +9.253,+0.991
1651859940,+3.22, +1.849, +9.254,+0.991
1651860000,+3.22, +1.860, +9.247,+0.991
1651860060,+3.22, +1.849, +9.265,+0.991
1651860120,+3.22, +1.849, +9.234,+0.990
1651860180,+3.22, +1.860, +9.244,+0.991
1651860240,+3.22, +1.870, +9.231,+0.990
1651860300,+3.22, +1.828, +9.264,+0.991
1651860360,+3.22, +1.891, +9.240,+0.991
1651860420,+3.22, +1.870, +9.253,+0.991
1651860480,+3.22, +1.881, +9.246,+0.991
1651860540,+3.22, +1.902, +9.229,+0.991
1651860600,+3.22, +1.828, +9.268,+0.992
1651860660,+3.22, +1.870, +9.227,+0.990
1651860720,+3.22, +1.870, +9.246,+0.990
1651860780,+3.22, +1.891, +9.236,+0.991
1651860840,+3.23, +1.881, +9.252,+0.991
1651860900,+3.22, +1.902, +9.227,+0.990
1651860960,+3.22, +1.870, +9.238,+0.991
1651861020,+3.22, +1.913, +9.234,+0.991
1651861080,+3.22, +1.902, +9.244,+0.991
1651861140,+3.22, +1.923, +9.232,+0.991
1651861200,+3.22, +1.902, +9.236,+0.991
1651861260,+3.22, +1.923, +9.240,+0.991
1651861320,+3.22, +1.923, +9.228,+0.991
1651861380,+3.22, +1.923, +9.233,+0.991
1651861440,+3.22, +1.945, +9.231,+0.991
1651861500,+3.23, +1.955, +9.233,+0.991
1651861560,+3.22, +1.966, +9.219,+0.991
1651861620,+3.22, +1.976, +9.217,+0.991
1651861680,+3.22, +1.998, +9.220,+0.991
1651861740,+3.22, +1.976, +9.228,+0.991
1651861800,+3.22, +1.998, +9.226,+0.991
1651861860,+3.22, +1.987, +9.230,+0.991
1651861920,+3.22, +1.998, +9.226,+0.991
1651861980,+3.22, +1.966, +9.242,+0.991
1651862040,+3.22, +2.029, +9.220,+0.991
1651862100,+3.23, +2.008, +9.224,+0.991
1651862160,+3.22, +2.061, +9.213,+0.992
1651862220,+3.22, +2.061, +9.213,+0.991
1651862280,+3.22, +2.072, +9.210,+0.991
1651862340,+3.22, +2.051, +9.221,+0.991
1651862400,+3.22, +2.093, +9.205,+0.991
1651862460,+3.22, +2.082, +9.210,+0.991
1651862520,+3.22, +2.104, +9.206,+0.991
1651862580,+3.22, +2.114, +9.198,+0.991
1651862640,+3.22, +2.114, +9.209,+0.991
1651862700,+3.22, +2.146, +9.186,+0.991
1651862760,+3.22, +2.157, +9.186,+0.991
1651862820,+3.22, +2.146, +9.198,+0.991
1651862880,+3.22, +2.157, +9.186,+0.991
1651862940,+3.22, +2.135, +9.200,+0.991
1651863000,+3.22, +2.167, +9.188,+0.991
1651863060,+3.22, +2.188, +9.180,+0.991
1651863120,+3.22, +2.135, +9.201,+0.991
1651863180,+3.22, +2.146, +9.192,+0.991
1651863240,+3.22, +2.178, +9.186,+0.991
1651863300,+3.22, +2.157, +9.183,+0.991
1651863360,+3.22, +2.157, +9.175,+0.990
1651863420,+3.22, +2.146, +9.194,+0.991
1651863480,+3.22, +2.167, +9.177,+0.990
1651863540,+3.22, +2.178, +9.174,+0.991
1651863600,+3.22, +2.188, +9.176,+0.991
1651863660,+3.22, +2.157, +9.192,+0.991
1651863720,+3.22, +2.135, +9.202,+0.991
1651863780,+3.22, +2.157, +9.187,+0.991
1651863840,+3.22, +2.157, +9.186,+0.991
1651863900,+3.22, +2.157, +9.183,+0.991
1651863960,+3.22, +2.135, +9.192,+0.991
1651864020,+3.22, +2.209, +9.168,+0.991
1651864080,+3.22, +2.167, +9.185,+0.991
1651864140,+3.22, +2.178, +9.168,+0.991
1651864200,+3.22, +2.167, +9.163,+0.990
1651864260,+3.22, +2.178, +9.187,+0.991
1651864320,+3.22, +2.135, +9.178,+0.990
1651864380,+3.22, +2.178, +9.180,+0.991
1651864440,+3.22, +2.188, +9.172,+0.991
1651864500,+3.23, +2.167, +9.176,+0.991
1651864560,+3.22, +2.167, +9.172,+0.991
1651864620,+3.22, +2.157, +9.168,+0.990
1651864680,+3.22, +2.157, +9.171,+0.990
1651864740,+3.22, +2.167, +9.180,+0.991
1651864800,+3.22, +2.167, +9.174,+0.991
1651864860,+3.22, +2.178, +9.182,+0.991
1651864920,+3.22, +2.188, +9.164,+0.991
1651864980,+3.22, +2.167, +9.168,+0.990
1651865040,+3.22, +2.199, +9.171,+0.991
1651865100,+3.22, +2.167, +9.169,+0.990
1651865160,+3.22, +2.188, +9.169,+0.991
1651865220,+3.22, +2.167, +9.178,+0.991
1651865280,+3.22, +2.220, +9.144,+0.990
1651865340,+3.22, +2.209, +9.173,+0.991
1651865400,+3.22, +2.230, +9.154,+0.991
1651865460,+3.22, +2.209, +9.178,+0.991
1651865520,+3.22, +2.220, +9.161,+0.991
1651865580,+3.22, +2.220, +9.164,+0.991
1651865640,+3.22, +2.230, +9.167,+0.991
1651865700,+3.22, +2.241, +9.161,+0.991
1651865760,+3.22, +2.241, +9.165,+0.991
1651865820,+3.22, +2.230, +9.167,+0.991
1651865880,+3.22, +2.230, +9.159,+0.991
1651865940,+3.22, +2.252, +9.155,+0.991
1651866000,+3.22, +2.273, +9.154,+0.991
1651866060,+3.22, +2.252, +9.156,+0.991
1651866120,+3.22, +2.262, +9.139,+0.990
1651866180,+3.22, +2.294, +9.144,+0.991
1651866240,+3.22, +2.252, +9.157,+0.991
1651866300,+3.22, +2.262, +9.160,+0.991
1651866360,+3.22, +2.220, +9.153,+0.990
1651866420,+3.22, +2.220, +9.152,+0.990
1651866480,+3.22, +2.178, +9.169,+0.991
1651866540,+3.22, +2.167, +9.166,+0.990
1651866600,+3.22, +2.125, +9.184,+0.991
1651866660,+3.22, +2.125, +9.184,+0.991
1651866720,+3.22, +2.114, +9.178,+0.990
1651866780,+3.22, +2.104, +9.177,+0.990
1651866840,+3.22, +2.104, +9.194,+0.991
1651866900,+3.22, +2.125, +9.172,+0.990
1651866960,+3.22, +2.093, +9.187,+0.991
1651867020,+3.22, +2.104, +9.177,+0.990
1651867080,+3.22, +2.146, +9.167,+0.990
1651867140,+3.22, +2.135, +9.168,+0.990
1651867200,+3.22, +2.178, +9.177,+0.991
1651867260,+3.22, +2.188, +9.180,+0.992
1651867320,+3.22, +2.178, +9.172,+0.991
1651867380,+3.22, +2.188, +9.166,+0.991
1651867440,+3.22, +2.209, +9.170,+0.991
1651867500,+3.22, +2.252, +9.146,+0.991
1651867560,+3.22, +2.252, +9.150,+0.991
1651867620,+3.22, +2.220, +9.161,+0.991
1651867680,+3.22, +2.283, +9.141,+0.991
1651867740,+3.22, +2.304, +9.131,+0.991
1651867800,+3.22, +2.273, +9.152,+0.991
1651867860,+3.22, +2.304, +9.133,+0.991
1651867920,+3.22, +2.294, +9.136,+0.990
1651867980,+3.22, +2.304, +9.140,+0.991
1651868040,+3.22, +2.315, +9.126,+0.990
1651868100,+3.22, +2.336, +9.129,+0.990
1651868160,+3.22, +2.378, +9.100,+0.990
1651868220,+3.22, +2.336, +9.126,+0.990
1651868280,+3.22, +2.325, +9.135,+0.991
1651868340,+3.22, +2.346, +9.122,+0.991
1651868400,+3.22, +2.346, +9.120,+0.990
1651868460,+3.22, +2.368, +9.108,+0.990
1651868520,+3.22, +2.357, +9.123,+0.990
1651868580,+3.22, +2.368, +9.118,+0.991
1651868640,+3.22, +2.368, +9.117,+0.990
1651868700,+3.22, +2.399, +9.102,+0.990
1651868760,+3.22, +2.389, +9.106,+0.991
1651868820,+3.22, +2.389, +9.103,+0.990
1651868880,+3.22, +2.389, +9.117,+0.991
1651868940,+3.22, +2.378, +9.106,+0.990
1651869000,+3.22, +2.378, +9.108,+0.990
1651869060,+3.22, +2.389, +9.098,+0.990
1651869120,+3.22, +2.399, +9.100,+0.990
1651869180,+3.22, +2.410, +9.101,+0.990
1651869240,+3.22, +2.378, +9.117,+0.990
1651869300,+3.22, +2.378, +9.108,+0.989
1651869360,+3.22, +2.389, +9.105,+0.990
1651869420,+3.22, +2.431, +9.097,+0.990
1651869480,+3.22, +2.410, +9.088,+0.989
1651869540,+3.22, +2.410, +9.093,+0.990
1651869600,+3.22, +2.399, +9.107,+0.990
1651869660,+3.22, +2.357, +9.119,+0.990
1651869720,+3.22, +2.357, +9.112,+0.990
1651869780,+3.22, +2.389, +9.107,+0.990
1651869840,+3.22, +2.389, +9.096,+0.990
1651869900,+3.22, +2.399, +9.097,+0.990
1651869960,+3.22, +2.357, +9.109,+0.990
1651870020,+3.22, +2.399, +9.096,+0.990
1651870080,+3.22, +2.368, +9.106,+0.990
1651870140,+3.22, +2.410, +9.086,+0.990
1651870200,+3.22, +2.389, +9.101,+0.990
1651870260,+3.22, +2.357, +9.104,+0.990
1651870320,+3.22, +2.389, +9.083,+0.989
1651870380,+3.22, +2.368, +9.097,+0.989
1651870440,+3.22, +2.357, +9.100,+0.989
1651870500,+3.22, +2.368, +9.102,+0.990
1651870560,+3.22, +2.368, +9.100,+0.990
1651870620,+3.22, +2.346, +9.108,+0.990
1651870680,+3.22, +2.357, +9.090,+0.989
1651870740,+3.22, +2.368, +9.107,+0.990
1651870800,+3.22, +2.346, +9.119,+0.991
1651870860,+3.22, +2.336, +9.111,+0.989
1651870920,+3.22, +2.336, +9.112,+0.990
1651870980,+3.22, +2.325, +9.120,+0.990
1651871040,+3.22, +2.378, +9.094,+0.990
1651871100,+3.22, +2.336, +9.126,+0.991
1651871160,+3.22, +2.325, +9.120,+0.990
1651871220,+3.22, +2.325, +9.122,+0.990
1651871280,+3.22, +2.357, +9.115,+0.991
1651871340,+3.22, +2.336, +9.116,+0.991
1651871400,+3.22, +2.325, +9.102,+0.989
1651871460,+3.22, +2.315, +9.116,+0.990
1651871520,+3.22, +2.346, +9.115,+0.990
1651871580,+3.22, +2.336, +9.116,+0.991
1651871640,+3.22, +2.346, +9.103,+0.990
1651871700,+3.22, +2.304, +9.124,+0.990
1651871760,+3.22, +2.315, +9.119,+0.990
1651871820,+3.22, +2.283, +9.144,+0.991
1651871880,+3.22, +2.304, +9.136,+0.991
1651871940,+3.22, +2.304, +9.130,+0.991
1651872000,+3.22, +2.294, +9.137,+0.991
1651872060,+3.22, +2.315, +9.129,+0.991
1651872120,+3.22, +2.294, +9.124,+0.990
1651872180,+3.22, +2.294, +9.129,+0.991
1651872240,+3.22, +2.273, +9.134,+0.990
1651872300,+3.22, +2.283, +9.122,+0.990
1651872360,+3.22, +2.273, +9.124,+0.990
1651872420,+3.22, +2.241, +9.141,+0.991
1651872480,+3.22, +2.241, +9.147,+0.991
1651872540,+3.22, +2.230, +9.140,+0.991
1651872600,+3.22, +2.209, +9.146,+0.991
1651872660,+3.22, +2.209, +9.155,+0.991
1651872720,+3.22, +2.241, +9.132,+0.991
1651872780,+3.22, +2.209, +9.147,+0.991
1651872840,+3.22, +2.199, +9.141,+0.990
1651872900,+3.22, +2.241, +9.131,+0.991
1651872960,+3.22, +2.209, +9.145,+0.991
1651873020,+3.22, +2.146, +9.172,+0.991
1651873080,+3.22, +2.199, +9.153,+0.991
1651873140,+3.22, +2.209, +9.140,+0.990
1651873200,+3.22, +2.220, +9.152,+0.991
1651873260,+3.22, +2.209, +9.142,+0.991
1651873320,+3.22, +2.188, +9.152,+0.991
1651873380,+3.22, +2.188, +9.145,+0.990
1651873440,+3.22, +2.188, +9.153,+0.991
1651873500,+3.22, +2.209, +9.139,+0.991
1651873560,+3.22, +2.199, +9.150,+0.991
1651873620,+3.22, +2.188, +9.148,+0.991
1651873680,+3.22, +2.178, +9.146,+0.990
1651873740,+3.22, +2.146, +9.158,+0.990
1651873800,+3.22, +2.167, +9.139,+0.990
1651873860,+3.22, +2.178, +9.151,+0.991
1651873920,+3.22, +2.146, +9.165,+0.991
1651873980,+3.22, +2.157, +9.141,+0.990
1651874040,+3.22, +2.146, +9.153,+0.991
1651874100,+3.22, +2.146, +9.150,+0.991
1651874160,+3.22, +2.135, +9.166,+0.991
1651874220,+3.22, +2.146, +9.153,+0.990
1651874280,+3.22, +2.125, +9.160,+0.990
1651874340,+3.22, +2.114, +9.160,+0.990
1651874400,+3.22, +2.104, +9.175,+0.991
1651874460,+3.22, +2.093, +9.173,+0.991
1651874520,+3.22, +2.135, +9.160,+0.991
1651874580,+3.22, +2.135, +9.156,+0.991
1651874640,+3.22, +2.104, +9.160,+0.990
1651874700,+3.22, +2.082, +9.162,+0.990
1651874760,+3.22, +2.072, +9.168,+0.990
1651874820,+3.22, +2.051, +9.189,+0.991
1651874880,+3.22, +2.072, +9.167,+0.990
1651874940,+3.22, +2.072, +9.158,+0.990
1651875000,+3.22, +2.029, +9.175,+0.990
1651875060,+3.22, +2.051, +9.175,+0.990
1651875120,+3.22, +2.040, +9.188,+0.991
1651875180,+3.22, +2.008, +9.186,+0.990
1651875240,+3.22, +2.061, +9.166,+0.990
1651875300,+3.22, +2.029, +9.197,+0.991
1651875360,+3.22, +2.029, +9.188,+0.991
1651875420,+3.22, +2.082, +9.168,+0.991
1651875480,+3.22, +2.029, +9.176,+0.991
1651875540,+3.22, +1.998, +9.182,+0.991
1651875600,+3.22, +1.998, +9.177,+0.990
1651875660,+3.22, +1.976, +9.184,+0.990
1651875720,+3.22, +2.019, +9.182,+0.991
1651875780,+3.22, +2.008, +9.195,+0.991
1651875840,+3.22, +2.019, +9.185,+0.991
1651875900,+3.22, +2.008, +9.190,+0.991
1651875960,+3.22, +1.987, +9.190,+0.990
1651876020,+3.22, +2.019, +9.180,+0.991
1651876080,+3.22, +1.998, +9.177,+0.990
1651876140,+3.22, +1.987, +9.190,+0.991
1651876200,+3.22, +1.987, +9.209,+0.991
1651876260,+3.22, +1.987, +9.200,+0.991
1651876320,+3.22, +1.987, +9.194,+0.991
1651876380,+3.22, +1.955, +9.189,+0.990
1651876440,+3.22, +1.987, +9.195,+0.991
1651876500,+3.22, +1.966, +9.203,+0.991
1651876560,+3.22, +1.987, +9.190,+0.991
1651876620,+3.22, +1.987, +9.193,+0.991
1651876680,+3.22, +1.976, +9.199,+0.991
1651876740,+3.22, +1.966, +9.202,+0.991
1651876800,+3.22, +1.945, +9.208,+0.991
1651876860,+3.22, +1.976, +9.191,+0.991
1651876920,+3.22, +1.955, +9.206,+0.991
1651876980,+3.22, +1.923, +9.206,+0.991
1651877040,+3.22, +1.955, +9.179,+0.990
1651877100,+3.22, +1.934, +9.203,+0.991
1651877160,+3.22, +1.913, +9.209,+0.991
1651877220,+3.22, +1.934, +9.192,+0.990
1651877280,+3.22, +1.955, +9.201,+0.991
1651877340,+3.22, +1.923, +9.199,+0.990
1651877400,+3.22, +1.934, +9.189,+0.990
1651877460,+3.22, +1.934, +9.205,+0.991
1651877520,+3.22, +1.913, +9.217,+0.991
1651877580,+3.22, +1.934, +9.193,+0.990
1651877640,+3.22, +1.934, +9.213,+0.991
1651877700,+3.22, +1.923, +9.206,+0.991
1651877760,+3.22, +1.934, +9.188,+0.990
1651877820,+3.22, +1.923, +9.212,+0.991
1651877880,+3.22, +1.923, +9.199,+0.991
1651877940,+3.22, +1.934, +9.199,+0.991
1651878000,+3.22, +1.934, +9.199,+0.990
1651878060,+3.22, +1.881, +9.221,+0.991
1651878120,+3.22, +1.902, +9.211,+0.990
1651878180,+3.22, +1.913, +9.203,+0.990
1651878240,+3.22, +1.923, +9.210,+0.991
1651878300,+3.22, +1.913, +9.203,+0.991
1651878360,+3.22, +1.945, +9.193,+0.991
1651878420,+3.22, +1.881, +9.228,+0.991
1651878480,+3.22, +1.902, +9.211,+0.991
1651878540,+3.22, +1.923, +9.202,+0.991
1651878600,+3.22, +1.902, +9.209,+0.991
1651878660,+3.22, +1.945, +9.189,+0.991
1651878720,+3.22, +1.913, +9.208,+0.991
1651878780,+3.22, +1.902, +9.218,+0.991
1651878840,+3.22, +1.902, +9.205,+0.991
1651878900,+3.22, +1.913, +9.209,+0.991
1651878960,+3.22, +1.913, +9.207,+0.991
1651879020,+3.22, +1.860, +9.224,+0.990
1651879080,+3.22, +1.902, +9.222,+0.991
1651879140,+3.22, +1.870, +9.217,+0.990
1651879200,+3.22, +1.891, +9.212,+0.991
1651879260,+3.22, +1.891, +9.200,+0.990
1651879320,+3.22, +1.860, +9.227,+0.991
1651879380,+3.22, +1.828, +9.238,+0.991
1651879440,+3.22, +1.860, +9.210,+0.990
1651879500,+3.22, +1.860, +9.212,+0.990
1651879560,+3.22, +1.860, +9.220,+0.991
1651879620,+3.22, +1.870, +9.211,+0.991
1651879680,+3.22, +1.806, +9.236,+0.990
1651879740,+3.22, +1.817, +9.228,+0.990
1651879800,+3.22, +1.838, +9.235,+0.991
1651879860,+3.22, +1.828, +9.236,+0.991
1651879920,+3.22, +1.828, +9.235,+0.991
1651879980,+3.22, +1.870, +9.219,+0.991
1651880040,+3.22, +1.785, +9.261,+0.991
1651880100,+3.22, +1.849, +9.223,+0.991
1651880160,+3.22, +1.860, +9.222,+0.991
1651880220,+3.22, +1.849, +9.226,+0.991
1651880280,+3.22, +1.870, +9.208,+0.990
1651880340,+3.22, +1.838, +9.233,+0.991
1651880400,+3.22, +1.849, +9.232,+0.991
1651880460,+3.22, +1.828, +9.234,+0.991
1651880520,+3.22, +1.838, +9.229,+0.991
1651880580,+3.22, +1.838, +9.236,+0.991
1651880640,+3.22, +1.828, +9.226,+0.991
1651880700,+3.22, +1.828, +9.233,+0.991
1651880760,+3.22, +1.796, +9.252,+0.991
1651880820,+3.22, +1.838, +9.225,+0.990
1651880880,+3.22, +1.838, +9.227,+0.991
1651880940,+3.22, +1.828, +9.236,+0.991
1651881000,+3.22, +1.817, +9.240,+0.991
1651881060,+3.22, +1.828, +9.227,+0.990
1651881120,+3.22, +1.838, +9.234,+0.991
1651881180,+3.22, +1.796, +9.250,+0.991
1651881240,+3.22, +1.828, +9.245,+0.991
1651881300,+3.22, +1.828, +9.233,+0.991
1651881360,+3.22, +1.828, +9.248,+0.991
1651881420,+3.22, +1.817, +9.239,+0.990
1651881480,+3.22, +1.785, +9.259,+0.991
1651881540,+3.22, +1.838, +9.238,+0.991
1651881600,+3.22, +1.828, +9.230,+0.990
1651881660,+3.22, +1.796, +9.259,+0.991
1651881720,+3.22, +1.817, +9.242,+0.991
1651881780,+3.22, +1.817, +9.263,+0.992
1651881840,+3.22, +1.838, +9.234,+0.991
1651881900,+3.22, +1.817, +9.227,+0.990
1651881960,+3.22, +1.828, +9.235,+0.991
1651882020,+3.22, +1.817, +9.257,+0.991
1651882080,+3.22, +1.796, +9.253,+0.991
1651882140,+3.22, +1.828, +9.237,+0.991
1651882200,+3.22, +1.828, +9.225,+0.990
1651882260,+3.22, +1.828, +9.235,+0.991
1651882320,+3.22, +1.806, +9.246,+0.991
1651882380,+3.22, +1.828, +9.240,+0.991
1651882440,+3.22, +1.796, +9.244,+0.991
1651882500,+3.22, +1.817, +9.246,+0.991
1651882560,+3.22, +1.796, +9.243,+0.991
1651882620,+3.22, +1.817, +9.220,+0.990
1651882680,+3.22, +1.774, +9.248,+0.990
1651882740,+3.22, +1.817, +9.234,+0.991
1651882800,+3.22, +1.838, +9.227,+0.991
1651882860,+3.22, +1.785, +9.242,+0.990
1651882920,+3.22, +1.817, +9.234,+0.991
1651882980,+3.22, +1.806, +9.238,+0.991
1651883040,+3.22, +1.806, +9.234,+0.991
1651883100,+3.22, +1.774, +9.271,+0.991
1651883160,+3.22, +1.796, +9.240,+0.991
1651883220,+3.22, +1.796, +9.244,+0.991
1651883280,+3.22, +1.785, +9.249,+0.991
1651883340,+3.22, +1.796, +9.252,+0.992
1651883400,+3.22, +1.838, +9.218,+0.991
1651883460,+3.22, +1.806, +9.238,+0.991
1651883520,+3.22, +1.796, +9.235,+0.990
1651883580,+3.22, +1.764, +9.254,+0.991
1651883640,+3.22, +1.774, +9.247,+0.991
1651883700,+3.22, +1.785, +9.246,+0.991
1651883760,+3.22, +1.774, +9.243,+0.991
1651883820,+3.22, +1.796, +9.235,+0.991
1651883880,+3.22, +1.785, +9.237,+0.990
1651883940,+3.22, +1.785, +9.240,+0.991
1651884000,+3.22, +1.753, +9.262,+0.991
1651884060,+3.22, +1.785, +9.238,+0.991
1651884120,+3.22, +1.764, +9.249,+0.991
1651884180,+3.22, +1.796, +9.239,+0.991
1651884240,+3.22, +1.796, +9.246,+0.991
1651884300,+3.22, +1.785, +9.235,+0.990
1651884360,+3.22, +1.753, +9.256,+0.991
1651884420,+3.22, +1.764, +9.250,+0.991
1651884480,+3.22, +1.742, +9.269,+0.991
1651884540,+3.22, +1.753, +9.237,+0.990
1651884600,+3.22, +1.753, +9.264,+0.991
1651884660,+3.22, +1.774, +9.241,+0.991
1651884720,+3.22, +1.774, +9.251,+0.991
1651884780,+3.22, +1.774, +9.243,+0.991
1651884840,+3.22, +1.764, +9.241,+0.991
1651884900,+3.22, +1.732, +9.267,+0.991
1651884960,+3.22, +1.785, +9.244,+0.991
1651885020,+3.22, +1.753, +9.254,+0.991
1651885080,+3.22, +1.753, +9.254,+0.991
1651885140,+3.22, +1.742, +9.246,+0.990
1651885200,+3.22, +1.753, +9.249,+0.991
1651885260,+3.22, +1.742, +9.250,+0.990
1651885320,+3.22, +1.742, +9.267,+0.992
1651885380,+3.22, +1.764, +9.240,+0.990
1651885440,+3.22, +1.721, +9.255,+0.991
1651885500,+3.22, +1.753, +9.241,+0.990
1651885560,+3.22, +1.710, +9.258,+0.991
1651885620,+3.22, +1.742, +9.243,+0.990
1651885680,+3.22, +1.710, +9.237,+0.990
1651885740,+3.22, +1.732, +9.251,+0.991
1651885800,+3.22, +1.721, +9.260,+0.991
1651885860,+3.22, +1.732, +9.253,+0.991
1651885920,+3.22, +1.742, +9.258,+0.991
1651885980,+3.22, +1.721, +9.263,+0.991
1651886040,+3.22, +1.742, +9.250,+0.990
1651886100,+3.22, +1.710, +9.269,+0.991
1651886160,+3.22, +1.721, +9.256,+0.990
1651886220,+3.22, +1.710, +9.271,+0.991
1651886280,+3.22, +1.710, +9.274,+0.991
1651886340,+3.22, +1.721, +9.256,+0.990
1651886400,+3.22, +1.721, +9.262,+0.991
1651886460,+3.22, +1.753, +9.258,+0.991
1651886520,+3.22, +1.710, +9.276,+0.991
1651886580,+3.22, +1.732, +9.261,+0.991
1651886640,+3.22, +1.700, +9.281,+0.991
1651886700,+3.22, +1.732, +9.264,+0.991
1651886760,+3.22, +1.721, +9.259,+0.991
1651886820,+3.22, +1.732, +9.257,+0.991
1651886880,+3.22, +1.700, +9.271,+0.991
1651886940,+3.22, +1.721, +9.274,+0.991
1651887000,+3.22, +1.710, +9.263,+0.991
1651887060,+3.22, +1.721, +9.272,+0.991
1651887120,+3.22, +1.700, +9.261,+0.991
1651887180,+3.22, +1.710, +9.267,+0.991
1651887240,+3.22, +1.700, +9.266,+0.991
1651887300,+3.22, +1.710, +9.267,+0.991
1651887360,+3.22, +1.742, +9.256,+0.991
1651887420,+3.22, +1.689, +9.273,+0.991
1651887480,+3.22, +1.700, +9.278,+0.991
1651887540,+3.22, +1.689, +9.263,+0.990
1651887600,+3.22, +1.678, +9.279,+0.991
1651887660,+3.22, +1.700, +9.260,+0.991
1651887720,+3.22, +1.689, +9.273,+0.991
1651887780,+3.22, +1.689, +9.266,+0.991
1651887840,+3.22, +1.689, +9.270,+0.991
1651887900,+3.22, +1.689, +9.271,+0.991
1651887960,+3.22, +1.700, +9.269,+0.991
1651888020,+3.22, +1.689, +9.271,+0.991
1651888080,+3.22, +1.710, +9.265,+0.991
1651888140,+3.22, +1.657, +9.280,+0.991
1651888200,+3.22, +1.668, +9.276,+0.991
1651888260,+3.22, +1.678, +9.276,+0.991
1651888320,+3.22, +1.668, +9.271,+0.991
1651888380,+3.22, +1.678, +9.279,+0.991
1651888440,+3.22, +1.700, +9.268,+0.991
1651888500,+3.22, +1.689, +9.272,+0.991
1651888560,+3.22, +1.678, +9.268,+0.991
1651888620,+3.22, +1.689, +9.259,+0.990
1651888680,+3.22, +1.657, +9.277,+0.991
1651888740,+3.22, +1.625, +9.291,+0.991
1651888800,+3.22, +1.689, +9.264,+0.991
1651888860,+3.22, +1.678, +9.269,+0.991
1651888920,+3.22, +1.636, +9.286,+0.991
1651888980,+3.22, +1.678, +9.277,+0.991
1651889040,+3.22, +1.668, +9.266,+0.991
1651889100,+3.22, +1.657, +9.288,+0.991
1651889160,+3.22, +1.689, +9.269,+0.991
1651889220,+3.22, +1.657, +9.266,+0.990
1651889280,+3.22, +1.678, +9.274,+0.991
1651889340,+3.22, +1.668, +9.270,+0.991
1651889400,+3.22, +1.678, +9.260,+0.991
1651889460,+3.22, +1.678, +9.275,+0.991
1651889520,+3.22, +1.678, +9.277,+0.991
1651889580,+3.22, +1.668, +9.281,+0.991
1651889640,+3.22, +1.668, +9.281,+0.991
1651889700,+3.22, +1.678, +9.270,+0.991
1651889760,+3.22, +1.657, +9.273,+0.990
1651889820,+3.22, +1.678, +9.267,+0.991
1651889880,+3.22, +1.689, +9.254,+0.990
1651889940,+3.22, +1.636, +9.282,+0.990
1651890000,+3.22, +1.636, +9.281,+0.990
1651890060,+3.22, +1.668, +9.280,+0.991
1651890120,+3.22, +1.657, +9.271,+0.991
1651890180,+3.22, +1.636, +9.266,+0.990
1651890240,+3.22, +1.657, +9.269,+0.990
1651890300,+3.22, +1.657, +9.276,+0.991
1651890360,+3.22, +1.668, +9.262,+0.990
1651890420,+3.22, +1.646, +9.280,+0.991
1651890480,+3.22, +1.657, +9.279,+0.991
1651890540,+3.22, +1.668, +9.279,+0.991
1651890600,+3.22, +1.636, +9.286,+0.991
1651890660,+3.22, +1.668, +9.266,+0.990
1651890720,+3.22, +1.678, +9.260,+0.991
1651890780,+3.22, +1.636, +9.285,+0.991
1651890840,+3.22, +1.636, +9.288,+0.991
1651890900,+3.22, +1.689, +9.258,+0.991
1651890960,+3.22, +1.668, +9.289,+0.992
1651891020,+3.22, +1.668, +9.269,+0.990
1651891080,+3.22, +1.678, +9.262,+0.991
1651891140,+3.22, +1.636, +9.291,+0.991
1651891200,+3.22, +1.668, +9.274,+0.991
1651891260,+3.22, +1.614, +9.297,+0.991
1651891320,+3.22, +1.657, +9.269,+0.990
1651891380,+3.22, +1.646, +9.279,+0.991
1651891440,+3.22, +1.636, +9.281,+0.991
1651891500,+3.22, +1.646, +9.293,+0.991
1651891560,+3.22, +1.625, +9.284,+0.991
1651891620,+3.22, +1.625, +9.288,+0.991
1651891680,+3.22, +1.625, +9.286,+0.991
1651891740,+3.22, +1.604, +9.296,+0.991
1651891800,+3.22, +1.614, +9.294,+0.990
1651891860,+3.22, +1.625, +9.270,+0.990
1651891920,+3.22, +1.625, +9.295,+0.991
1651891980,+3.22, +1.657, +9.268,+0.991
1651892040,+3.22, +1.625, +9.296,+0.991
1651892100,+3.22, +1.657, +9.277,+0.991
1651892160,+3.22, +1.614, +9.287,+0.991
1651892220,+3.22, +1.604, +9.293,+0.991
1651892280,+3.22, +1.625, +9.291,+0.991
1651892340,+3.22, +1.625, +9.298,+0.991
1651892400,+3.22, +1.625, +9.282,+0.991
1651892460,+3.22, +1.614, +9.297,+0.991
1651892520,+3.22, +1.614, +9.280,+0.990
1651892580,+3.22, +1.636, +9.281,+0.991
1651892640,+3.22, +1.614, +9.289,+0.991
1651892700,+3.22, +1.604, +9.287,+0.990
1651892760,+3.22, +1.625, +9.277,+0.990
1651892820,+3.22, +1.604, +9.287,+0.990
1651892880,+3.22, +1.593, +9.293,+0.991
1651892940,+3.22, +1.625, +9.288,+0.991
1651893000,+3.22, +1.625, +9.289,+0.991
1651893060,+3.22, +1.614, +9.280,+0.990
1651893120,+3.22, +1.625, +9.293,+0.991
1651893180,+3.22, +1.636, +9.291,+0.991
1651893240,+3.22, +1.604, +9.292,+0.991
1651893300,+3.22, +1.593, +9.304,+0.991
1651893360,+3.22, +1.571, +9.311,+0.991
1651893420,+3.22, +1.614, +9.303,+0.992
1651893480,+3.22, +1.593, +9.295,+0.990
1651893540,+3.22, +1.593, +9.304,+0.991
1651893600,+3.22, +1.614, +9.289,+0.991
1651893660,+3.22, +1.614, +9.284,+0.991
1651893720,+3.22, +1.582, +9.308,+0.991
1651893780,+3.22, +1.582, +9.307,+0.991
1651893840,+3.22, +1.614, +9.295,+0.991
1651893900,+3.22, +1.604, +9.295,+0.991
1651893960,+3.22, +1.593, +9.292,+0.990
1651894020,+3.22, +1.593, +9.295,+0.991
1651894080,+3.22, +1.582, +9.297,+0.991
1651894140,+3.22, +1.593, +9.299,+0.990
1651894200,+3.22, +1.593, +9.293,+0.991
1651894260,+3.22, +1.571, +9.305,+0.991
1651894320,+3.22, +1.604, +9.306,+0.991
1651894380,+3.22, +1.604, +9.283,+0.990
1651894440,+3.22, +1.593, +9.294,+0.991
1651894500,+3.22, +1.593, +9.308,+0.991
1651894560,+3.22, +1.571, +9.312,+0.991
1651894620,+3.22, +1.604, +9.302,+0.991
1651894680,+3.22, +1.571, +9.312,+0.991
1651894740,+3.22, +1.604, +9.285,+0.990
1651894800,+3.22, +1.593, +9.291,+0.990
1651894860,+3.22, +1.582, +9.302,+0.991
1651894920,+3.22, +1.604, +9.289,+0.991
1651894980,+3.22, +1.593, +9.292,+0.991
1651895040,+3.22, +1.582, +9.289,+0.990
1651895100,+3.22, +1.582, +9.305,+0.991
1651895160,+3.22, +1.593, +9.302,+0.991
1651895220,+3.22, +1.582, +9.312,+0.991
1651895280,+3.22, +1.582, +9.304,+0.991
1651895340,+3.22, +1.593, +9.292,+0.991
1651895400,+3.22, +1.561, +9.313,+0.991
1651895460,+3.22, +1.561, +9.314,+0.991
1651895520,+3.22, +1.550, +9.316,+0.991
1651895580,+3.22, +1.604, +9.288,+0.991
1651895640,+3.22, +1.582, +9.299,+0.990
1651895700,+3.22, +1.561, +9.314,+0.991
1651895760,+3.22, +1.582, +9.296,+0.991
1651895820,+3.22, +1.571, +9.290,+0.990
1651895880,+3.22, +1.582, +9.304,+0.991
1651895940,+3.22, +1.571, +9.304,+0.991
1651896000,+3.22, +1.571, +9.309,+0.991
1651896060,+3.22, +1.593, +9.282,+0.990
1651896120,+3.22, +1.571, +9.298,+0.991
1651896180,+3.22, +1.550, +9.310,+0.991
1651896240,+3.22, +1.561, +9.302,+0.991
1651896300,+3.22, +1.550, +9.306,+0.991
1651896360,+3.22, +1.593, +9.281,+0.990
1651896420,+3.22, +1.561, +9.309,+0.991
1651896480,+3.22, +1.571, +9.298,+0.991
1651896540,+3.22, +1.561, +9.306,+0.991
1651896600,+3.22, +1.550, +9.303,+0.990
1651896660,+3.22, +1.561, +9.310,+0.991
1651896720,+3.22, +1.561, +9.290,+0.990
1651896780,+3.22, +1.571, +9.308,+0.991
1651896840,+3.22, +1.550, +9.318,+0.991
1651896900,+3.22, +1.571, +9.312,+0.991
1651896960,+3.22, +1.561, +9.307,+0.991
1651897020,+3.22, +1.604, +9.291,+0.991
1651897080,+3.22, +1.561, +9.298,+0.991
1651897140,+3.22, +1.561, +9.308,+0.991
1651897200,+3.22, +1.550, +9.313,+0.991
1651897260,+3.22, +1.561, +9.304,+0.991
1651897320,+3.22, +1.561, +9.317,+0.991
1651897380,+3.22, +1.571, +9.303,+0.991
1651897440,+3.22, +1.561, +9.294,+0.990
1651897500,+3.22, +1.571, +9.283,+0.990
1651897560,+3.22, +1.593, +9.284,+0.991
1651897620,+3.22, +1.571, +9.298,+0.991
1651897680,+3.22, +1.561, +9.297,+0.990
1651897740,+3.22, +1.529, +9.337,+0.992
1651897800,+3.22, +1.582, +9.290,+0.991
1651897860,+3.22, +1.539, +9.308,+0.991
1651897920,+3.22, +1.571, +9.308,+0.991
1651897980,+3.22, +1.571, +9.295,+0.991
1651898040,+3.22, +1.561, +9.303,+0.991
1651898100,+3.22, +1.550, +9.297,+0.990
1651898160,+3.22, +1.550, +9.319,+0.991
1651898220,+3.22, +1.582, +9.289,+0.991
1651898280,+3.22, +1.539, +9.314,+0.991
1651898340,+3.22, +1.539, +9.314,+0.991
1651898400,+3.22, +1.571, +9.292,+0.991
1651898460,+3.22, +1.550, +9.300,+0.991
1651898520,+3.22, +1.561, +9.306,+0.991
1651898580,+3.22, +1.550, +9.306,+0.991
1651898640,+3.22, +1.582, +9.281,+0.990
1651898700,+3.22, +1.550, +9.298,+0.991
1651898760,+3.22, +1.582, +9.297,+0.991
1651898820,+3.22, +1.561, +9.304,+0.991
1651898880,+3.22, +1.561, +9.295,+0.991
1651898940,+3.22, +1.550, +9.310,+0.991
1651899000,+3.22, +1.539, +9.310,+0.991
1651899060,+3.22, +1.539, +9.312,+0.991
1651899120,+3.22, +1.571, +9.288,+0.990
1651899180,+3.22, +1.496, +9.326,+0.991
1651899240,+3.22, +1.561, +9.310,+0.991
1651899300,+3.22, +1.539, +9.310,+0.991
1651899360,+3.22, +1.539, +9.310,+0.991
1651899420,+3.22, +1.539, +9.317,+0.991
1651899480,+3.22, +1.561, +9.297,+0.991
1651899540,+3.22, +1.550, +9.305,+0.991
1651899600,+3.22, +1.539, +9.310,+0.991
1651899660,+3.22, +1.561, +9.305,+0.991
1651899720,+3.22, +1.539, +9.305,+0.991
1651899780,+3.22, +1.561, +9.310,+0.991
1651899840,+3.22, +1.529, +9.312,+0.991
1651899900,+3.22, +1.529, +9.304,+0.991
1651899960,+3.22, +1.539, +9.300,+0.990
1651900020,+3.22, +1.539, +9.307,+0.991
1651900080,+3.22, +1.550, +9.293,+0.990
1651900140,+3.22, +1.539, +9.304,+0.991
1651900200,+3.22, +1.518, +9.306,+0.991
1651900260,+3.22, +1.550, +9.304,+0.991
1651900320,+3.22, +1.529, +9.313,+0.991
1651900380,+3.22, +1.561, +9.309,+0.991
1651900440,+3.22, +1.529, +9.316,+0.991
1651900500,+3.22, +1.539, +9.300,+0.991
1651900560,+3.22, +1.561, +9.300,+0.991
1651900620,+3.22, +1.539, +9.297,+0.991
1651900680,+3.22, +1.529, +9.309,+0.991
1651900740,+3.22, +1.507, +9.316,+0.991
1651900800,+3.22, +1.539, +9.298,+0.991
1651900860,+3.22, +1.550, +9.300,+0.991
1651900920,+3.22, +1.550, +9.301,+0.991
1651900980,+3.22, +1.550, +9.293,+0.991
1651901040,+3.22, +1.539, +9.312,+0.991
1651901100,+3.22, +1.539, +9.310,+0.992
1651901160,+3.22, +1.518, +9.316,+0.991
1651901220,+3.22, +1.529, +9.301,+0.991
1651901280,+3.22, +1.518, +9.267,+0.990
1651901340,+3.22, +1.421, +9.238,+0.990
1651901400,+3.22, +1.411, +9.260,+0.990
1651901460,+3.22, +1.421, +9.300,+0.990
1651901520,+3.22, +1.454, +9.320,+0.991
1651901580,+3.22, +1.496, +9.313,+0.991
1651901640,+3.22, +1.496, +9.328,+0.992
1651901700,+3.22, +1.496, +9.316,+0.991
1651901760,+3.22, +1.507, +9.302,+0.990
1651901820,+3.22, +1.507, +9.312,+0.991
1651901880,+3.22, +1.507, +9.315,+0.991
1651901940,+3.22, +1.539, +9.296,+0.991
1651902000,+3.22, +1.507, +9.322,+0.991
1651902060,+3.22, +1.529, +9.292,+0.991
1651902120,+3.22, +1.529, +9.307,+0.991
1651902180,+3.22, +1.518, +9.311,+0.991
1651902240,+3.22, +1.539, +9.304,+0.991
1651902300,+3.22, +1.529, +9.292,+0.991
1651902360,+3.22, +1.539, +9.284,+0.990
1651902420,+3.22, +1.529, +9.290,+0.990
1651902480,+3.22, +1.539, +9.296,+0.991
1651902540,+3.22, +1.539, +9.297,+0.991
1651902600,+3.22, +1.529, +9.292,+0.991
1651902660,+3.22, +1.529, +9.293,+0.990
1651902720,+3.22, +1.539, +9.298,+0.991
1651902780,+3.22, +1.529, +9.302,+0.991
1651902840,+3.22, +1.529, +9.294,+0.990
1651902900,+3.22, +1.529, +9.302,+0.991
1651902960,+3.22, +1.539, +9.297,+0.991
1651903020,+3.22, +1.529, +9.305,+0.991
1651903080,+3.22, +1.529, +9.298,+0.991
1651903140,+3.22, +1.518, +9.295,+0.991
1651903200,+3.22, +1.539, +9.291,+0.990
1651903260,+3.22, +1.507, +9.294,+0.990
1651903320,+3.22, +1.529, +9.304,+0.991
1651903380,+3.22, +1.529, +9.286,+0.990
1651903440,+3.22, +1.518, +9.299,+0.991
1651903500,+3.22, +1.529, +9.297,+0.991
1651903560,+3.22, +1.518, +9.306,+0.991
1651903620,+3.22, +1.518, +9.297,+0.991
1651903680,+3.22, +1.518, +9.286,+0.990
1651903740,+3.22, +1.529, +9.285,+0.990
1651903800,+3.22, +1.529, +9.300,+0.991
1651903860,+3.22, +1.539, +9.297,+0.991
1651903920,+3.22, +1.539, +9.289,+0.991
1651903980,+3.22, +1.529, +9.301,+0.991
1651904040,+3.22, +1.496, +9.315,+0.991
1651904100,+3.22, +1.561, +9.275,+0.990
1651904160,+3.22, +1.507, +9.305,+0.991
1651904220,+3.22, +1.518, +9.296,+0.991
1651904280,+3.22, +1.496, +9.303,+0.991
1651904340,+3.22, +1.518, +9.289,+0.990
1651904400,+3.22, +1.529, +9.285,+0.990
1651904460,+3.22, +1.529, +9.296,+0.991
1651904520,+3.22, +1.496, +9.320,+0.991
1651904580,+3.22, +1.518, +9.308,+0.991
1651904640,+3.22, +1.475, +9.319,+0.991
1651904700,+3.22, +1.539, +9.295,+0.991
1651904760,+3.22, +1.529, +9.288,+0.990
1651904820,+3.22, +1.539, +9.287,+0.991
1651904880,+3.22, +1.507, +9.301,+0.991
1651904940,+3.22, +1.518, +9.301,+0.991
1651905000,+3.22, +1.507, +9.305,+0.991
1651905060,+3.22, +1.507, +9.309,+0.991
1651905120,+3.22, +1.507, +9.305,+0.991
1651905180,+3.22, +1.518, +9.295,+0.991
1651905240,+3.22, +1.529, +9.300,+0.991
1651905300,+3.22, +1.518, +9.295,+0.990
1651905360,+3.22, +1.539, +9.281,+0.990
1651905420,+3.22, +1.464, +9.315,+0.990
1651905480,+3.22, +1.518, +9.295,+0.991
1651905540,+3.22, +1.539, +9.290,+0.991
1651905600,+3.22, +1.496, +9.300,+0.991
1651905660,+3.22, +1.496, +9.292,+0.990
1651905720,+3.22, +1.529, +9.285,+0.990
1651905780,+3.22, +1.496, +9.313,+0.992
1651905840,+3.22, +1.518, +9.317,+0.992
1651905900,+3.22, +1.486, +9.317,+0.991
1651905960,+3.22, +1.529, +9.294,+0.991
1651906020,+3.22, +1.507, +9.307,+0.991
1651906080,+3.22, +1.529, +9.303,+0.991
1651906140,+3.22, +1.507, +9.287,+0.990
1651906200,+3.22, +1.518, +9.289,+0.991
1651906260,+3.22, +1.507, +9.300,+0.991
1651906320,+3.22, +1.496, +9.308,+0.991
1651906380,+3.22, +1.507, +9.301,+0.991
1651906440,+3.22, +1.518, +9.295,+0.991
1651906500,+3.22, +1.496, +9.297,+0.991
1651906560,+3.22, +1.507, +9.295,+0.991
1651906620,+3.22, +1.518, +9.295,+0.991
1651906680,+3.22, +1.486, +9.314,+0.991
1651906740,+3.22, +1.507, +9.281,+0.990
1651906800,+3.22, +1.518, +9.296,+0.991
1651906860,+3.22, +1.518, +9.285,+0.991
1651906920,+3.22, +1.507, +9.296,+0.991
1651906980,+3.22, +1.529, +9.294,+0.991
1651907040,+3.22, +1.507, +9.298,+0.991
1651907100,+3.22, +1.496, +9.313,+0.992
1651907160,+3.22, +1.507, +9.302,+0.991
1651907220,+3.22, +1.529, +9.282,+0.991
1651907280,+3.22, +1.529, +9.286,+0.991
1651907340,+3.22, +1.507, +9.296,+0.991
1651907400,+3.22, +1.496, +9.298,+0.991
1651907460,+3.22, +1.507, +9.300,+0.991
1651907520,+3.22, +1.486, +9.308,+0.991
1651907580,+3.22, +1.507, +9.290,+0.990
1651907640,+3.22, +1.486, +9.308,+0.991
1651907700,+3.22, +1.507, +9.298,+0.991
1651907760,+3.22, +1.486, +9.299,+0.991
1651907820,+3.22, +1.496, +9.292,+0.990
1651907880,+3.22, +1.496, +9.294,+0.991
1651907940,+3.22, +1.486, +9.290,+0.990
1651908000,+3.22, +1.518, +9.293,+0.991
1651908060,+3.22, +1.496, +9.300,+0.991
1651908120,+3.22, +1.486, +9.289,+0.990
1651908180,+3.22, +1.496, +9.291,+0.990
1651908240,+3.22, +1.518, +9.277,+0.990
1651908300,+3.22, +1.443, +9.317,+0.991
1651908360,+3.22, +1.518, +9.291,+0.991
1651908420,+3.22, +1.496, +9.296,+0.991
1651908480,+3.22, +1.507, +9.275,+0.990
1651908540,+3.22, +1.486, +9.297,+0.991
1651908600,+3.22, +1.518, +9.278,+0.990
1651908660,+3.22, +1.507, +9.279,+0.990
1651908720,+3.22, +1.496, +9.288,+0.991
1651908780,+3.22, +1.496, +9.298,+0.991
1651908840,+3.22, +1.507, +9.283,+0.991
1651908900,+3.22, +1.496, +9.286,+0.991
1651908960,+3.22, +1.486, +9.291,+0.991
1651909020,+3.22, +1.496, +9.287,+0.990
1651909080,+3.22, +1.486, +9.288,+0.991
1651909140,+3.22, +1.486, +9.287,+0.990
1651909200,+3.22, +1.464, +9.301,+0.991
1651909260,+3.22, +1.486, +9.303,+0.991
1651909320,+3.22, +1.486, +9.297,+0.991
1651909380,+3.22, +1.486, +9.291,+0.991
1651909440,+3.22, +1.464, +9.300,+0.991
1651909500,+3.22, +1.496, +9.280,+0.990
1651909560,+3.22, +1.496, +9.286,+0.991
1651909620,+3.22, +1.486, +9.276,+0.990
1651909680,+3.22, +1.496, +9.294,+0.991
1651909740,+3.22, +1.475, +9.284,+0.990
1651909800,+3.22, +1.464, +9.306,+0.991
1651909860,+3.22, +1.518, +9.275,+0.991
1651909920,+3.22, +1.486, +9.283,+0.991
1651909980,+3.22, +1.507, +9.286,+0.991
1651910040,+3.22, +1.475, +9.294,+0.991
1651910100,+3.22, +1.518, +9.272,+0.991
1651910160,+3.22, +1.454, +9.297,+0.991
1651910220,+3.22, +1.475, +9.298,+0.991
1651910280,+3.22, +1.475, +9.295,+0.991
1651910340,+3.22, +1.454, +9.313,+0.991
1651910400,+3.22, +1.486, +9.288,+0.991
1651910460,+3.22, +1.464, +9.295,+0.991
1651910520,+3.22, +1.496, +9.285,+0.991
1651910580,+3.22, +1.475, +9.303,+0.991
1651910640,+3.22, +1.486, +9.288,+0.991
1651910700,+3.22, +1.486, +9.284,+0.991
1651910760,+3.22, +1.464, +9.300,+0.991
1651910820,+3.22, +1.507, +9.288,+0.991
1651910880,+3.22, +1.464, +9.298,+0.991
1651910940,+3.22, +1.486, +9.283,+0.991
1651911000,+3.22, +1.496, +9.296,+0.991
1651911060,+3.22, +1.507, +9.269,+0.991
1651911120,+3.22, +1.475, +9.282,+0.990
1651911180,+3.22, +1.464, +9.290,+0.990
1651911240,+3.22, +1.475, +9.299,+0.991
1651911300,+3.22, +1.486, +9.282,+0.991
1651911360,+3.22, +1.486, +9.291,+0.991
1651911420,+3.22, +1.475, +9.284,+0.991
1651911480,+3.22, +1.486, +9.280,+0.991
1651911540,+3.22, +1.454, +9.309,+0.991
1651911600,+3.22, +1.475, +9.298,+0.991
1651911660,+3.22, +1.486, +9.287,+0.991
1651911720,+3.22, +1.464, +9.288,+0.991
1651911780,+3.22, +1.475, +9.279,+0.990
1651911840,+3.22, +1.496, +9.281,+0.991
1651911900,+3.22, +1.475, +9.280,+0.990
1651911960,+3.22, +1.539, +9.259,+0.991
1651912020,+3.22, +1.475, +9.285,+0.990
1651912080,+3.22, +1.475, +9.287,+0.991
1651912140,+3.22, +1.486, +9.288,+0.991
1651912200,+3.22, +1.475, +9.289,+0.991
1651912260,+3.22, +1.464, +9.295,+0.991
1651912320,+3.22, +1.464, +9.289,+0.991
1651912380,+3.22, +1.496, +9.279,+0.991
1651912440,+3.22, +1.475, +9.288,+0.991
1651912500,+3.22, +1.475, +9.299,+0.991
1651912560,+3.22, +1.496, +9.284,+0.991
1651912620,+3.22, +1.486, +9.284,+0.991
1651912680,+3.22, +1.475, +9.286,+0.991
1651912740,+3.22, +1.475, +9.285,+0.991
1651912800,+3.22, +1.464, +9.280,+0.990
1651912860,+3.22, +1.486, +9.282,+0.991
1651912920,+3.22, +1.486, +9.295,+0.991
1651912980,+3.22, +1.507, +9.274,+0.991
1651913040,+3.22, +1.475, +9.288,+0.991
1651913100,+3.22, +1.486, +9.282,+0.991
1651913160,+3.22, +1.496, +9.270,+0.991
1651913220,+3.22, +1.475, +9.285,+0.991
1651913280,+3.22, +1.486, +9.291,+0.992
1651913340,+3.22, +1.454, +9.302,+0.991
1651913400,+3.22, +1.464, +9.288,+0.991
1651913460,+3.22, +1.475, +9.288,+0.991
1651913520,+3.22, +1.475, +9.275,+0.990
1651913580,+3.22, +1.486, +9.266,+0.990
1651913640,+3.22, +1.475, +9.282,+0.991
1651913700,+3.22, +1.486, +9.285,+0.991
1651913760,+3.22, +1.507, +9.256,+0.990
1651913820,+3.22, +1.454, +9.275,+0.990
1651913880,+3.22, +1.475, +9.281,+0.991
1651913940,+3.22, +1.486, +9.274,+0.991
1651914000,+3.22, +1.454, +9.288,+0.991
1651914060,+3.22, +1.486, +9.277,+0.991
1651914120,+3.22, +1.475, +9.276,+0.991
1651914180,+3.22, +1.475, +9.267,+0.991
1651914240,+3.22, +1.475, +9.287,+0.991
1651914300,+3.22, +1.454, +9.280,+0.991
1651914360,+3.22, +1.443, +9.271,+0.991
1651914420,+3.22, +1.432, +9.264,+0.990
1651914480,+3.22, +1.454, +9.268,+0.991
1651914540,+3.22, +1.432, +9.277,+0.991
1651914600,+3.22, +1.443, +9.299,+0.992
1651914660,+3.22, +1.432, +9.283,+0.991
1651914720,+3.22, +1.443, +9.295,+0.991
1651914780,+3.22, +1.464, +9.279,+0.991
1651914840,+3.22, +1.454, +9.284,+0.991
1651914900,+3.22, +1.454, +9.288,+0.991
1651914960,+3.22, +1.475, +9.273,+0.991
1651915020,+3.22, +1.464, +9.299,+0.992
1651915080,+3.22, +1.486, +9.275,+0.991
1651915140,+3.22, +1.454, +9.274,+0.990
1651915200,+3.22, +1.464, +9.266,+0.990
1651915260,+3.22, +1.475, +9.282,+0.991
1651915320,+3.22, +1.496, +9.264,+0.991
1651915380,+3.22, +1.464, +9.274,+0.990
1651915440,+3.22, +1.486, +9.263,+0.991
1651915500,+3.22, +1.454, +9.294,+0.991
1651915560,+3.22, +1.443, +9.294,+0.991
1651915620,+3.22, +1.486, +9.270,+0.991
1651915680,+3.22, +1.454, +9.281,+0.991
1651915740,+3.22, +1.464, +9.283,+0.991
1651915800,+3.22, +1.454, +9.286,+0.991
1651915860,+3.22, +1.454, +9.284,+0.991
1651915920,+3.22, +1.464, +9.286,+0.991
1651915980,+3.22, +1.486, +9.264,+0.991
1651916040,+3.22, +1.411, +9.291,+0.990
1651916100,+3.22, +1.486, +9.263,+0.991
1651916160,+3.22, +1.496, +9.265,+0.991
1651916220,+3.22, +1.496, +9.275,+0.991
1651916280,+3.22, +1.454, +9.268,+0.990
1651916340,+3.22, +1.464, +9.280,+0.991
1651916400,+3.22, +1.454, +9.280,+0.991
1651916460,+3.22, +1.421, +9.302,+0.991
1651916520,+3.22, +1.464, +9.271,+0.990
1651916580,+3.22, +1.486, +9.285,+0.992
1651916640,+3.22, +1.475, +9.279,+0.991
1651916700,+3.22, +1.464, +9.269,+0.990
1651916760,+3.22, +1.486, +9.259,+0.990
1651916820,+3.22, +1.486, +9.268,+0.991
1651916880,+3.22, +1.454, +9.287,+0.991
1651916940,+3.22, +1.496, +9.263,+0.991
1651917000,+3.22, +1.454, +9.288,+0.991
1651917060,+3.22, +1.454, +9.281,+0.991
1651917120,+3.22, +1.454, +9.291,+0.992
1651917180,+3.22, +1.454, +9.286,+0.991
1651917240,+3.22, +1.421, +9.296,+0.991
1651917300,+3.22, +1.486, +9.254,+0.990
1651917360,+3.22, +1.443, +9.285,+0.991
1651917420,+3.22, +1.432, +9.284,+0.991
1651917480,+3.22, +1.454, +9.297,+0.992
1651917540,+3.22, +1.443, +9.288,+0.991
1651917600,+3.22, +1.454, +9.284,+0.991
1651917660,+3.22, +1.475, +9.277,+0.991
1651917720,+3.22, +1.443, +9.279,+0.991
1651917780,+3.22, +1.454, +9.270,+0.991
1651917840,+3.22, +1.432, +9.280,+0.990
1651917900,+3.22, +1.400, +9.292,+0.991
1651917960,+3.22, +1.421, +9.285,+0.991
1651918020,+3.22, +1.421, +9.274,+0.990
1651918080,+3.22, +1.411, +9.292,+0.991
1651918140,+3.22, +1.378, +9.304,+0.991
1651918200,+3.22, +1.454, +9.280,+0.991
1651918260,+3.22, +1.411, +9.292,+0.991
1651918320,+3.22, +1.411, +9.291,+0.991
1651918380,+3.22, +1.400, +9.291,+0.991
1651918440,+3.22, +1.421, +9.280,+0.991
1651918500,+3.22, +1.421, +9.292,+0.991
1651918560,+3.22, +1.421, +9.290,+0.991
1651918620,+3.22, +1.432, +9.284,+0.991
1651918680,+3.22, +1.454, +9.262,+0.991
1651918740,+3.22, +1.432, +9.278,+0.991
1651918800,+3.22, +1.443, +9.287,+0.991
1651918860,+3.22, +1.454, +9.277,+0.991
1651918920,+3.22, +1.454, +9.277,+0.991
1651918980,+3.22, +1.421, +9.279,+0.991
1651919040,+3.22, +1.475, +9.268,+0.991
1651919100,+3.22, +1.389, +9.309,+0.991
1651919160,+3.22, +1.454, +9.278,+0.991
1651919220,+3.22, +1.443, +9.290,+0.991
1651919280,+3.22, +1.443, +9.288,+0.991
1651919340,+3.22, +1.454, +9.273,+0.991
1651919400,+3.22, +1.432, +9.278,+0.991
1651919460,+3.22, +1.454, +9.283,+0.991
1651919520,+3.22, +1.454, +9.266,+0.991
1651919580,+3.22, +1.432, +9.284,+0.991
1651919640,+3.22, +1.443, +9.282,+0.991
1651919700,+3.22, +1.443, +9.275,+0.991
1651919760,+3.22, +1.421, +9.295,+0.991
1651919820,+3.22, +1.421, +9.302,+0.992
1651919880,+3.22, +1.464, +9.277,+0.991
1651919940,+3.22, +1.464, +9.278,+0.991
1651920000,+3.22, +1.486, +9.256,+0.991
1651920060,+3.22, +1.443, +9.276,+0.991
1651920120,+3.22, +1.421, +9.281,+0.990
1651920180,+3.22, +1.443, +9.276,+0.991
1651920240,+3.22, +1.475, +9.264,+0.991
1651920300,+3.22, +1.454, +9.265,+0.991
1651920360,+3.22, +1.443, +9.275,+0.991
1651920420,+3.22, +1.475, +9.259,+0.990
1651920480,+3.22, +1.454, +9.275,+0.991
1651920540,+3.22, +1.443, +9.286,+0.991
1651920600,+3.22, +1.464, +9.272,+0.991
1651920660,+3.22, +1.443, +9.268,+0.990
1651920720,+3.22, +1.443, +9.270,+0.991
1651920780,+3.22, +1.421, +9.281,+0.990
1651920840,+3.22, +1.432, +9.275,+0.991
1651920900,+3.22, +1.454, +9.278,+0.991
1651920960,+3.22, +1.443, +9.269,+0.991
1651921020,+3.22, +1.443, +9.291,+0.992
1651921080,+3.22, +1.454, +9.263,+0.990
1651921140,+3.22, +1.443, +9.285,+0.991
1651921200,+3.22, +1.475, +9.279,+0.992
1651921260,+3.22, +1.454, +9.263,+0.990
1651921320,+3.22, +1.464, +9.259,+0.990
1651921380,+3.22, +1.400, +9.286,+0.991
1651921440,+3.22, +1.475, +9.269,+0.991
1651921500,+3.22, +1.464, +9.267,+0.991
1651921560,+3.22, +1.443, +9.276,+0.991
1651921620,+3.22, +1.454, +9.281,+0.991
1651921680,+3.22, +1.475, +9.263,+0.991
1651921740,+3.22, +1.464, +9.259,+0.991
1651921800,+3.22, +1.464, +9.261,+0.991
1651921860,+3.22, +1.421, +9.281,+0.991
1651921920,+3.22, +1.464, +9.272,+0.991
1651921980,+3.22, +1.475, +9.262,+0.991
1651922040,+3.22, +1.454, +9.268,+0.991
1651922100,+3.22, +1.454, +9.273,+0.991
1651922160,+3.22, +1.443, +9.275,+0.991
1651922220,+3.22, +1.454, +9.272,+0.991
1651922280,+3.22, +1.454, +9.269,+0.991
1651922340,+3.22, +1.443, +9.264,+0.990
1651922400,+3.22, +1.454, +9.276,+0.991
1651922460,+3.22, +1.454, +9.276,+0.991
1651922520,+3.22, +1.432, +9.276,+0.991
1651922580,+3.22, +1.475, +9.258,+0.990
1651922640,+3.22, +1.454, +9.270,+0.991
1651922700,+3.22, +1.443, +9.279,+0.991
1651922760,+3.22, +1.464, +9.269,+0.991
1651922820,+3.22, +1.464, +9.275,+0.991
1651922880,+3.22, +1.443, +9.281,+0.991
1651922940,+3.22, +1.400, +9.295,+0.991
1651923000,+3.22, +1.454, +9.274,+0.991
1651923060,+3.22, +1.464, +9.275,+0.991
1651923120,+3.22, +1.443, +9.278,+0.991
1651923180,+3.22, +1.443, +9.276,+0.991
1651923240,+3.22, +1.454, +9.271,+0.991
1651923300,+3.22, +1.421, +9.287,+0.991
1651923360,+3.22, +1.432, +9.286,+0.991
1651923420,+3.22, +1.496, +9.259,+0.991
1651923480,+3.22, +1.443, +9.279,+0.991
1651923540,+3.22, +1.454, +9.258,+0.990
1651923600,+3.22, +1.443, +9.272,+0.991
1651923660,+3.22, +1.454, +9.280,+0.991
1651923720,+3.22, +1.486, +9.256,+0.991
1651923780,+3.22, +1.464, +9.260,+0.991
1651923840,+3.22, +1.464, +9.259,+0.991
1651923900,+3.22, +1.443, +9.278,+0.991
1651923960,+3.22, +1.454, +9.266,+0.990
1651924020,+3.22, +1.464, +9.267,+0.991
1651924080,+3.22, +1.454, +9.265,+0.991
1651924140,+3.22, +1.443, +9.264,+0.990
1651924200,+3.22, +1.454, +9.263,+0.991
1651924260,+3.22, +1.454, +9.277,+0.991
1651924320,+3.22, +1.464, +9.265,+0.991
1651924380,+3.22, +1.443, +9.281,+0.991
1651924440,+3.22, +1.454, +9.270,+0.991
1651924500,+3.22, +1.454, +9.265,+0.991
1651924560,+3.22, +1.443, +9.274,+0.991
1651924620,+3.22, +1.443, +9.280,+0.991
1651924680,+3.22, +1.464, +9.260,+0.991
1651924740,+3.22, +1.475, +9.255,+0.991
1651924800,+3.22, +1.432, +9.280,+0.991
1651924860,+3.22, +1.443, +9.280,+0.991
1651924920,+3.22, +1.421, +9.269,+0.990
1651924980,+3.22, +1.432, +9.276,+0.991
1651925040,+3.22, +1.454, +9.272,+0.991
1651925100,+3.22, +1.454, +9.262,+0.990
1651925160,+3.22, +1.443, +9.268,+0.990
1651925220,+3.22, +1.454, +9.270,+0.991
1651925280,+3.22, +1.454, +9.260,+0.990
1651925340,+3.22, +1.475, +9.260,+0.991
1651925400,+3.22, +1.432, +9.291,+0.991
1651925460,+3.22, +1.432, +9.286,+0.991
1651925520,+3.22, +1.454, +9.262,+0.991
1651925580,+3.22, +1.443, +9.286,+0.991
1651925640,+3.22, +1.454, +9.281,+0.991
1651925700,+3.22, +1.443, +9.281,+0.992
1651925760,+3.22, +1.443, +9.276,+0.991
1651925820,+3.22, +1.421, +9.272,+0.990
1651925880,+3.22, +1.443, +9.270,+0.991
1651925940,+3.22, +1.464, +9.265,+0.991
1651926000,+3.22, +1.432, +9.271,+0.991
1651926060,+3.22, +1.454, +9.270,+0.991
1651926120,+3.22, +1.464, +9.263,+0.991
1651926180,+3.22, +1.454, +9.274,+0.991
1651926240,+3.22, +1.454, +9.261,+0.991
1651926300,+3.22, +1.486, +9.254,+0.991
1651926360,+3.22, +1.454, +9.270,+0.991
1651926420,+3.22, +1.443, +9.273,+0.991
1651926480,+3.22, +1.454, +9.283,+0.992
1651926540,+3.22, +1.454, +9.272,+0.991
1651926600,+3.22, +1.432, +9.282,+0.991
1651926660,+3.22, +1.464, +9.263,+0.991
1651926720,+3.22, +1.464, +9.262,+0.991
1651926780,+3.22, +1.464, +9.275,+0.991
1651926840,+3.22, +1.443, +9.285,+0.991
1651926900,+3.22, +1.454, +9.269,+0.991
1651926960,+3.22, +1.432, +9.278,+0.991
1651927020,+3.22, +1.443, +9.283,+0.991
1651927080,+3.22, +1.454, +9.264,+0.991
1651927140,+3.22, +1.443, +9.276,+0.991
1651927200,+3.22, +1.411, +9.294,+0.991
1651927260,+3.22, +1.443, +9.279,+0.991
1651927320,+3.22, +1.454, +9.271,+0.991
1651927380,+3.22, +1.454, +9.257,+0.990
1651927440,+3.22, +1.454, +9.262,+0.991
1651927500,+3.22, +1.475, +9.262,+0.991
1651927560,+3.22, +1.464, +9.275,+0.991
1651927620,+3.22, +1.454, +9.269,+0.991
1651927680,+3.22, +1.443, +9.266,+0.990
1651927740,+3.22, +1.454, +9.261,+0.991
1651927800,+3.22, +1.464, +9.253,+0.990
1651927860,+3.22, +1.443, +9.266,+0.991
1651927920,+3.22, +1.454, +9.262,+0.991
1651927980,+3.22, +1.475, +9.251,+0.990
1651928040,+3.22, +1.454, +9.275,+0.991
1651928100,+3.22, +1.443, +9.276,+0.991
1651928160,+3.22, +1.432, +9.272,+0.991
1651928220,+3.22, +1.454, +9.263,+0.991
1651928280,+3.22, +1.454, +9.261,+0.990
1651928340,+3.22, +1.454, +9.272,+0.991
1651928400,+3.22, +1.454, +9.260,+0.990
1651928460,+3.22, +1.475, +9.261,+0.991
1651928520,+3.22, +1.475, +9.264,+0.991
1651928580,+3.22, +1.475, +9.260,+0.991
1651928640,+3.22, +1.454, +9.261,+0.990
1651928700,+3.22, +1.454, +9.281,+0.991
1651928760,+3.22, +1.475, +9.263,+0.991
1651928820,+3.22, +1.464, +9.284,+0.992
1651928880,+3.22, +1.464, +9.270,+0.991
1651928940,+3.22, +1.475, +9.271,+0.991
1651929000,+3.22, +1.411, +9.290,+0.991
1651929060,+3.22, +1.475, +9.261,+0.991
1651929120,+3.22, +1.486, +9.268,+0.991
1651929180,+3.22, +1.507, +9.249,+0.991
1651929240,+3.22, +1.464, +9.269,+0.991
1651929300,+3.22, +1.475, +9.267,+0.991
1651929360,+3.22, +1.443, +9.289,+0.991
1651929420,+3.22, +1.486, +9.270,+0.991
1651929480,+3.22, +1.518, +9.258,+0.991
1651929540,+3.22, +1.486, +9.267,+0.991
1651929600,+3.22, +1.486, +9.268,+0.991
1651929660,+3.22, +1.475, +9.269,+0.991
1651929720,+3.22, +1.486, +9.262,+0.991
1651929780,+3.22, +1.475, +9.265,+0.991
1651929840,+3.22, +1.486, +9.275,+0.991
1651929900,+3.22, +1.475, +9.268,+0.991
1651929960,+3.22, +1.475, +9.274,+0.991
1651930020,+3.22, +1.486, +9.259,+0.990
1651930080,+3.22, +1.496, +9.261,+0.991
1651930140,+3.22, +1.507, +9.254,+0.991
1651930200,+3.22, +1.496, +9.261,+0.991
1651930260,+3.22, +1.507, +9.259,+0.991
1651930320,+3.22, +1.496, +9.265,+0.991
1651930380,+3.22, +1.496, +9.269,+0.991
1651930440,+3.22, +1.507, +9.267,+0.991
1651930500,+3.22, +1.529, +9.255,+0.991
1651930560,+3.22, +1.486, +9.275,+0.991
1651930620,+3.22, +1.507, +9.269,+0.991
1651930680,+3.22, +1.518, +9.270,+0.991
1651930740,+3.22, +1.496, +9.273,+0.991
1651930800,+3.22, +1.475, +9.270,+0.990
1651930860,+3.22, +1.507, +9.253,+0.990
1651930920,+3.22, +1.518, +9.261,+0.991
1651930980,+3.22, +1.529, +9.246,+0.990
1651931040,+3.22, +1.507, +9.253,+0.990
1651931100,+3.22, +1.507, +9.268,+0.991
1651931160,+3.22, +1.518, +9.263,+0.991
1651931220,+3.22, +1.518, +9.271,+0.991
1651931280,+3.22, +1.507, +9.263,+0.990
1651931340,+3.22, +1.529, +9.262,+0.991
1651931400,+3.22, +1.561, +9.250,+0.991
1651931460,+3.22, +1.507, +9.273,+0.991
1651931520,+3.22, +1.518, +9.274,+0.991
1651931580,+3.22, +1.529, +9.249,+0.990
1651931640,+3.22, +1.529, +9.266,+0.991
1651931700,+3.22, +1.529, +9.262,+0.991
1651931760,+3.22, +1.539, +9.257,+0.991
1651931820,+3.22, +1.518, +9.273,+0.991
1651931880,+3.22, +1.529, +9.255,+0.990
1651931940,+3.22, +1.529, +9.273,+0.992
1651932000,+3.22, +1.539, +9.249,+0.990
1651932060,+3.22, +1.529, +9.261,+0.991
1651932120,+3.22, +1.507, +9.275,+0.991
1651932180,+3.22, +1.529, +9.258,+0.991
1651932240,+3.22, +1.539, +9.243,+0.990
1651932300,+3.22, +1.518, +9.264,+0.991
1651932360,+3.22, +1.529, +9.257,+0.991
1651932420,+3.22, +1.539, +9.265,+0.991
1651932480,+3.22, +1.529, +9.246,+0.990
1651932540,+3.22, +1.529, +9.262,+0.991
1651932600,+3.22, +1.539, +9.271,+0.992
1651932660,+3.22, +1.496, +9.273,+0.991
1651932720,+3.22, +1.550, +9.262,+0.991
1651932780,+3.22, +1.550, +9.247,+0.991
1651932840,+3.22, +1.507, +9.267,+0.991
1651932900,+3.22, +1.561, +9.253,+0.991
1651932960,+3.22, +1.550, +9.256,+0.991
1651933020,+3.22, +1.539, +9.252,+0.991
1651933080,+3.22, +1.539, +9.255,+0.991
1651933140,+3.22, +1.550, +9.245,+0.991
1651933200,+3.22, +1.539, +9.256,+0.991
1651933260,+3.22, +1.561, +9.247,+0.991
1651933320,+3.22, +1.539, +9.265,+0.991
1651933380,+3.22, +1.571, +9.236,+0.991
1651933440,+3.22, +1.550, +9.253,+0.991
1651933500,+3.22, +1.561, +9.246,+0.991
1651933560,+3.22, +1.550, +9.251,+0.991
1651933620,+3.22, +1.561, +9.240,+0.991
1651933680,+3.22, +1.539, +9.248,+0.991
1651933740,+3.22, +1.539, +9.256,+0.991
1651933800,+3.22, +1.561, +9.239,+0.991
1651933860,+3.22, +1.550, +9.248,+0.991
1651933920,+3.22, +1.561, +9.245,+0.991
1651933980,+3.22, +1.550, +9.256,+0.991
1651934040,+3.22, +1.582, +9.227,+0.990
1651934100,+3.22, +1.571, +9.244,+0.991
1651934160,+3.22, +1.550, +9.238,+0.990
1651934220,+3.22, +1.550, +9.249,+0.991
1651934280,+3.22, +1.550, +9.240,+0.990
1651934340,+3.22, +1.582, +9.239,+0.991
1651934400,+3.22, +1.571, +9.244,+0.991
1651934460,+3.22, +1.518, +9.256,+0.990
1651934520,+3.22, +1.593, +9.232,+0.991
1651934580,+3.22, +1.550, +9.243,+0.991
1651934640,+3.22, +1.571, +9.240,+0.991
1651934700,+3.22, +1.561, +9.232,+0.990
1651934760,+3.22, +1.571, +9.235,+0.991
1651934820,+3.22, +1.561, +9.229,+0.990
1651934880,+3.22, +1.582, +9.243,+0.991
1651934940,+3.22, +1.561, +9.246,+0.991
1651935000,+3.22, +1.571, +9.257,+0.992
1651935060,+3.22, +1.571, +9.243,+0.991
1651935120,+3.22, +1.593, +9.236,+0.991
1651935180,+3.22, +1.582, +9.247,+0.991
1651935240,+3.22, +1.571, +9.239,+0.991
1651935300,+3.22, +1.604, +9.226,+0.991
1651935360,+3.22, +1.571, +9.239,+0.990
1651935420,+3.22, +1.571, +9.231,+0.990
1651935480,+3.22, +1.582, +9.240,+0.991
1651935540,+3.22, +1.593, +9.230,+0.991
1651935600,+3.22, +1.593, +9.235,+0.991
1651935660,+3.22, +1.582, +9.253,+0.991
1651935720,+3.22, +1.561, +9.242,+0.991
1651935780,+3.22, +1.582, +9.234,+0.991
1651935840,+3.22, +1.604, +9.231,+0.991
1651935900,+3.22, +1.593, +9.240,+0.991
1651935960,+3.22, +1.582, +9.238,+0.991
1651936020,+3.22, +1.604, +9.225,+0.991
1651936080,+3.22, +1.604, +9.223,+0.990
