7392-928226
OS REV: 1.11 Sensor Cal: 1496933196
Time (sec),  BV (Volts),  T (deg C),  DO (mg/l),  Q ()
1652195340,+3.20, +1.646, +9.276,+0.990
1652195400,+3.20, +1.646, +9.282,+0.991
1652195460,+3.20, +1.657, +9.288,+0.991
1652195520,+3.20, +1.593, +9.306,+0.991
1652195580,+3.20, +1.636, +9.300,+0.991
1652195640,+3.20, +1.678, +9.276,+0.991
1652195700,+3.20, +1.668, +9.277,+0.991
1652195760,+3.20, +1.668, +9.287,+0.991
1652195820,+3.20, +1.646, +9.294,+0.991
1652195880,+3.20, +1.668, +9.288,+0.991
1652195940,+3.20, +1.668, +9.279,+0.991
1652196000,+3.20, +1.689, +9.283,+0.991
1652196060,+3.20, +1.689, +9.268,+0.991
1652196120,+3.20, +1.668, +9.288,+0.991
1652196180,+3.20, +1.689, +9.274,+0.991
1652196240,+3.20, +1.668, +9.287,+0.991
1652196300,+3.20, +1.689, +9.281,+0.991
1652196360,+3.20, +1.689, +9.269,+0.990
1652196420,+3.20, +1.689, +9.286,+0.992
1652196480,+3.20, +1.668, +9.292,+0.991
1652196540,+3.20, +1.710, +9.269,+0.991
1652196600,+3.20, +1.689, +9.272,+0.991
1652196660,+3.20, +1.689, +9.282,+0.991
1652196720,+3.20, +1.710, +9.280,+0.991
1652196780,+3.20, +1.721, +9.269,+0.991
1652196840,+3.20, +1.700, +9.277,+0.991
1652196900,+3.20, +1.689, +9.278,+0.991
1652196960,+3.20, +1.678, +9.294,+0.991
1652197020,+3.20, +1.710, +9.273,+0.991
1652197080,+3.20, +1.732, +9.266,+0.991
1652197140,+3.20, +1.710, +9.282,+0.991
1652197200,+3.20, +1.721, +9.278,+0.991
1652197260,+3.20, +1.710, +9.268,+0.991
1652197320,+3.20, +1.721, +9.275,+0.991
1652197380,+3.20, +1.721, +9.270,+0.990
1652197440,+3.20, +1.710, +9.281,+0.991
1652197500,+3.20, +1.721, +9.273,+0.991
1652197560,+3.20, +1.721, +9.276,+0.991
1652197620,+3.20, +1.742, +9.274,+0.991
1652197680,+3.20, +1.710, +9.287,+0.991
1652197740,+3.20, +1.742, +9.273,+0.992
1652197800,+3.20, +1.753, +9.264,+0.991
1652197860,+3.20, +1.732, +9.261,+0.990
1652197920,+3.20, +1.742, +9.278,+0.991
1652197980,+3.20, +1.732, +9.274,+0.991
1652198040,+3.20, +1.753, +9.268,+0.991
1652198100,+3.20, +1.742, +9.274,+0.991
1652198160,+3.20, +1.774, +9.259,+0.991
1652198220,+3.20, +1.764, +9.260,+0.991
1652198280,+3.20, +1.742, +9.274,+0.991
1652198340,+3.20, +1.764, +9.250,+0.990
1652198400,+3.20, +1.742, +9.280,+0.991
1652198460,+3.20, +1.774, +9.258,+0.991
1652198520,+3.20, +1.764, +9.269,+0.991
1652198580,+3.20, +1.774, +9.270,+0.991
1652198640,+3.20, +1.753, +9.260,+0.991
1652198700,+3.20, +1.742, +9.273,+0.991
1652198760,+3.20, +1.774, +9.270,+0.991
1652198820,+3.20, +1.764, +9.267,+0.991
1652198880,+3.20, +1.785, +9.253,+0.991
1652198940,+3.20, +1.774, +9.260,+0.991
1652199000,+3.20, +1.753, +9.270,+0.991
1652199060,+3.20, +1.774, +9.262,+0.991
1652199120,+3.20, +1.774, +9.253,+0.991
1652199180,+3.20, +1.774, +9.263,+0.991
1652199240,+3.20, +1.774, +9.266,+0.991
1652199300,+3.20, +1.785, +9.269,+0.991
1652199360,+3.20, +1.796, +9.251,+0.991
1652199420,+3.20, +1.785, +9.261,+0.991
1652199480,+3.20, +1.817, +9.253,+0.991
1652199540,+3.20, +1.774, +9.271,+0.991
1652199600,+3.20, +1.817, +9.234,+0.990
1652199660,+3.20, +1.806, +9.252,+0.991
1652199720,+3.20, +1.817, +9.257,+0.991
1652199780,+3.20, +1.817, +9.250,+0.991
1652199840,+3.20, +1.806, +9.252,+0.991
1652199900,+3.20, +1.796, +9.257,+0.991
1652199960,+3.20, +1.828, +9.245,+0.991
1652200020,+3.20, +1.838, +9.248,+0.991
1652200080,+3.20, +1.838, +9.243,+0.991
1652200140,+3.20, +1.828, +9.256,+0.991
1652200200,+3.20, +1.838, +9.242,+0.991
1652200260,+3.20, +1.838, +9.246,+0.991
1652200320,+3.20, +1.828, +9.250,+0.991
1652200380,+3.20, +1.870, +9.234,+0.991
1652200440,+3.20, +1.838, +9.249,+0.991
1652200500,+3.20, +1.828, +9.241,+0.990
1652200560,+3.20, +1.870, +9.228,+0.991
1652200620,+3.20, +1.870, +9.243,+0.991
1652200680,+3.20, +1.849, +9.264,+0.992
1652200740,+3.20, +1.913, +9.221,+0.991
1652200800,+3.20, +1.891, +9.227,+0.991
1652200860,+3.20, +1.881, +9.224,+0.991
1652200920,+3.20, +1.902, +9.237,+0.992
1652200980,+3.20, +1.870, +9.250,+0.991
1652201040,+3.20, +1.881, +9.230,+0.990
1652201100,+3.20, +1.881, +9.237,+0.991
1652201160,+3.20, +1.913, +9.230,+0.991
1652201220,+3.20, +1.923, +9.220,+0.991
1652201280,+3.20, +1.860, +9.242,+0.991
1652201340,+3.20, +1.902, +9.238,+0.991
1652201400,+3.20, +1.913, +9.228,+0.991
1652201460,+3.20, +1.902, +9.228,+0.990
1652201520,+3.20, +1.891, +9.236,+0.991
1652201580,+3.20, +1.913, +9.232,+0.991
1652201640,+3.20, +1.923, +9.221,+0.991
1652201700,+3.20, +1.934, +9.227,+0.991
1652201760,+3.20, +1.934, +9.243,+0.992
1652201820,+3.20, +1.902, +9.233,+0.991
1652201880,+3.20, +1.945, +9.237,+0.991
1652201940,+3.20, +1.945, +9.219,+0.991
1652202000,+3.20, +1.923, +9.233,+0.991
1652202060,+3.20, +1.945, +9.223,+0.991
1652202120,+3.20, +1.955, +9.227,+0.991
1652202180,+3.20, +1.945, +9.228,+0.991
1652202240,+3.20, +1.966, +9.220,+0.991
1652202300,+3.20, +1.955, +9.239,+0.991
1652202360,+3.20, +1.945, +9.233,+0.991
1652202420,+3.20, +1.955, +9.232,+0.991
1652202480,+3.20, +1.976, +9.213,+0.991
1652202540,+3.20, +1.976, +9.222,+0.991
1652202600,+3.20, +1.966, +9.228,+0.991
1652202660,+3.20, +1.987, +9.218,+0.991
1652202720,+3.20, +1.987, +9.212,+0.991
1652202780,+3.20, +1.976, +9.205,+0.990
1652202840,+3.20, +1.966, +9.227,+0.991
1652202900,+3.20, +1.934, +9.236,+0.991
1652202960,+3.20, +1.987, +9.216,+0.991
1652203020,+3.20, +1.998, +9.220,+0.991
1652203080,+3.20, +2.029, +9.196,+0.991
1652203140,+3.20, +1.976, +9.218,+0.990
1652203200,+3.20, +1.998, +9.226,+0.992
1652203260,+3.20, +2.008, +9.210,+0.991
1652203320,+3.20, +1.998, +9.215,+0.991
1652203380,+3.20, +2.029, +9.208,+0.991
1652203440,+3.20, +2.029, +9.206,+0.991
1652203500,+3.20, +2.029, +9.212,+0.991
1652203560,+3.20, +2.029, +9.206,+0.991
1652203620,+3.20, +2.040, +9.205,+0.991
1652203680,+3.20, +2.029, +9.217,+0.991
1652203740,+3.20, +2.051, +9.201,+0.991
1652203800,+3.20, +2.082, +9.193,+0.991
1652203860,+3.20, +2.093, +9.192,+0.991
1652203920,+3.20, +2.072, +9.211,+0.992
1652203980,+3.20, +2.082, +9.182,+0.990
1652204040,+3.20, +2.072, +9.189,+0.990
1652204100,+3.20, +2.072, +9.205,+0.991
1652204160,+3.20, +2.061, +9.205,+0.991
1652204220,+3.20, +2.093, +9.179,+0.990
1652204280,+3.20, +2.104, +9.196,+0.991
1652204340,+3.20, +2.104, +9.196,+0.991
1652204400,+3.20, +2.146, +9.175,+0.991
1652204460,+3.20, +2.125, +9.181,+0.991
1652204520,+3.20, +2.135, +9.183,+0.991
1652204580,+3.20, +2.114, +9.186,+0.991
1652204640,+3.20, +2.093, +9.194,+0.991
1652204700,+3.20, +2.167, +9.168,+0.991
1652204760,+3.20, +2.146, +9.187,+0.991
1652204820,+3.20, +2.135, +9.198,+0.991
1652204880,+3.20, +2.157, +9.178,+0.991
1652204940,+3.20, +2.146, +9.164,+0.991
1652205000,+3.20, +2.135, +9.161,+0.991
1652205060,+3.20, +2.135, +9.179,+0.991
1652205120,+3.20, +2.093, +9.195,+0.991
1652205180,+3.20, +2.157, +9.180,+0.991
1652205240,+3.20, +2.188, +9.172,+0.991
1652205300,+3.20, +2.157, +9.192,+0.991
1652205360,+3.20, +2.199, +9.184,+0.992
1652205420,+3.20, +2.220, +9.176,+0.991
1652205480,+3.20, +2.230, +9.156,+0.991
1652205540,+3.20, +2.209, +9.163,+0.991
1652205600,+3.20, +2.230, +9.171,+0.991
1652205660,+3.20, +2.241, +9.169,+0.992
1652205720,+3.20, +2.230, +9.176,+0.991
1652205780,+3.20, +2.230, +9.165,+0.991
1652205840,+3.20, +2.220, +9.161,+0.991
1652205900,+3.20, +2.262, +9.139,+0.990
1652205960,+3.20, +2.252, +9.176,+0.992
1652206020,+3.20, +2.220, +9.172,+0.991
1652206080,+3.20, +2.252, +9.151,+0.991
1652206140,+3.20, +2.252, +9.162,+0.991
1652206200,+3.20, +2.283, +9.164,+0.991
1652206260,+3.20, +2.273, +9.164,+0.991
1652206320,+3.19, +2.304, +9.140,+0.990
1652206380,+3.20, +2.325, +9.162,+0.992
1652206440,+3.20, +2.346, +9.150,+0.991
1652206500,+3.20, +2.368, +9.148,+0.991
1652206560,+3.20, +2.357, +9.148,+0.992
1652206620,+3.20, +2.336, +9.152,+0.991
1652206680,+3.20, +2.368, +9.147,+0.991
1652206740,+3.20, +2.378, +9.149,+0.991
1652206800,+3.20, +2.399, +9.135,+0.991
1652206860,+3.20, +2.389, +9.124,+0.991
1652206920,+3.20, +2.431, +9.123,+0.991
1652206980,+3.20, +2.399, +9.131,+0.991
1652207040,+3.20, +2.420, +9.124,+0.991
1652207100,+3.20, +2.441, +9.123,+0.991
1652207160,+3.20, +2.441, +9.124,+0.991
1652207220,+3.20, +2.431, +9.131,+0.991
1652207280,+3.20, +2.441, +9.125,+0.991
1652207340,+3.20, +2.441, +9.126,+0.991
1652207400,+3.20, +2.462, +9.121,+0.991
1652207460,+3.20, +2.452, +9.133,+0.992
1652207520,+3.20, +2.452, +9.120,+0.991
1652207580,+3.20, +2.462, +9.120,+0.991
1652207640,+3.20, +2.462, +9.119,+0.991
1652207700,+3.20, +2.452, +9.126,+0.991
1652207760,+3.20, +2.473, +9.113,+0.991
1652207820,+3.20, +2.452, +9.113,+0.990
1652207880,+3.20, +2.483, +9.111,+0.991
1652207940,+3.20, +2.473, +9.108,+0.991
1652208000,+3.20, +2.483, +9.109,+0.991
1652208060,+3.20, +2.441, +9.123,+0.991
1652208120,+3.20, +2.441, +9.125,+0.991
1652208180,+3.20, +2.431, +9.128,+0.991
1652208240,+3.20, +2.441, +9.115,+0.991
1652208300,+3.20, +2.462, +9.123,+0.991
1652208360,+3.20, +2.431, +9.136,+0.991
1652208420,+3.20, +2.441, +9.121,+0.991
1652208480,+3.20, +2.473, +9.108,+0.990
1652208540,+3.20, +2.420, +9.148,+0.991
1652208600,+3.20, +2.368, +8.964,+0.990
1652208660,+3.20, +2.368, +9.121,+0.991
1652208720,+3.20, +2.368, +9.116,+0.990
1652208780,+3.20, +2.410, +9.125,+0.991
1652208840,+3.20, +2.441, +9.118,+0.991
1652208900,+3.20, +2.441, +9.130,+0.992
1652208960,+3.20, +2.462, +9.114,+0.991
1652209020,+3.20, +2.441, +9.118,+0.991
1652209080,+3.20, +2.452, +9.112,+0.991
1652209140,+3.20, +2.473, +9.121,+0.991
1652209200,+3.20, +2.462, +9.104,+0.990
1652209260,+3.20, +2.473, +9.109,+0.991
1652209320,+3.20, +2.462, +9.108,+0.991
1652209380,+3.20, +2.473, +9.101,+0.991
1652209440,+3.20, +2.441, +9.132,+0.991
1652209500,+3.20, +2.494, +9.107,+0.991
1652209560,+3.20, +2.494, +9.100,+0.991
1652209620,+3.20, +2.494, +9.122,+0.992
1652209680,+3.20, +2.504, +9.112,+0.991
1652209740,+3.20, +2.536, +9.100,+0.991
1652209800,+3.20, +2.525, +9.100,+0.991
1652209860,+3.20, +2.462, +9.122,+0.991
1652209920,+3.20, +2.473, +9.109,+0.990
1652209980,+3.20, +2.473, +9.120,+0.991
1652210040,+3.20, +2.420, +9.115,+0.990
1652210100,+3.20, +2.420, +9.124,+0.991
1652210160,+3.20, +2.346, +9.150,+0.991
1652210220,+3.20, +2.389, +9.137,+0.991
1652210280,+3.20, +2.399, +9.139,+0.991
1652210340,+3.20, +2.410, +9.127,+0.991
1652210400,+3.20, +2.420, +9.140,+0.992
1652210460,+3.20, +2.420, +9.126,+0.991
1652210520,+3.20, +2.452, +9.112,+0.991
1652210580,+3.20, +2.431, +9.125,+0.991
1652210640,+3.20, +2.452, +9.123,+0.991
1652210700,+3.20, +2.441, +9.128,+0.991
1652210760,+3.20, +2.483, +9.114,+0.991
1652210820,+3.20, +2.494, +9.118,+0.991
1652210880,+3.20, +2.494, +9.115,+0.991
1652210940,+3.20, +2.525, +9.092,+0.991
1652211000,+3.20, +2.494, +9.114,+0.991
1652211060,+3.20, +2.494, +9.117,+0.991
1652211120,+3.20, +2.483, +9.130,+0.991
1652211180,+3.20, +2.504, +9.110,+0.990
1652211240,+3.20, +2.494, +9.116,+0.991
1652211300,+3.20, +2.504, +9.111,+0.991
1652211360,+3.20, +2.536, +9.116,+0.991
1652211420,+3.20, +2.557, +9.099,+0.991
1652211480,+3.20, +2.536, +9.093,+0.990
1652211540,+3.20, +2.546, +9.110,+0.992
1652211600,+3.20, +2.578, +9.078,+0.991
1652211660,+3.20, +2.578, +9.092,+0.991
1652211720,+3.20, +2.546, +9.102,+0.991
1652211780,+3.20, +2.546, +9.105,+0.991
1652211840,+3.20, +2.557, +9.101,+0.991
1652211900,+3.20, +2.567, +9.098,+0.991
1652211960,+3.20, +2.557, +9.108,+0.991
1652212020,+3.20, +2.546, +9.104,+0.991
1652212080,+3.20, +2.546, +9.103,+0.991
1652212140,+3.20, +2.567, +9.091,+0.991
1652212200,+3.20, +2.546, +9.093,+0.990
1652212260,+3.20, +2.557, +9.110,+0.992
1652212320,+3.20, +2.536, +9.079,+0.991
1652212380,+3.20, +2.525, +9.087,+0.991
1652212440,+3.20, +2.515, +9.087,+0.990
1652212500,+3.20, +2.483, +9.110,+0.991
1652212560,+3.20, +2.420, +9.124,+0.991
1652212620,+3.20, +2.410, +9.121,+0.991
1652212680,+3.20, +2.389, +9.113,+0.990
1652212740,+3.19, +2.368, +9.136,+0.991
1652212800,+3.20, +2.389, +9.114,+0.991
1652212860,+3.20, +2.357, +9.135,+0.991
1652212920,+3.20, +2.389, +9.112,+0.990
1652212980,+3.20, +2.346, +9.136,+0.991
1652213040,+3.20, +2.357, +9.121,+0.990
1652213100,+3.20, +2.357, +9.121,+0.991
1652213160,+3.20, +2.357, +9.129,+0.991
1652213220,+3.20, +2.325, +9.150,+0.991
1652213280,+3.20, +2.389, +9.120,+0.991
1652213340,+3.20, +2.399, +9.128,+0.991
1652213400,+3.20, +2.399, +9.139,+0.991
1652213460,+3.20, +2.410, +9.123,+0.990
1652213520,+3.20, +2.431, +9.144,+0.991
1652213580,+3.20, +2.441, +9.132,+0.991
1652213640,+3.20, +2.473, +9.115,+0.990
1652213700,+3.20, +2.494, +9.120,+0.991
1652213760,+3.20, +2.504, +9.094,+0.991
1652213820,+3.20, +2.515, +9.097,+0.991
1652213880,+3.20, +2.504, +9.100,+0.991
1652213940,+3.20, +2.483, +9.082,+0.991
1652214000,+3.20, +2.399, +9.101,+0.990
1652214060,+3.20, +2.441, +9.094,+0.991
1652214120,+3.20, +2.441, +9.090,+0.991
1652214180,+3.20, +2.378, +9.101,+0.990
1652214240,+3.20, +2.399, +9.100,+0.990
1652214300,+3.20, +2.399, +9.111,+0.991
1652214360,+3.20, +2.389, +9.125,+0.991
1652214420,+3.20, +2.368, +9.138,+0.991
1652214480,+3.20, +2.389, +9.127,+0.990
1652214540,+3.20, +2.378, +9.150,+0.991
1652214600,+3.20, +2.389, +9.139,+0.991
1652214660,+3.20, +2.399, +9.123,+0.990
1652214720,+3.20, +2.346, +9.142,+0.990
1652214780,+3.20, +2.368, +9.144,+0.991
1652214840,+3.20, +2.315, +9.155,+0.991
1652214900,+3.20, +2.325, +9.142,+0.990
1652214960,+3.20, +2.336, +9.138,+0.990
1652215020,+3.20, +2.294, +9.151,+0.990
1652215080,+3.20, +2.304, +9.154,+0.990
1652215140,+3.20, +2.283, +9.154,+0.991
1652215200,+3.20, +2.294, +9.150,+0.991
1652215260,+3.20, +2.220, +9.164,+0.990
1652215320,+3.20, +2.188, +9.171,+0.990
1652215380,+3.20, +2.167, +9.176,+0.990
1652215440,+3.20, +2.146, +9.173,+0.990
1652215500,+3.20, +2.114, +9.181,+0.990
1652215560,+3.20, +2.104, +9.192,+0.990
1652215620,+3.20, +2.125, +9.180,+0.990
1652215680,+3.20, +2.135, +9.198,+0.991
1652215740,+3.20, +2.157, +9.178,+0.990
1652215800,+3.20, +2.157, +9.182,+0.990
1652215860,+3.20, +2.135, +9.204,+0.991
1652215920,+3.20, +2.209, +9.168,+0.990
1652215980,+3.20, +2.188, +9.163,+0.990
1652216040,+3.20, +2.188, +9.185,+0.991
1652216100,+3.20, +2.230, +9.158,+0.990
1652216160,+3.20, +2.230, +9.176,+0.991
1652216220,+3.20, +2.241, +9.178,+0.991
1652216280,+3.20, +2.273, +9.141,+0.990
1652216340,+3.20, +2.273, +9.153,+0.991
1652216400,+3.20, +2.230, +9.181,+0.991
1652216460,+3.20, +2.262, +9.159,+0.991
1652216520,+3.20, +2.252, +9.175,+0.991
1652216580,+3.20, +2.252, +9.165,+0.991
1652216640,+3.20, +2.230, +9.169,+0.990
1652216700,+3.20, +2.220, +9.179,+0.990
1652216760,+3.20, +2.262, +9.151,+0.990
1652216820,+3.20, +2.304, +9.156,+0.991
1652216880,+3.20, +2.294, +9.155,+0.991
1652216940,+3.20, +2.304, +9.143,+0.990
1652217000,+3.20, +2.325, +9.145,+0.991
1652217060,+3.20, +2.294, +9.152,+0.991
1652217120,+3.20, +2.294, +9.151,+0.991
1652217180,+3.20, +2.304, +9.149,+0.991
1652217240,+3.20, +2.304, +9.147,+0.991
1652217300,+3.20, +2.294, +9.141,+0.990
1652217360,+3.20, +2.262, +9.163,+0.991
1652217420,+3.20, +2.283, +9.158,+0.991
1652217480,+3.20, +2.241, +9.173,+0.991
1652217540,+3.20, +2.262, +9.168,+0.991
1652217600,+3.20, +2.262, +9.162,+0.991
1652217660,+3.20, +2.252, +9.161,+0.991
1652217720,+3.20, +2.241, +9.167,+0.991
1652217780,+3.20, +2.262, +9.161,+0.991
1652217840,+3.20, +2.230, +9.177,+0.991
1652217900,+3.20, +2.220, +9.172,+0.991
1652217960,+3.20, +2.209, +9.160,+0.991
1652218020,+3.20, +2.167, +9.171,+0.990
1652218080,+3.20, +2.135, +9.171,+0.990
1652218140,+3.20, +2.104, +9.196,+0.991
1652218200,+3.20, +2.061, +9.214,+0.991
1652218260,+3.20, +2.040, +9.215,+0.990
1652218320,+3.20, +2.082, +9.200,+0.991
1652218380,+3.20, +2.061, +9.206,+0.991
1652218440,+3.20, +2.072, +9.209,+0.991
1652218500,+3.20, +2.104, +9.196,+0.991
1652218560,+3.20, +2.082, +9.207,+0.991
1652218620,+3.20, +2.125, +9.179,+0.991
1652218680,+3.20, +2.114, +9.188,+0.991
1652218740,+3.20, +2.146, +9.169,+0.991
1652218800,+3.20, +2.135, +9.193,+0.991
1652218860,+3.19, +2.135, +9.186,+0.991
1652218920,+3.20, +2.135, +9.187,+0.991
1652218980,+3.20, +2.125, +9.183,+0.991
1652219040,+3.20, +2.104, +9.196,+0.991
1652219100,+3.20, +2.125, +9.189,+0.991
1652219160,+3.19, +2.125, +9.200,+0.991
1652219220,+3.20, +2.114, +9.194,+0.991
1652219280,+3.20, +2.114, +9.201,+0.991
1652219340,+3.20, +2.146, +9.188,+0.991
1652219400,+3.20, +2.146, +9.188,+0.991
1652219460,+3.20, +2.157, +9.178,+0.991
1652219520,+3.20, +2.167, +9.184,+0.991
1652219580,+3.20, +2.146, +9.180,+0.991
1652219640,+3.20, +2.167, +9.173,+0.991
1652219700,+3.20, +2.178, +9.171,+0.991
1652219760,+3.20, +2.167, +9.173,+0.991
1652219820,+3.20, +2.199, +9.170,+0.991
1652219880,+3.20, +2.188, +9.171,+0.991
1652219940,+3.20, +2.167, +9.176,+0.991
1652220000,+3.20, +2.167, +9.177,+0.991
1652220060,+3.20, +2.178, +9.173,+0.991
1652220120,+3.20, +2.188, +9.182,+0.991
1652220180,+3.20, +2.167, +9.177,+0.991
1652220240,+3.20, +2.167, +9.184,+0.991
1652220300,+3.20, +2.167, +9.170,+0.991
1652220360,+3.20, +2.199, +9.154,+0.991
1652220420,+3.20, +2.188, +9.168,+0.991
1652220480,+3.20, +2.188, +9.158,+0.990
1652220540,+3.20, +2.178, +9.174,+0.991
1652220600,+3.20, +2.157, +9.206,+0.992
1652220660,+3.20, +2.146, +9.189,+0.991
1652220720,+3.20, +2.178, +9.166,+0.991
1652220780,+3.20, +2.135, +9.191,+0.991
1652220840,+3.20, +2.146, +9.189,+0.991
1652220900,+3.20, +2.157, +9.198,+0.992
1652220960,+3.20, +2.146, +9.181,+0.991
1652221020,+3.20, +2.157, +9.170,+0.991
1652221080,+3.20, +2.125, +9.180,+0.991
1652221140,+3.20, +2.125, +9.190,+0.991
1652221200,+3.20, +2.061, +9.206,+0.991
1652221260,+3.20, +2.114, +9.195,+0.991
1652221320,+3.20, +2.125, +9.188,+0.991
1652221380,+3.20, +2.114, +9.187,+0.991
1652221440,+3.20, +2.093, +9.191,+0.991
1652221500,+3.20, +2.082, +9.199,+0.991
1652221560,+3.20, +2.104, +9.189,+0.991
1652221620,+3.20, +2.082, +9.193,+0.991
1652221680,+3.20, +2.061, +9.196,+0.991
1652221740,+3.20, +2.104, +9.191,+0.991
1652221800,+3.20, +2.072, +9.206,+0.991
1652221860,+3.20, +2.061, +9.196,+0.991
1652221920,+3.20, +2.072, +9.194,+0.991
1652221980,+3.20, +2.040, +9.219,+0.991
1652222040,+3.20, +2.051, +9.210,+0.991
1652222100,+3.20, +2.040, +9.194,+0.990
1652222160,+3.20, +2.019, +9.200,+0.991
1652222220,+3.20, +1.976, +9.186,+0.989
1652222280,+3.20, +1.934, +9.210,+0.990
1652222340,+3.20, +1.913, +9.230,+0.990
1652222400,+3.20, +1.923, +9.227,+0.990
1652222460,+3.20, +1.955, +9.223,+0.991
1652222520,+3.20, +1.966, +9.234,+0.991
1652222580,+3.20, +1.955, +9.231,+0.991
1652222640,+3.20, +1.976, +9.220,+0.991
1652222700,+3.20, +1.998, +9.212,+0.991
1652222760,+3.20, +2.008, +9.212,+0.991
1652222820,+3.20, +2.051, +9.198,+0.991
1652222880,+3.20, +1.998, +9.222,+0.991
1652222940,+3.20, +1.987, +9.219,+0.991
1652223000,+3.20, +1.955, +9.225,+0.990
1652223060,+3.20, +1.987, +9.221,+0.990
1652223120,+3.20, +2.008, +9.214,+0.991
1652223180,+3.20, +2.040, +9.198,+0.991
1652223240,+3.20, +1.976, +9.216,+0.990
1652223300,+3.20, +2.008, +9.205,+0.990
1652223360,+3.20, +2.008, +9.204,+0.991
1652223420,+3.20, +1.976, +9.224,+0.991
1652223480,+3.20, +1.976, +9.215,+0.990
1652223540,+3.20, +1.976, +9.220,+0.991
1652223600,+3.20, +1.966, +9.229,+0.991
1652223660,+3.20, +1.923, +9.235,+0.990
1652223720,+3.20, +1.945, +9.233,+0.991
1652223780,+3.20, +1.955, +9.228,+0.991
1652223840,+3.20, +1.966, +9.215,+0.991
1652223900,+3.20, +1.945, +9.235,+0.991
1652223960,+3.20, +1.934, +9.241,+0.991
1652224020,+3.20, +1.955, +9.219,+0.990
1652224080,+3.20, +1.955, +9.227,+0.991
1652224140,+3.20, +1.966, +9.226,+0.991
1652224200,+3.20, +1.923, +9.230,+0.991
1652224260,+3.20, +1.955, +9.231,+0.991
1652224320,+3.20, +1.945, +9.232,+0.991
1652224380,+3.20, +1.934, +9.241,+0.991
1652224440,+3.20, +1.934, +9.231,+0.991
1652224500,+3.20, +1.945, +9.218,+0.991
1652224560,+3.20, +1.955, +9.218,+0.991
1652224620,+3.20, +1.945, +9.237,+0.992
1652224680,+3.20, +1.913, +9.232,+0.991
1652224740,+3.20, +1.902, +9.233,+0.990
1652224800,+3.20, +1.934, +9.230,+0.991
1652224860,+3.20, +1.923, +9.231,+0.991
1652224920,+3.20, +1.902, +9.242,+0.991
1652224980,+3.20, +1.913, +9.233,+0.991
1652225040,+3.20, +1.913, +9.231,+0.991
1652225100,+3.20, +1.934, +9.237,+0.991
1652225160,+3.20, +1.902, +9.247,+0.991
1652225220,+3.20, +1.891, +9.254,+0.991
1652225280,+3.20, +1.902, +9.238,+0.991
1652225340,+3.20, +1.913, +9.232,+0.991
1652225400,+3.20, +1.902, +9.249,+0.991
1652225460,+3.20, +1.891, +9.239,+0.991
1652225520,+3.20, +1.891, +9.242,+0.991
1652225580,+3.20, +1.891, +9.236,+0.991
1652225640,+3.20, +1.838, +9.265,+0.991
1652225700,+3.20, +1.891, +9.245,+0.991
1652225760,+3.20, +1.860, +9.257,+0.991
1652225820,+3.20, +1.881, +9.249,+0.991
1652225880,+3.20, +1.891, +9.253,+0.991
1652225940,+3.20, +1.881, +9.244,+0.991
1652226000,+3.20, +1.891, +9.236,+0.991
1652226060,+3.20, +1.860, +9.251,+0.991
1652226120,+3.20, +1.870, +9.251,+0.991
1652226180,+3.20, +1.870, +9.243,+0.991
1652226240,+3.20, +1.860, +9.248,+0.991
1652226300,+3.20, +1.838, +9.259,+0.991
1652226360,+3.20, +1.870, +9.246,+0.991
1652226420,+3.20, +1.860, +9.253,+0.991
1652226480,+3.20, +1.849, +9.250,+0.991
1652226540,+3.20, +1.860, +9.244,+0.991
1652226600,+3.20, +1.817, +9.256,+0.991
1652226660,+3.20, +1.870, +9.238,+0.991
1652226720,+3.20, +1.849, +9.250,+0.991
1652226780,+3.20, +1.881, +9.238,+0.991
1652226840,+3.20, +1.817, +9.254,+0.990
1652226900,+3.20, +1.817, +9.257,+0.990
1652226960,+3.20, +1.828, +9.251,+0.990
1652227020,+3.20, +1.838, +9.247,+0.990
1652227080,+3.20, +1.817, +9.262,+0.991
1652227140,+3.20, +1.838, +9.257,+0.991
1652227200,+3.20, +1.817, +9.268,+0.991
1652227260,+3.20, +1.849, +9.245,+0.991
1652227320,+3.20, +1.828, +9.251,+0.990
1652227380,+3.20, +1.828, +9.253,+0.990
1652227440,+3.20, +1.806, +9.256,+0.990
1652227500,+3.20, +1.828, +9.252,+0.991
1652227560,+3.20, +1.796, +9.262,+0.991
1652227620,+3.20, +1.817, +9.255,+0.991
1652227680,+3.20, +1.817, +9.265,+0.991
1652227740,+3.20, +1.817, +9.266,+0.991
1652227800,+3.20, +1.796, +9.271,+0.991
1652227860,+3.20, +1.806, +9.266,+0.991
1652227920,+3.20, +1.774, +9.279,+0.991
1652227980,+3.20, +1.785, +9.277,+0.991
1652228040,+3.20, +1.785, +9.266,+0.990
1652228100,+3.20, +1.774, +9.270,+0.990
1652228160,+3.20, +1.796, +9.267,+0.991
1652228220,+3.20, +1.796, +9.272,+0.991
1652228280,+3.20, +1.796, +9.273,+0.991
1652228340,+3.20, +1.785, +9.272,+0.991
1652228400,+3.20, +1.806, +9.268,+0.991
1652228460,+3.20, +1.753, +9.279,+0.991
1652228520,+3.20, +1.785, +9.272,+0.991
1652228580,+3.20, +1.796, +9.267,+0.991
1652228640,+3.20, +1.785, +9.262,+0.990
1652228700,+3.20, +1.774, +9.280,+0.991
1652228760,+3.20, +1.764, +9.271,+0.991
1652228820,+3.20, +1.785, +9.265,+0.991
1652228880,+3.20, +1.774, +9.274,+0.991
1652228940,+3.20, +1.753, +9.285,+0.991
1652229000,+3.20, +1.742, +9.295,+0.991
1652229060,+3.20, +1.764, +9.266,+0.991
1652229120,+3.20, +1.764, +9.283,+0.991
1652229180,+3.20, +1.732, +9.297,+0.991
1652229240,+3.20, +1.742, +9.291,+0.991
1652229300,+3.20, +1.721, +9.287,+0.990
1652229360,+3.20, +1.764, +9.272,+0.991
1652229420,+3.20, +1.753, +9.279,+0.991
1652229480,+3.20, +1.732, +9.283,+0.991
1652229540,+3.20, +1.753, +9.264,+0.990
1652229600,+3.20, +1.753, +9.278,+0.991
1652229660,+3.20, +1.753, +9.274,+0.991
1652229720,+3.20, +1.753, +9.279,+0.991
1652229780,+3.20, +1.742, +9.284,+0.991
1652229840,+3.20, +1.732, +9.277,+0.991
1652229900,+3.20, +1.742, +9.286,+0.991
1652229960,+3.20, +1.678, +9.302,+0.991
1652230020,+3.20, +1.700, +9.283,+0.990
1652230080,+3.20, +1.710, +9.290,+0.991
1652230140,+3.20, +1.700, +9.295,+0.991
1652230200,+3.20, +1.689, +9.289,+0.991
1652230260,+3.20, +1.689, +9.287,+0.990
1652230320,+3.20, +1.689, +9.294,+0.991
1652230380,+3.20, +1.721, +9.284,+0.991
1652230440,+3.20, +1.689, +9.295,+0.991
1652230500,+3.20, +1.710, +9.298,+0.991
1652230560,+3.20, +1.689, +9.307,+0.992
1652230620,+3.20, +1.700, +9.301,+0.991
1652230680,+3.20, +1.721, +9.290,+0.991
1652230740,+3.20, +1.721, +9.291,+0.991
1652230800,+3.20, +1.742, +9.281,+0.991
1652230860,+3.20, +1.742, +9.288,+0.991
1652230920,+3.20, +1.700, +9.292,+0.990
1652230980,+3.20, +1.742, +9.278,+0.991
1652231040,+3.20, +1.721, +9.279,+0.990
1652231100,+3.20, +1.710, +9.291,+0.990
1652231160,+3.20, +1.700, +9.300,+0.991
1652231220,+3.20, +1.668, +9.307,+0.991
1652231280,+3.20, +1.678, +9.308,+0.991
1652231340,+3.20, +1.700, +9.305,+0.991
1652231400,+3.20, +1.710, +9.289,+0.991
1652231460,+3.20, +1.689, +9.293,+0.991
1652231520,+3.20, +1.678, +9.302,+0.991
1652231580,+3.20, +1.657, +9.303,+0.991
1652231640,+3.20, +1.689, +9.301,+0.991
1652231700,+3.20, +1.700, +9.300,+0.991
1652231760,+3.20, +1.689, +9.302,+0.991
1652231820,+3.20, +1.721, +9.289,+0.991
1652231880,+3.20, +1.689, +9.295,+0.991
1652231940,+3.20, +1.678, +9.299,+0.991
1652232000,+3.20, +1.721, +9.282,+0.991
1652232060,+3.20, +1.678, +9.299,+0.991
1652232120,+3.20, +1.689, +9.300,+0.991
1652232180,+3.20, +1.700, +9.290,+0.991
1652232240,+3.20, +1.700, +9.293,+0.991
1652232300,+3.20, +1.700, +9.298,+0.991
1652232360,+3.20, +1.678, +9.295,+0.991
1652232420,+3.20, +1.657, +9.306,+0.991
1652232480,+3.20, +1.689, +9.284,+0.991
1652232540,+3.20, +1.678, +9.282,+0.990
1652232600,+3.20, +1.700, +9.299,+0.991
1652232660,+3.20, +1.678, +9.304,+0.991
1652232720,+3.20, +1.700, +9.305,+0.992
1652232780,+3.20, +1.657, +9.306,+0.991
1652232840,+3.20, +1.678, +9.292,+0.991
1652232900,+3.20, +1.646, +9.312,+0.991
1652232960,+3.20, +1.657, +9.308,+0.991
1652233020,+3.20, +1.646, +9.309,+0.991
1652233080,+3.20, +1.657, +9.300,+0.991
1652233140,+3.20, +1.657, +9.305,+0.991
1652233200,+3.20, +1.636, +9.319,+0.991
1652233260,+3.20, +1.646, +9.308,+0.991
1652233320,+3.20, +1.646, +9.321,+0.991
1652233380,+3.20, +1.668, +9.300,+0.991
1652233440,+3.20, +1.636, +9.318,+0.991
1652233500,+3.20, +1.646, +9.301,+0.991
1652233560,+3.20, +1.657, +9.309,+0.991
1652233620,+3.20, +1.636, +9.317,+0.991
1652233680,+3.20, +1.646, +9.311,+0.991
1652233740,+3.20, +1.636, +9.320,+0.991
1652233800,+3.20, +1.636, +9.318,+0.991
1652233860,+3.20, +1.646, +9.301,+0.991
1652233920,+3.20, +1.646, +9.305,+0.991
1652233980,+3.20, +1.625, +9.314,+0.991
1652234040,+3.20, +1.657, +9.292,+0.990
1652234100,+3.20, +1.678, +9.307,+0.991
1652234160,+3.20, +1.636, +9.315,+0.991
1652234220,+3.20, +1.625, +9.322,+0.991
1652234280,+3.20, +1.657, +9.312,+0.992
1652234340,+3.20, +1.657, +9.310,+0.991
1652234400,+3.20, +1.604, +9.325,+0.991
1652234460,+3.20, +1.625, +9.299,+0.990
1652234520,+3.20, +1.625, +9.312,+0.991
1652234580,+3.20, +1.636, +9.317,+0.991
1652234640,+3.20, +1.636, +9.309,+0.991
1652234700,+3.20, +1.614, +9.328,+0.991
1652234760,+3.20, +1.625, +9.318,+0.991
1652234820,+3.20, +1.625, +9.321,+0.991
1652234880,+3.20, +1.625, +9.332,+0.991
1652234940,+3.20, +1.636, +9.313,+0.991
1652235000,+3.20, +1.636, +9.308,+0.991
1652235060,+3.20, +1.625, +9.310,+0.991
1652235120,+3.20, +1.636, +9.320,+0.991
1652235180,+3.20, +1.614, +9.334,+0.992
1652235240,+3.20, +1.657, +9.302,+0.991
1652235300,+3.20, +1.625, +9.328,+0.991
1652235360,+3.20, +1.625, +9.320,+0.991
1652235420,+3.20, +1.625, +9.313,+0.991
1652235480,+3.20, +1.625, +9.313,+0.991
1652235540,+3.20, +1.625, +9.317,+0.991
1652235600,+3.20, +1.614, +9.310,+0.990
1652235660,+3.20, +1.604, +9.323,+0.991
1652235720,+3.20, +1.636, +9.317,+0.991
1652235780,+3.20, +1.614, +9.328,+0.991
1652235840,+3.20, +1.604, +9.328,+0.991
1652235900,+3.20, +1.593, +9.332,+0.991
1652235960,+3.20, +1.614, +9.326,+0.991
1652236020,+3.20, +1.604, +9.332,+0.991
1652236080,+3.20, +1.614, +9.318,+0.991
1652236140,+3.20, +1.604, +9.327,+0.991
1652236200,+3.20, +1.593, +9.336,+0.991
1652236260,+3.20, +1.593, +9.340,+0.991
1652236320,+3.19, +1.614, +9.320,+0.991
1652236380,+3.20, +1.604, +9.330,+0.991
1652236440,+3.20, +1.604, +9.329,+0.991
1652236500,+3.20, +1.593, +9.331,+0.991
1652236560,+3.20, +1.582, +9.331,+0.991
1652236620,+3.20, +1.604, +9.323,+0.991
1652236680,+3.20, +1.604, +9.338,+0.992
1652236740,+3.20, +1.604, +9.328,+0.991
1652236800,+3.20, +1.582, +9.338,+0.991
1652236860,+3.20, +1.614, +9.321,+0.991
1652236920,+3.20, +1.582, +9.335,+0.991
1652236980,+3.20, +1.582, +9.336,+0.991
1652237040,+3.19, +1.582, +9.339,+0.991
1652237100,+3.19, +1.604, +9.325,+0.991
1652237160,+3.20, +1.593, +9.320,+0.990
1652237220,+3.20, +1.604, +9.324,+0.991
1652237280,+3.20, +1.593, +9.329,+0.991
1652237340,+3.20, +1.614, +9.314,+0.991
1652237400,+3.20, +1.582, +9.326,+0.991
1652237460,+3.20, +1.582, +9.333,+0.991
1652237520,+3.20, +1.571, +9.334,+0.991
1652237580,+3.20, +1.593, +9.316,+0.991
1652237640,+3.20, +1.593, +9.328,+0.991
1652237700,+3.20, +1.604, +9.320,+0.991
1652237760,+3.20, +1.571, +9.337,+0.991
1652237820,+3.20, +1.593, +9.325,+0.991
1652237880,+3.20, +1.561, +9.345,+0.991
1652237940,+3.20, +1.582, +9.340,+0.991
1652238000,+3.20, +1.582, +9.338,+0.991
1652238060,+3.20, +1.593, +9.326,+0.991
1652238120,+3.20, +1.571, +9.339,+0.991
1652238180,+3.20, +1.561, +9.343,+0.991
1652238240,+3.20, +1.571, +9.351,+0.991
1652238300,+3.20, +1.582, +9.313,+0.990
1652238360,+3.20, +1.593, +9.338,+0.991
1652238420,+3.20, +1.593, +9.330,+0.991
1652238480,+3.20, +1.593, +9.320,+0.991
1652238540,+3.20, +1.571, +9.346,+0.991
1652238600,+3.20, +1.582, +9.337,+0.991
1652238660,+3.20, +1.561, +9.338,+0.991
1652238720,+3.20, +1.604, +9.325,+0.991
1652238780,+3.20, +1.582, +9.331,+0.991
1652238840,+3.20, +1.593, +9.328,+0.991
1652238900,+3.20, +1.582, +9.339,+0.992
1652238960,+3.20, +1.593, +9.338,+0.991
1652239020,+3.20, +1.614, +9.320,+0.991
1652239080,+3.19, +1.571, +9.341,+0.991
1652239140,+3.20, +1.571, +9.337,+0.991
1652239200,+3.20, +1.604, +9.319,+0.991
1652239260,+3.20, +1.604, +9.325,+0.991
1652239320,+3.20, +1.582, +9.337,+0.991
1652239380,+3.20, +1.571, +9.335,+0.991
1652239440,+3.20, +1.571, +9.337,+0.991
1652239500,+3.20, +1.582, +9.322,+0.991
1652239560,+3.20, +1.582, +9.344,+0.991
1652239620,+3.20, +1.571, +9.344,+0.991
1652239680,+3.20, +1.582, +9.331,+0.991
1652239740,+3.20, +1.561, +9.345,+0.991
1652239800,+3.20, +1.550, +9.353,+0.991
1652239860,+3.20, +1.582, +9.317,+0.990
1652239920,+3.20, +1.582, +9.338,+0.991
1652239980,+3.20, +1.582, +9.338,+0.991
1652240040,+3.19, +1.561, +9.343,+0.991
1652240100,+3.20, +1.593, +9.327,+0.991
1652240160,+3.20, +1.550, +9.340,+0.991
1652240220,+3.20, +1.571, +9.330,+0.991
1652240280,+3.20, +1.550, +9.361,+0.992
1652240340,+3.20, +1.571, +9.339,+0.991
1652240400,+3.20, +1.561, +9.348,+0.991
1652240460,+3.20, +1.539, +9.341,+0.991
1652240520,+3.20, +1.561, +9.322,+0.990
1652240580,+3.20, +1.571, +9.334,+0.991
1652240640,+3.20, +1.561, +9.337,+0.991
1652240700,+3.20, +1.539, +9.335,+0.990
1652240760,+3.20, +1.539, +9.351,+0.991
1652240820,+3.20, +1.561, +9.351,+0.992
1652240880,+3.20, +1.582, +9.321,+0.991
1652240940,+3.20, +1.550, +9.349,+0.991
1652241000,+3.20, +1.582, +9.334,+0.991
1652241060,+3.20, +1.561, +9.345,+0.991
1652241120,+3.20, +1.582, +9.325,+0.991
1652241180,+3.20, +1.539, +9.354,+0.991
1652241240,+3.20, +1.550, +9.346,+0.991
1652241300,+3.20, +1.582, +9.319,+0.990
1652241360,+3.20, +1.550, +9.340,+0.991
1652241420,+3.20, +1.593, +9.334,+0.991
1652241480,+3.20, +1.571, +9.341,+0.991
1652241540,+3.20, +1.550, +9.346,+0.991
1652241600,+3.20, +1.539, +9.357,+0.991
1652241660,+3.20, +1.550, +9.342,+0.991
1652241720,+3.20, +1.571, +9.336,+0.991
1652241780,+3.20, +1.561, +9.328,+0.990
1652241840,+3.20, +1.614, +9.328,+0.991
1652241900,+3.20, +1.593, +9.329,+0.991
1652241960,+3.20, +1.561, +9.333,+0.991
1652242020,+3.20, +1.561, +9.338,+0.991
1652242080,+3.20, +1.550, +9.344,+0.991
1652242140,+3.20, +1.561, +9.349,+0.991
1652242200,+3.20, +1.571, +9.328,+0.990
1652242260,+3.20, +1.582, +9.325,+0.991
1652242320,+3.19, +1.529, +9.353,+0.991
1652242380,+3.20, +1.550, +9.342,+0.991
1652242440,+3.19, +1.571, +9.349,+0.992
1652242500,+3.20, +1.582, +9.342,+0.991
1652242560,+3.20, +1.561, +9.346,+0.991
1652242620,+3.20, +1.550, +9.344,+0.991
1652242680,+3.20, +1.550, +9.339,+0.991
1652242740,+3.20, +1.539, +9.350,+0.991
1652242800,+3.20, +1.550, +9.356,+0.991
1652242860,+3.20, +1.550, +9.334,+0.990
1652242920,+3.20, +1.561, +9.343,+0.991
1652242980,+3.20, +1.550, +9.345,+0.991
1652243040,+3.20, +1.571, +9.342,+0.991
1652243100,+3.20, +1.582, +9.328,+0.991
1652243160,+3.20, +1.561, +9.351,+0.992
1652243220,+3.20, +1.561, +9.348,+0.991
1652243280,+3.20, +1.550, +9.352,+0.991
1652243340,+3.20, +1.571, +9.334,+0.991
1652243400,+3.20, +1.561, +9.332,+0.991
1652243460,+3.20, +1.550, +9.341,+0.991
1652243520,+3.20, +1.539, +9.335,+0.990
1652243580,+3.20, +1.571, +9.349,+0.992
1652243640,+3.20, +1.539, +9.352,+0.991
1652243700,+3.20, +1.550, +9.345,+0.991
1652243760,+3.20, +1.550, +9.340,+0.991
1652243820,+3.19, +1.529, +9.354,+0.991
1652243880,+3.20, +1.518, +9.347,+0.991
1652243940,+3.20, +1.561, +9.331,+0.990
1652244000,+3.20, +1.518, +9.357,+0.991
1652244060,+3.20, +1.550, +9.335,+0.991
1652244120,+3.20, +1.561, +9.340,+0.991
1652244180,+3.20, +1.561, +9.329,+0.991
1652244240,+3.20, +1.518, +9.356,+0.991
1652244300,+3.20, +1.550, +9.329,+0.991
1652244360,+3.20, +1.496, +9.351,+0.991
1652244420,+3.20, +1.539, +9.328,+0.991
1652244480,+3.20, +1.539, +9.334,+0.991
1652244540,+3.20, +1.529, +9.335,+0.991
1652244600,+3.20, +1.518, +9.345,+0.991
1652244660,+3.20, +1.529, +9.343,+0.991
1652244720,+3.20, +1.561, +9.322,+0.991
1652244780,+3.20, +1.561, +9.337,+0.991
1652244840,+3.20, +1.518, +9.337,+0.990
1652244900,+3.19, +1.550, +9.343,+0.992
1652244960,+3.20, +1.539, +9.338,+0.991
1652245020,+3.20, +1.539, +9.338,+0.991
1652245080,+3.20, +1.550, +9.332,+0.991
1652245140,+3.20, +1.571, +9.333,+0.992
1652245200,+3.20, +1.550, +9.333,+0.991
1652245260,+3.20, +1.539, +9.338,+0.991
1652245320,+3.20, +1.518, +9.347,+0.991
1652245380,+3.20, +1.539, +9.335,+0.991
1652245440,+3.20, +1.561, +9.343,+0.992
1652245500,+3.20, +1.539, +9.343,+0.991
1652245560,+3.20, +1.550, +9.333,+0.991
1652245620,+3.19, +1.539, +9.331,+0.990
1652245680,+3.20, +1.550, +9.346,+0.991
1652245740,+3.19, +1.550, +9.345,+0.991
1652245800,+3.20, +1.539, +9.337,+0.991
1652245860,+3.20, +1.539, +9.335,+0.990
1652245920,+3.20, +1.529, +9.348,+0.991
1652245980,+3.20, +1.550, +9.334,+0.991
1652246040,+3.20, +1.518, +9.351,+0.991
1652246100,+3.20, +1.582, +9.325,+0.991
1652246160,+3.20, +1.539, +9.353,+0.991
1652246220,+3.20, +1.571, +9.326,+0.991
1652246280,+3.20, +1.518, +9.349,+0.991
1652246340,+3.19, +1.539, +9.351,+0.991
1652246400,+3.20, +1.550, +9.333,+0.991
1652246460,+3.20, +1.518, +9.355,+0.991
1652246520,+3.20, +1.550, +9.341,+0.991
1652246580,+3.20, +1.539, +9.347,+0.991
1652246640,+3.20, +1.550, +9.337,+0.991
1652246700,+3.19, +1.529, +9.350,+0.991
1652246760,+3.20, +1.539, +9.349,+0.991
1652246820,+3.20, +1.518, +9.355,+0.991
1652246880,+3.20, +1.518, +9.365,+0.991
1652246940,+3.20, +1.518, +9.349,+0.991
1652247000,+3.20, +1.529, +9.346,+0.991
1652247060,+3.20, +1.561, +9.324,+0.991
1652247120,+3.19, +1.550, +9.343,+0.991
1652247180,+3.20, +1.529, +9.350,+0.991
1652247240,+3.20, +1.539, +9.341,+0.991
1652247300,+3.20, +1.518, +9.348,+0.991
1652247360,+3.20, +1.550, +9.348,+0.991
1652247420,+3.20, +1.507, +9.365,+0.991
1652247480,+3.19, +1.539, +9.354,+0.992
1652247540,+3.20, +1.518, +9.347,+0.991
1652247600,+3.20, +1.561, +9.341,+0.991
1652247660,+3.20, +1.529, +9.353,+0.991
1652247720,+3.20, +1.529, +9.350,+0.991
1652247780,+3.20, +1.529, +9.362,+0.992
1652247840,+3.20, +1.561, +9.332,+0.991
1652247900,+3.20, +1.561, +9.338,+0.991
1652247960,+3.20, +1.529, +9.349,+0.991
1652248020,+3.20, +1.529, +9.348,+0.991
1652248080,+3.20, +1.550, +9.333,+0.990
1652248140,+3.20, +1.539, +9.354,+0.991
1652248200,+3.20, +1.507, +9.372,+0.992
1652248260,+3.19, +1.529, +9.349,+0.991
1652248320,+3.20, +1.539, +9.341,+0.990
1652248380,+3.19, +1.550, +9.345,+0.991
1652248440,+3.20, +1.529, +9.357,+0.991
1652248500,+3.20, +1.539, +9.341,+0.991
1652248560,+3.20, +1.539, +9.345,+0.991
1652248620,+3.20, +1.550, +9.353,+0.991
1652248680,+3.19, +1.518, +9.349,+0.991
1652248740,+3.20, +1.539, +9.344,+0.991
1652248800,+3.20, +1.507, +9.356,+0.991
1652248860,+3.20, +1.518, +9.358,+0.991
1652248920,+3.19, +1.518, +9.349,+0.991
1652248980,+3.19, +1.539, +9.343,+0.991
1652249040,+3.20, +1.539, +9.359,+0.991
1652249100,+3.20, +1.539, +9.349,+0.991
1652249160,+3.19, +1.550, +9.340,+0.991
1652249220,+3.20, +1.518, +9.352,+0.991
1652249280,+3.19, +1.550, +9.336,+0.991
1652249340,+3.19, +1.539, +9.361,+0.992
1652249400,+3.20, +1.529, +9.348,+0.991
1652249460,+3.20, +1.529, +9.357,+0.991
1652249520,+3.20, +1.518, +9.353,+0.991
1652249580,+3.20, +1.529, +9.355,+0.991
1652249640,+3.19, +1.518, +9.357,+0.991
1652249700,+3.20, +1.518, +9.355,+0.991
1652249760,+3.19, +1.539, +9.350,+0.991
1652249820,+3.20, +1.529, +9.344,+0.991
1652249880,+3.19, +1.518, +9.355,+0.991
1652249940,+3.20, +1.529, +9.352,+0.991
1652250000,+3.20, +1.529, +9.349,+0.991
1652250060,+3.20, +1.529, +9.339,+0.990
1652250120,+3.20, +1.518, +9.364,+0.992
1652250180,+3.20, +1.529, +9.344,+0.990
1652250240,+3.20, +1.529, +9.345,+0.991
1652250300,+3.19, +1.518, +9.347,+0.991
1652250360,+3.20, +1.507, +9.366,+0.991
1652250420,+3.20, +1.496, +9.366,+0.991
1652250480,+3.20, +1.518, +9.356,+0.991
1652250540,+3.19, +1.539, +9.342,+0.991
1652250600,+3.20, +1.529, +9.359,+0.991
1652250660,+3.20, +1.507, +9.365,+0.991
1652250720,+3.20, +1.539, +9.342,+0.991
1652250780,+3.19, +1.518, +9.345,+0.991
1652250840,+3.19, +1.518, +9.352,+0.991
1652250900,+3.19, +1.507, +9.354,+0.991
1652250960,+3.20, +1.529, +9.343,+0.991
1652251020,+3.20, +1.529, +9.349,+0.991
1652251080,+3.20, +1.464, +9.375,+0.991
1652251140,+3.20, +1.529, +9.344,+0.991
1652251200,+3.20, +1.496, +9.361,+0.991
1652251260,+3.19, +1.507, +9.341,+0.990
1652251320,+3.20, +1.507, +9.351,+0.991
1652251380,+3.20, +1.475, +9.363,+0.991
1652251440,+3.20, +1.486, +9.364,+0.991
1652251500,+3.20, +1.496, +9.358,+0.991
1652251560,+3.19, +1.529, +9.346,+0.991
1652251620,+3.20, +1.507, +9.341,+0.990
1652251680,+3.19, +1.496, +9.357,+0.991
1652251740,+3.20, +1.475, +9.354,+0.991
1652251800,+3.20, +1.464, +9.352,+0.990
1652251860,+3.20, +1.486, +9.359,+0.991
1652251920,+3.20, +1.486, +9.360,+0.991
1652251980,+3.20, +1.539, +9.334,+0.991
1652252040,+3.20, +1.518, +9.347,+0.991
1652252100,+3.20, +1.507, +9.362,+0.992
1652252160,+3.20, +1.486, +9.356,+0.991
1652252220,+3.20, +1.496, +9.348,+0.990
1652252280,+3.19, +1.443, +9.388,+0.992
1652252340,+3.20, +1.518, +9.330,+0.991
1652252400,+3.20, +1.496, +9.354,+0.991
1652252460,+3.20, +1.507, +9.354,+0.991
1652252520,+3.20, +1.518, +9.349,+0.991
1652252580,+3.20, +1.496, +9.352,+0.991
1652252640,+3.20, +1.464, +9.360,+0.990
1652252700,+3.20, +1.507, +9.347,+0.991
1652252760,+3.20, +1.518, +9.346,+0.991
1652252820,+3.20, +1.518, +9.345,+0.991
1652252880,+3.20, +1.496, +9.360,+0.991
1652252940,+3.20, +1.496, +9.351,+0.991
1652253000,+3.20, +1.529, +9.330,+0.990
1652253060,+3.20, +1.507, +9.346,+0.991
1652253120,+3.19, +1.496, +9.357,+0.991
1652253180,+3.20, +1.475, +9.362,+0.991
1652253240,+3.20, +1.496, +9.364,+0.991
1652253300,+3.20, +1.475, +9.362,+0.991
1652253360,+3.20, +1.486, +9.354,+0.991
1652253420,+3.19, +1.507, +9.360,+0.991
1652253480,+3.20, +1.507, +9.355,+0.991
1652253540,+3.20, +1.496, +9.353,+0.991
1652253600,+3.20, +1.529, +9.341,+0.991
1652253660,+3.20, +1.475, +9.352,+0.990
1652253720,+3.19, +1.486, +9.374,+0.991
1652253780,+3.20, +1.496, +9.348,+0.991
1652253840,+3.20, +1.507, +9.355,+0.991
1652253900,+3.20, +1.507, +9.347,+0.991
1652253960,+3.19, +1.496, +9.352,+0.991
1652254020,+3.20, +1.496, +9.357,+0.991
1652254080,+3.19, +1.518, +9.361,+0.991
1652254140,+3.20, +1.496, +9.358,+0.991
1652254200,+3.20, +1.518, +9.350,+0.991
1652254260,+3.20, +1.507, +9.349,+0.991
1652254320,+3.19, +1.496, +9.356,+0.991
1652254380,+3.20, +1.486, +9.373,+0.991
1652254440,+3.20, +1.507, +9.345,+0.991
1652254500,+3.20, +1.507, +9.365,+0.991
1652254560,+3.20, +1.486, +9.355,+0.990
1652254620,+3.20, +1.443, +9.386,+0.991
1652254680,+3.20, +1.486, +9.356,+0.991
1652254740,+3.20, +1.486, +9.348,+0.990
1652254800,+3.20, +1.486, +9.368,+0.991
1652254860,+3.19, +1.464, +9.365,+0.990
1652254920,+3.20, +1.486, +9.360,+0.991
1652254980,+3.20, +1.496, +9.369,+0.991
1652255040,+3.19, +1.464, +9.371,+0.991
1652255100,+3.20, +1.496, +9.359,+0.991
1652255160,+3.19, +1.496, +9.360,+0.991
1652255220,+3.19, +1.475, +9.364,+0.991
1652255280,+3.19, +1.475, +9.380,+0.991
1652255340,+3.20, +1.475, +9.353,+0.990
1652255400,+3.20, +1.486, +9.346,+0.990
1652255460,+3.20, +1.475, +9.365,+0.991
1652255520,+3.20, +1.486, +9.368,+0.991
1652255580,+3.20, +1.507, +9.363,+0.991
1652255640,+3.20, +1.507, +9.352,+0.991
1652255700,+3.19, +1.475, +9.358,+0.990
1652255760,+3.19, +1.507, +9.352,+0.991
1652255820,+3.19, +1.486, +9.350,+0.990
1652255880,+3.20, +1.475, +9.353,+0.990
1652255940,+3.20, +1.507, +9.342,+0.991
1652256000,+3.19, +1.507, +9.347,+0.991
1652256060,+3.20, +1.507, +9.342,+0.991
1652256120,+3.20, +1.507, +9.347,+0.991
1652256180,+3.20, +1.486, +9.362,+0.991
1652256240,+3.19, +1.486, +9.353,+0.991
1652256300,+3.19, +1.475, +9.360,+0.991
1652256360,+3.19, +1.464, +9.358,+0.991
1652256420,+3.19, +1.475, +9.374,+0.992
1652256480,+3.19, +1.486, +9.355,+0.991
1652256540,+3.20, +1.486, +9.364,+0.991
1652256600,+3.19, +1.496, +9.349,+0.991
1652256660,+3.20, +1.443, +9.369,+0.991
1652256720,+3.20, +1.454, +9.368,+0.991
1652256780,+3.19, +1.475, +9.369,+0.991
1652256840,+3.19, +1.486, +9.355,+0.991
1652256900,+3.19, +1.454, +9.377,+0.991
1652256960,+3.19, +1.496, +9.344,+0.991
1652257020,+3.19, +1.464, +9.374,+0.991
1652257080,+3.20, +1.496, +9.362,+0.991
1652257140,+3.19, +1.486, +9.350,+0.991
1652257200,+3.19, +1.475, +9.357,+0.990
1652257260,+3.19, +1.475, +9.355,+0.991
1652257320,+3.20, +1.486, +9.354,+0.991
1652257380,+3.20, +1.475, +9.357,+0.991
1652257440,+3.20, +1.475, +9.361,+0.991
1652257500,+3.19, +1.464, +9.366,+0.991
1652257560,+3.19, +1.529, +9.327,+0.990
1652257620,+3.19, +1.507, +9.339,+0.990
1652257680,+3.20, +1.454, +9.362,+0.991
1652257740,+3.20, +1.496, +9.352,+0.991
1652257800,+3.20, +1.464, +9.364,+0.991
1652257860,+3.20, +1.432, +9.380,+0.991
1652257920,+3.20, +1.486, +9.349,+0.991
1652257980,+3.19, +1.475, +9.350,+0.991
1652258040,+3.20, +1.486, +9.358,+0.991
1652258100,+3.19, +1.475, +9.356,+0.991
1652258160,+3.19, +1.496, +9.352,+0.991
1652258220,+3.19, +1.486, +9.350,+0.991
1652258280,+3.19, +1.496, +9.339,+0.990
1652258340,+3.19, +1.475, +9.360,+0.991
1652258400,+3.19, +1.464, +9.373,+0.992
1652258460,+3.19, +1.464, +9.371,+0.991
1652258520,+3.19, +1.464, +9.363,+0.991
1652258580,+3.19, +1.518, +9.341,+0.991
1652258640,+3.19, +1.475, +9.343,+0.990
1652258700,+3.20, +1.464, +9.358,+0.990
1652258760,+3.19, +1.475, +9.348,+0.991
1652258820,+3.20, +1.486, +9.360,+0.991
1652258880,+3.20, +1.518, +9.335,+0.991
1652258940,+3.19, +1.496, +9.352,+0.991
1652259000,+3.20, +1.464, +9.352,+0.991
1652259060,+3.19, +1.432, +9.372,+0.991
1652259120,+3.20, +1.432, +9.371,+0.991
1652259180,+3.19, +1.486, +9.350,+0.991
1652259240,+3.19, +1.486, +9.351,+0.991
1652259300,+3.20, +1.496, +9.343,+0.991
1652259360,+3.20, +1.507, +9.355,+0.991
1652259420,+3.19, +1.496, +9.346,+0.991
1652259480,+3.20, +1.486, +9.358,+0.991
1652259540,+3.19, +1.486, +9.353,+0.991
1652259600,+3.19, +1.454, +9.353,+0.990
1652259660,+3.19, +1.454, +9.372,+0.991
1652259720,+3.19, +1.464, +9.359,+0.991
1652259780,+3.20, +1.475, +9.365,+0.991
1652259840,+3.20, +1.475, +9.375,+0.992
1652259900,+3.19, +1.432, +9.373,+0.991
1652259960,+3.20, +1.486, +9.359,+0.991
1652260020,+3.19, +1.454, +9.361,+0.991
1652260080,+3.20, +1.475, +9.358,+0.991
1652260140,+3.19, +1.454, +9.359,+0.991
1652260200,+3.20, +1.432, +9.370,+0.991
1652260260,+3.20, +1.454, +9.370,+0.991
1652260320,+3.19, +1.464, +9.352,+0.990
1652260380,+3.19, +1.454, +9.353,+0.990
1652260440,+3.19, +1.475, +9.369,+0.991
1652260500,+3.20, +1.443, +9.365,+0.991
1652260560,+3.19, +1.496, +9.351,+0.991
1652260620,+3.19, +1.421, +9.369,+0.991
1652260680,+3.20, +1.432, +9.365,+0.991
1652260740,+3.19, +1.464, +9.371,+0.992
1652260800,+3.19, +1.464, +9.361,+0.991
1652260860,+3.19, +1.454, +9.376,+0.991
1652260920,+3.19, +1.432, +9.372,+0.991
1652260980,+3.19, +1.486, +9.358,+0.992
1652261040,+3.19, +1.443, +9.356,+0.990
1652261100,+3.19, +1.454, +9.358,+0.991
1652261160,+3.20, +1.454, +9.366,+0.991
1652261220,+3.19, +1.443, +9.371,+0.991
1652261280,+3.19, +1.475, +9.365,+0.991
1652261340,+3.19, +1.464, +9.348,+0.991
1652261400,+3.19, +1.454, +9.357,+0.991
1652261460,+3.19, +1.496, +9.351,+0.991
1652261520,+3.19, +1.507, +9.341,+0.991
1652261580,+3.19, +1.464, +9.357,+0.991
1652261640,+3.19, +1.464, +9.352,+0.991
1652261700,+3.19, +1.464, +9.364,+0.991
1652261760,+3.19, +1.475, +9.347,+0.991
1652261820,+3.19, +1.475, +9.342,+0.990
1652261880,+3.19, +1.454, +9.359,+0.991
1652261940,+3.19, +1.421, +9.373,+0.991
1652262000,+3.19, +1.475, +9.358,+0.991
1652262060,+3.19, +1.464, +9.357,+0.991
1652262120,+3.20, +1.475, +9.343,+0.991
1652262180,+3.19, +1.454, +9.364,+0.991
1652262240,+3.19, +1.454, +9.363,+0.991
1652262300,+3.19, +1.464, +9.350,+0.991
1652262360,+3.19, +1.454, +9.361,+0.991
1652262420,+3.19, +1.454, +9.364,+0.991
1652262480,+3.19, +1.454, +9.359,+0.991
1652262540,+3.19, +1.475, +9.353,+0.991
1652262600,+3.19, +1.475, +9.351,+0.991
1652262660,+3.19, +1.411, +9.373,+0.991
1652262720,+3.19, +1.432, +9.378,+0.991
1652262780,+3.19, +1.486, +9.353,+0.991
1652262840,+3.19, +1.475, +9.349,+0.991
1652262900,+3.20, +1.443, +9.367,+0.991
1652262960,+3.19, +1.454, +9.361,+0.991
1652263020,+3.19, +1.421, +9.380,+0.991
1652263080,+3.19, +1.389, +9.389,+0.991
1652263140,+3.19, +1.464, +9.355,+0.991
1652263200,+3.19, +1.475, +9.364,+0.992
1652263260,+3.19, +1.486, +9.354,+0.991
1652263320,+3.19, +1.464, +9.358,+0.991
1652263380,+3.19, +1.443, +9.368,+0.991
1652263440,+3.19, +1.443, +9.364,+0.991
1652263500,+3.19, +1.432, +9.378,+0.991
1652263560,+3.19, +1.432, +9.380,+0.992
1652263620,+3.19, +1.475, +9.356,+0.991
1652263680,+3.19, +1.443, +9.356,+0.990
1652263740,+3.19, +1.454, +9.348,+0.990
1652263800,+3.19, +1.454, +9.363,+0.991
1652263860,+3.19, +1.464, +9.362,+0.991
1652263920,+3.19, +1.464, +9.370,+0.991
1652263980,+3.20, +1.443, +9.377,+0.991
1652264040,+3.19, +1.443, +9.354,+0.990
1652264100,+3.19, +1.454, +9.365,+0.991
1652264160,+3.19, +1.464, +9.347,+0.990
1652264220,+3.19, +1.475, +9.352,+0.991
1652264280,+3.19, +1.464, +9.364,+0.991
1652264340,+3.19, +1.475, +9.348,+0.991
1652264400,+3.19, +1.464, +9.352,+0.990
1652264460,+3.19, +1.464, +9.379,+0.992
1652264520,+3.19, +1.432, +9.379,+0.991
1652264580,+3.19, +1.432, +9.372,+0.991
1652264640,+3.19, +1.464, +9.363,+0.991
1652264700,+3.19, +1.475, +9.349,+0.991
1652264760,+3.19, +1.496, +9.343,+0.991
1652264820,+3.19, +1.443, +9.372,+0.991
1652264880,+3.19, +1.475, +9.371,+0.992
1652264940,+3.19, +1.475, +9.364,+0.991
1652265000,+3.20, +1.464, +9.361,+0.991
1652265060,+3.19, +1.454, +9.376,+0.991
1652265120,+3.19, +1.475, +9.359,+0.991
1652265180,+3.19, +1.475, +9.363,+0.991
1652265240,+3.19, +1.464, +9.362,+0.991
1652265300,+3.19, +1.464, +9.365,+0.991
1652265360,+3.19, +1.464, +9.363,+0.991
1652265420,+3.19, +1.464, +9.361,+0.991
1652265480,+3.19, +1.454, +9.369,+0.991
1652265540,+3.19, +1.464, +9.366,+0.991
1652265600,+3.19, +1.454, +9.365,+0.991
1652265660,+3.19, +1.475, +9.343,+0.990
1652265720,+3.19, +1.464, +9.369,+0.991
1652265780,+3.19, +1.475, +9.359,+0.991
1652265840,+3.19, +1.411, +9.373,+0.991
1652265900,+3.19, +1.475, +9.350,+0.991
1652265960,+3.19, +1.464, +9.354,+0.991
1652266020,+3.20, +1.464, +9.372,+0.991
1652266080,+3.19, +1.507, +9.337,+0.990
1652266140,+3.19, +1.464, +9.366,+0.991
1652266200,+3.19, +1.486, +9.351,+0.991
1652266260,+3.20, +1.464, +9.355,+0.991
1652266320,+3.19, +1.486, +9.353,+0.991
1652266380,+3.19, +1.486, +9.352,+0.991
1652266440,+3.19, +1.464, +9.360,+0.991
1652266500,+3.19, +1.475, +9.365,+0.991
1652266560,+3.19, +1.443, +9.379,+0.991
1652266620,+3.20, +1.454, +9.388,+0.992
1652266680,+3.19, +1.464, +9.355,+0.991
1652266740,+3.19, +1.454, +9.359,+0.990
1652266800,+3.19, +1.464, +9.373,+0.991
1652266860,+3.20, +1.454, +9.360,+0.991
1652266920,+3.19, +1.464, +9.371,+0.991
1652266980,+3.19, +1.432, +9.390,+0.991
1652267040,+3.19, +1.421, +9.391,+0.991
1652267100,+3.19, +1.475, +9.360,+0.991
1652267160,+3.19, +1.464, +9.365,+0.991
1652267220,+3.19, +1.496, +9.354,+0.991
1652267280,+3.19, +1.464, +9.363,+0.991
1652267340,+3.19, +1.432, +9.387,+0.991
1652267400,+3.19, +1.486, +9.355,+0.991
1652267460,+3.19, +1.464, +9.379,+0.991
1652267520,+3.19, +1.464, +9.362,+0.991
1652267580,+3.19, +1.464, +9.361,+0.991
1652267640,+3.19, +1.432, +9.378,+0.991
1652267700,+3.19, +1.464, +9.366,+0.991
1652267760,+3.19, +1.464, +9.376,+0.991
1652267820,+3.19, +1.454, +9.381,+0.991
1652267880,+3.19, +1.507, +9.351,+0.991
1652267940,+3.19, +1.464, +9.368,+0.991
1652268000,+3.19, +1.443, +9.376,+0.991
1652268060,+3.19, +1.454, +9.361,+0.990
1652268120,+3.19, +1.454, +9.373,+0.991
1652268180,+3.19, +1.475, +9.350,+0.990
1652268240,+3.19, +1.475, +9.362,+0.991
1652268300,+3.19, +1.454, +9.370,+0.991
1652268360,+3.19, +1.475, +9.377,+0.992
1652268420,+3.19, +1.486, +9.364,+0.991
1652268480,+3.19, +1.475, +9.362,+0.991
1652268540,+3.19, +1.454, +9.372,+0.991
1652268600,+3.19, +1.454, +9.375,+0.991
1652268660,+3.19, +1.443, +9.368,+0.991
1652268720,+3.19, +1.454, +9.377,+0.991
1652268780,+3.19, +1.475, +9.363,+0.991
1652268840,+3.19, +1.464, +9.356,+0.991
1652268900,+3.19, +1.464, +9.361,+0.991
1652268960,+3.19, +1.496, +9.347,+0.991
1652269020,+3.20, +1.475, +9.351,+0.991
1652269080,+3.19, +1.454, +9.368,+0.991
1652269140,+3.19, +1.454, +9.372,+0.991
1652269200,+3.19, +1.464, +9.361,+0.991
1652269260,+3.19, +1.400, +9.381,+0.990
1652269320,+3.19, +1.454, +9.368,+0.991
1652269380,+3.20, +1.443, +9.377,+0.991
1652269440,+3.19, +1.464, +9.366,+0.991
1652269500,+3.19, +1.464, +9.367,+0.991
1652269560,+3.19, +1.475, +9.366,+0.991
1652269620,+3.19, +1.475, +9.357,+0.991
1652269680,+3.19, +1.454, +9.373,+0.991
1652269740,+3.19, +1.421, +9.381,+0.991
1652269800,+3.19, +1.486, +9.360,+0.991
1652269860,+3.19, +1.454, +9.362,+0.990
1652269920,+3.19, +1.454, +9.370,+0.991
1652269980,+3.19, +1.475, +9.368,+0.991
1652270040,+3.19, +1.454, +9.373,+0.991
1652270100,+3.19, +1.454, +9.367,+0.991
1652270160,+3.19, +1.443, +9.375,+0.991
1652270220,+3.19, +1.475, +9.360,+0.991
1652270280,+3.19, +1.421, +9.381,+0.991
1652270340,+3.19, +1.443, +9.371,+0.991
1652270400,+3.19, +1.475, +9.352,+0.991
1652270460,+3.19, +1.464, +9.363,+0.991
1652270520,+3.19, +1.443, +9.380,+0.991
1652270580,+3.19, +1.443, +9.366,+0.991
1652270640,+3.19, +1.421, +9.391,+0.991
1652270700,+3.19, +1.454, +9.369,+0.991
1652270760,+3.19, +1.411, +9.385,+0.991
1652270820,+3.19, +1.421, +9.371,+0.991
1652270880,+3.19, +1.421, +9.384,+0.991
1652270940,+3.19, +1.475, +9.362,+0.991
1652271000,+3.19, +1.464, +9.362,+0.991
1652271060,+3.19, +1.432, +9.378,+0.991
1652271120,+3.19, +1.454, +9.372,+0.991
1652271180,+3.19, +1.432, +9.381,+0.991
1652271240,+3.19, +1.454, +9.365,+0.991
1652271300,+3.19, +1.454, +9.370,+0.991
1652271360,+3.19, +1.454, +9.365,+0.990
1652271420,+3.19, +1.464, +9.365,+0.991
1652271480,+3.19, +1.411, +9.383,+0.991
1652271540,+3.19, +1.432, +9.372,+0.991
1652271600,+3.19, +1.432, +9.390,+0.991
1652271660,+3.19, +1.443, +9.373,+0.991
1652271720,+3.19, +1.443, +9.374,+0.991
1652271780,+3.19, +1.443, +9.373,+0.991
1652271840,+3.19, +1.464, +9.379,+0.992
1652271900,+3.20, +1.432, +9.374,+0.991
1652271960,+3.20, +1.454, +9.374,+0.991
1652272020,+3.19, +1.421, +9.369,+0.990
1652272080,+3.19, +1.411, +9.386,+0.991
1652272140,+3.19, +1.432, +9.376,+0.991
1652272200,+3.19, +1.486, +9.350,+0.991
1652272260,+3.19, +1.454, +9.363,+0.991
1652272320,+3.19, +1.432, +9.378,+0.991
1652272380,+3.19, +1.421, +9.382,+0.991
1652272440,+3.19, +1.443, +9.378,+0.991
1652272500,+3.19, +1.454, +9.370,+0.991
1652272560,+3.19, +1.421, +9.378,+0.991
1652272620,+3.19, +1.443, +9.366,+0.990
1652272680,+3.19, +1.475, +9.358,+0.991
1652272740,+3.19, +1.378, +9.402,+0.991
1652272800,+3.19, +1.421, +9.375,+0.990
1652272860,+3.19, +1.464, +9.357,+0.991
1652272920,+3.19, +1.443, +9.366,+0.991
1652272980,+3.19, +1.432, +9.376,+0.991
1652273040,+3.19, +1.443, +9.392,+0.992
1652273100,+3.19, +1.411, +9.389,+0.991
1652273160,+3.19, +1.411, +9.388,+0.991
1652273220,+3.19, +1.411, +9.377,+0.991
1652273280,+3.19, +1.421, +9.386,+0.991
1652273340,+3.19, +1.432, +9.371,+0.991
1652273400,+3.19, +1.421, +9.381,+0.991
1652273460,+3.19, +1.411, +9.385,+0.991
1652273520,+3.19, +1.421, +9.391,+0.991
1652273580,+3.19, +1.432, +9.391,+0.991
1652273640,+3.19, +1.421, +9.381,+0.991
1652273700,+3.19, +1.454, +9.366,+0.991
1652273760,+3.19, +1.432, +9.367,+0.991
1652273820,+3.19, +1.432, +9.378,+0.991
1652273880,+3.19, +1.400, +9.383,+0.991
1652273940,+3.19, +1.432, +9.359,+0.990
1652274000,+3.19, +1.454, +9.364,+0.991
1652274060,+3.19, +1.389, +9.399,+0.991
1652274120,+3.19, +1.432, +9.384,+0.991
1652274180,+3.19, +1.486, +9.345,+0.990
1652274240,+3.19, +1.443, +9.384,+0.991
1652274300,+3.19, +1.432, +9.369,+0.990
1652274360,+3.19, +1.432, +9.371,+0.991
1652274420,+3.19, +1.443, +9.374,+0.991
1652274480,+3.19, +1.464, +9.369,+0.991
1652274540,+3.19, +1.454, +9.361,+0.991
1652274600,+3.19, +1.443, +9.367,+0.990
1652274660,+3.19, +1.443, +9.386,+0.992
1652274720,+3.19, +1.443, +9.379,+0.991
1652274780,+3.19, +1.400, +9.387,+0.991
1652274840,+3.19, +1.443, +9.376,+0.991
1652274900,+3.19, +1.400, +9.383,+0.990
1652274960,+3.19, +1.432, +9.380,+0.991
1652275020,+3.19, +1.432, +9.372,+0.991
1652275080,+3.19, +1.454, +9.370,+0.991
1652275140,+3.19, +1.454, +9.365,+0.991
1652275200,+3.19, +1.454, +9.371,+0.991
1652275260,+3.19, +1.486, +9.362,+0.991
1652275320,+3.19, +1.421, +9.385,+0.991
1652275380,+3.19, +1.411, +9.385,+0.991
1652275440,+3.19, +1.454, +9.361,+0.991
1652275500,+3.19, +1.443, +9.368,+0.991
1652275560,+3.19, +1.443, +9.382,+0.991
1652275620,+3.19, +1.443, +9.383,+0.991
1652275680,+3.19, +1.454, +9.369,+0.991
1652275740,+3.19, +1.464, +9.365,+0.991
1652275800,+3.19, +1.464, +9.361,+0.991
1652275860,+3.19, +1.432, +9.372,+0.990
1652275920,+3.19, +1.454, +9.370,+0.991
1652275980,+3.19, +1.421, +9.382,+0.991
1652276040,+3.19, +1.475, +9.367,+0.991
1652276100,+3.19, +1.486, +9.359,+0.991
1652276160,+3.19, +1.486, +9.365,+0.991
1652276220,+3.19, +1.454, +9.380,+0.991
1652276280,+3.19, +1.496, +9.367,+0.991
1652276340,+3.19, +1.475, +9.360,+0.991
1652276400,+3.19, +1.486, +9.361,+0.991
1652276460,+3.19, +1.464, +9.362,+0.990
1652276520,+3.19, +1.475, +9.366,+0.991
1652276580,+3.19, +1.507, +9.345,+0.991
1652276640,+3.19, +1.496, +9.353,+0.991
1652276700,+3.19, +1.496, +9.355,+0.991
1652276760,+3.19, +1.432, +9.384,+0.991
1652276820,+3.19, +1.486, +9.360,+0.991
1652276880,+3.19, +1.486, +9.366,+0.991
1652276940,+3.19, +1.486, +9.369,+0.991
1652277000,+3.19, +1.486, +9.363,+0.991
1652277060,+3.19, +1.475, +9.364,+0.991
1652277120,+3.19, +1.518, +9.360,+0.991
1652277180,+3.19, +1.475, +9.375,+0.991
1652277240,+3.19, +1.486, +9.368,+0.991
1652277300,+3.19, +1.475, +9.357,+0.990
1652277360,+3.19, +1.475, +9.365,+0.990
1652277420,+3.19, +1.475, +9.369,+0.991
1652277480,+3.19, +1.496, +9.356,+0.991
1652277540,+3.19, +1.486, +9.372,+0.991
1652277600,+3.19, +1.496, +9.365,+0.991
1652277660,+3.19, +1.518, +9.346,+0.990
1652277720,+3.19, +1.496, +9.359,+0.991
1652277780,+3.19, +1.496, +9.373,+0.991
1652277840,+3.19, +1.486, +9.367,+0.991
1652277900,+3.19, +1.539, +9.352,+0.991
1652277960,+3.19, +1.518, +9.365,+0.991
1652278020,+3.19, +1.486, +9.361,+0.990
1652278080,+3.19, +1.518, +9.354,+0.991
1652278140,+3.19, +1.507, +9.351,+0.990
1652278200,+3.19, +1.486, +9.375,+0.991
1652278260,+3.19, +1.507, +9.370,+0.991
1652278320,+3.19, +1.529, +9.354,+0.991
1652278380,+3.19, +1.496, +9.361,+0.991
1652278440,+3.19, +1.518, +9.361,+0.991
1652278500,+3.19, +1.529, +9.357,+0.991
1652278560,+3.19, +1.486, +9.374,+0.991
1652278620,+3.19, +1.529, +9.353,+0.991
1652278680,+3.19, +1.529, +9.355,+0.991
1652278740,+3.19, +1.539, +9.353,+0.991
1652278800,+3.19, +1.507, +9.369,+0.991
1652278860,+3.19, +1.550, +9.347,+0.991
1652278920,+3.19, +1.518, +9.351,+0.991
1652278980,+3.19, +1.529, +9.354,+0.991
1652279040,+3.19, +1.529, +9.348,+0.991
1652279100,+3.19, +1.571, +9.327,+0.990
1652279160,+3.19, +1.529, +9.344,+0.990
1652279220,+3.19, +1.561, +9.345,+0.991
1652279280,+3.19, +1.518, +9.370,+0.991
1652279340,+3.19, +1.550, +9.344,+0.990
1652279400,+3.19, +1.496, +9.359,+0.990
1652279460,+3.19, +1.529, +9.343,+0.990
1652279520,+3.19, +1.561, +9.345,+0.991
1652279580,+3.19, +1.529, +9.334,+0.990
1652279640,+3.19, +1.539, +9.357,+0.991
1652279700,+3.19, +1.539, +9.362,+0.991
1652279760,+3.19, +1.550, +9.350,+0.991
1652279820,+3.19, +1.539, +9.337,+0.990
1652279880,+3.19, +1.593, +9.321,+0.990
1652279940,+3.19, +1.550, +9.349,+0.991
1652280000,+3.19, +1.561, +9.332,+0.990
1652280060,+3.19, +1.550, +9.335,+0.990
1652280120,+3.19, +1.561, +9.334,+0.990
1652280180,+3.19, +1.571, +9.346,+0.990
1652280240,+3.19, +1.593, +9.319,+0.990
1652280300,+3.19, +1.593, +9.340,+0.991
1652280360,+3.19, +1.614, +9.314,+0.990
1652280420,+3.19, +1.561, +9.344,+0.990
1652280480,+3.19, +1.593, +9.317,+0.989
1652280540,+3.19, +1.582, +9.336,+0.990
1652280600,+3.19, +1.593, +9.326,+0.990
1652280660,+3.19, +1.604, +9.335,+0.990
1652280720,+3.19, +1.571, +9.348,+0.990
1652280780,+3.19, +1.614, +9.347,+0.991
1652280840,+3.19, +1.571, +9.347,+0.990
1652280900,+3.19, +1.604, +9.326,+0.990
1652280960,+3.19, +1.625, +9.328,+0.990
1652281020,+3.19, +1.571, +9.348,+0.990
1652281080,+3.19, +1.614, +9.333,+0.990
1652281140,+3.19, +1.614, +9.331,+0.991
1652281200,+3.19, +1.614, +9.336,+0.991
1652281260,+3.19, +1.571, +9.349,+0.990
1652281320,+3.19, +1.625, +9.325,+0.990
1652281380,+3.19, +1.604, +9.340,+0.991
1652281440,+3.19, +1.614, +9.337,+0.991
1652281500,+3.19, +1.614, +9.336,+0.990
1652281560,+3.19, +1.625, +9.330,+0.991
1652281620,+3.19, +1.625, +9.325,+0.990
1652281680,+3.19, +1.636, +9.328,+0.991
