7392-928226
OS REV: 1.11 Sensor Cal: 1496933196
Time (sec),  BV (Volts),  T (deg C),  DO (mg/l),  Q ()
1651676940,+3.24, +1.120, +9.374,+0.991
1651677000,+3.24, +1.120, +9.377,+0.991
1651677060,+3.24, +1.098, +9.381,+0.991
1651677120,+3.24, +1.120, +9.373,+0.991
1651677180,+3.24, +1.098, +9.378,+0.990
1651677240,+3.24, +1.087, +9.382,+0.990
1651677300,+3.24, +1.109, +9.384,+0.991
1651677360,+3.24, +1.098, +9.389,+0.991
1651677420,+3.24, +1.120, +9.373,+0.991
1651677480,+3.24, +1.066, +9.389,+0.990
1651677540,+3.24, +1.131, +9.375,+0.991
1651677600,+3.24, +1.131, +9.370,+0.991
1651677660,+3.24, +1.120, +9.378,+0.991
1651677720,+3.24, +1.109, +9.378,+0.991
1651677780,+3.24, +1.120, +9.386,+0.991
1651677840,+3.24, +1.141, +9.375,+0.991
1651677900,+3.24, +1.109, +9.378,+0.991
1651677960,+3.24, +1.087, +9.392,+0.991
1651678020,+3.24, +1.131, +9.371,+0.991
1651678080,+3.24, +1.109, +9.375,+0.990
1651678140,+3.24, +1.109, +9.392,+0.991
1651678200,+3.24, +1.152, +9.363,+0.990
1651678260,+3.24, +1.152, +9.366,+0.991
1651678320,+3.24, +1.141, +9.378,+0.991
1651678380,+3.24, +1.141, +9.370,+0.991
1651678440,+3.24, +1.131, +9.381,+0.991
1651678500,+3.24, +1.141, +9.368,+0.991
1651678560,+3.24, +1.141, +9.376,+0.991
1651678620,+3.24, +1.120, +9.374,+0.990
1651678680,+3.24, +1.174, +9.345,+0.990
1651678740,+3.24, +1.141, +9.372,+0.991
1651678800,+3.24, +1.174, +9.361,+0.991
1651678860,+3.24, +1.174, +9.357,+0.991
1651678920,+3.24, +1.120, +9.389,+0.991
1651678980,+3.24, +1.152, +9.368,+0.991
1651679040,+3.24, +1.152, +9.363,+0.991
1651679100,+3.24, +1.098, +9.393,+0.991
1651679160,+3.24, +1.141, +9.367,+0.991
1651679220,+3.24, +1.141, +9.375,+0.991
1651679280,+3.24, +1.152, +9.362,+0.990
1651679340,+3.24, +1.141, +9.362,+0.990
1651679400,+3.24, +1.152, +9.360,+0.990
1651679460,+3.24, +1.141, +9.369,+0.991
1651679520,+3.24, +1.152, +9.382,+0.991
1651679580,+3.24, +1.163, +9.359,+0.990
1651679640,+3.24, +1.141, +9.380,+0.991
1651679700,+3.24, +1.141, +9.369,+0.990
1651679760,+3.24, +1.131, +9.382,+0.991
1651679820,+3.24, +1.185, +9.360,+0.991
1651679880,+3.24, +1.195, +9.365,+0.991
1651679940,+3.24, +1.163, +9.376,+0.991
1651680000,+3.24, +1.174, +9.354,+0.991
1651680060,+3.24, +1.163, +9.375,+0.991
1651680120,+3.24, +1.152, +9.376,+0.991
1651680180,+3.24, +1.152, +9.387,+0.991
1651680240,+3.24, +1.152, +9.375,+0.991
1651680300,+3.24, +1.152, +9.380,+0.991
1651680360,+3.24, +1.206, +9.356,+0.991
1651680420,+3.24, +1.206, +9.360,+0.991
1651680480,+3.24, +1.174, +9.360,+0.990
1651680540,+3.24, +1.195, +9.364,+0.991
1651680600,+3.24, +1.185, +9.360,+0.991
1651680660,+3.24, +1.152, +9.376,+0.991
1651680720,+3.24, +1.152, +9.376,+0.991
1651680780,+3.24, +1.174, +9.374,+0.991
1651680840,+3.24, +1.131, +9.376,+0.991
1651680900,+3.24, +1.152, +9.378,+0.991
1651680960,+3.24, +1.185, +9.351,+0.990
1651681020,+3.24, +1.174, +9.365,+0.991
1651681080,+3.24, +1.163, +9.373,+0.991
1651681140,+3.24, +1.185, +9.367,+0.991
1651681200,+3.24, +1.185, +9.372,+0.991
1651681260,+3.24, +1.152, +9.383,+0.991
1651681320,+3.24, +1.163, +9.387,+0.991
1651681380,+3.24, +1.152, +9.378,+0.991
1651681440,+3.24, +1.185, +9.368,+0.991
1651681500,+3.24, +1.185, +9.372,+0.991
1651681560,+3.24, +1.174, +9.370,+0.991
1651681620,+3.24, +1.185, +9.364,+0.991
1651681680,+3.24, +1.174, +9.387,+0.992
1651681740,+3.24, +1.174, +9.380,+0.991
1651681800,+3.24, +1.195, +9.355,+0.990
1651681860,+3.24, +1.206, +9.371,+0.991
1651681920,+3.24, +1.206, +9.364,+0.991
1651681980,+3.24, +1.206, +9.365,+0.991
1651682040,+3.24, +1.185, +9.366,+0.990
1651682100,+3.24, +1.195, +9.367,+0.991
1651682160,+3.24, +1.174, +9.374,+0.991
1651682220,+3.24, +1.163, +9.382,+0.991
1651682280,+3.24, +1.217, +9.362,+0.991
1651682340,+3.24, +1.217, +9.359,+0.991
1651682400,+3.24, +1.195, +9.361,+0.991
1651682460,+3.24, +1.195, +9.359,+0.990
1651682520,+3.24, +1.217, +9.363,+0.991
1651682580,+3.24, +1.195, +9.355,+0.990
1651682640,+3.24, +1.195, +9.371,+0.991
1651682700,+3.24, +1.228, +9.348,+0.990
1651682760,+3.24, +1.228, +9.353,+0.991
1651682820,+3.24, +1.217, +9.371,+0.991
1651682880,+3.24, +1.228, +9.348,+0.991
1651682940,+3.24, +1.228, +9.358,+0.991
1651683000,+3.24, +1.228, +9.374,+0.991
1651683060,+3.24, +1.238, +9.358,+0.990
1651683120,+3.24, +1.249, +9.366,+0.992
1651683180,+3.24, +1.228, +9.371,+0.991
1651683240,+3.24, +1.206, +9.369,+0.991
1651683300,+3.24, +1.206, +9.380,+0.991
1651683360,+3.24, +1.228, +9.373,+0.991
1651683420,+3.24, +1.238, +9.360,+0.991
1651683480,+3.24, +1.217, +9.367,+0.991
1651683540,+3.24, +1.217, +9.372,+0.991
1651683600,+3.24, +1.238, +9.360,+0.991
1651683660,+3.24, +1.238, +9.370,+0.991
1651683720,+3.24, +1.249, +9.363,+0.991
1651683780,+3.24, +1.217, +9.382,+0.991
1651683840,+3.24, +1.217, +9.368,+0.991
1651683900,+3.24, +1.260, +9.361,+0.991
1651683960,+3.24, +1.249, +9.361,+0.991
1651684020,+3.24, +1.260, +9.354,+0.991
1651684080,+3.24, +1.282, +9.359,+0.991
1651684140,+3.24, +1.228, +9.359,+0.990
1651684200,+3.24, +1.260, +9.356,+0.991
1651684260,+3.24, +1.260, +9.356,+0.991
1651684320,+3.24, +1.249, +9.365,+0.991
1651684380,+3.24, +1.238, +9.364,+0.991
1651684440,+3.24, +1.260, +9.353,+0.991
1651684500,+3.24, +1.271, +9.347,+0.991
1651684560,+3.24, +1.271, +9.349,+0.991
1651684620,+3.24, +1.238, +9.364,+0.991
1651684680,+3.24, +1.271, +9.347,+0.991
1651684740,+3.24, +1.217, +9.382,+0.991
1651684800,+3.24, +1.271, +9.347,+0.991
1651684860,+3.24, +1.238, +9.355,+0.991
1651684920,+3.24, +1.238, +9.353,+0.991
1651684980,+3.24, +1.260, +9.344,+0.990
1651685040,+3.24, +1.238, +9.369,+0.991
1651685100,+3.24, +1.206, +9.378,+0.991
1651685160,+3.24, +1.249, +9.342,+0.990
1651685220,+3.24, +1.249, +9.345,+0.991
1651685280,+3.24, +1.271, +9.347,+0.991
1651685340,+3.24, +1.217, +9.367,+0.991
1651685400,+3.24, +1.238, +9.349,+0.990
1651685460,+3.24, +1.292, +9.335,+0.991
1651685520,+3.24, +1.282, +9.341,+0.991
1651685580,+3.24, +1.249, +9.362,+0.991
1651685640,+3.24, +1.260, +9.344,+0.991
1651685700,+3.24, +1.249, +9.353,+0.991
1651685760,+3.24, +1.217, +9.362,+0.990
1651685820,+3.24, +1.260, +9.358,+0.991
1651685880,+3.24, +1.249, +9.350,+0.991
1651685940,+3.24, +1.249, +9.357,+0.991
1651686000,+3.24, +1.238, +9.352,+0.990
1651686060,+3.24, +1.292, +9.347,+0.991
1651686120,+3.24, +1.260, +9.348,+0.990
1651686180,+3.24, +1.303, +9.339,+0.991
1651686240,+3.24, +1.228, +9.366,+0.991
1651686300,+3.24, +1.238, +9.369,+0.991
1651686360,+3.24, +1.292, +9.337,+0.991
1651686420,+3.24, +1.249, +9.361,+0.991
1651686480,+3.24, +1.260, +9.363,+0.991
1651686540,+3.24, +1.271, +9.346,+0.991
1651686600,+3.24, +1.271, +9.340,+0.990
1651686660,+3.24, +1.249, +9.364,+0.991
1651686720,+3.24, +1.292, +9.349,+0.991
1651686780,+3.24, +1.271, +9.351,+0.991
1651686840,+3.24, +1.282, +9.352,+0.991
1651686900,+3.24, +1.282, +9.360,+0.991
1651686960,+3.24, +1.260, +9.362,+0.991
1651687020,+3.24, +1.292, +9.347,+0.991
1651687080,+3.24, +1.271, +9.348,+0.990
1651687140,+3.24, +1.292, +9.355,+0.991
1651687200,+3.24, +1.282, +9.340,+0.990
1651687260,+3.24, +1.303, +9.345,+0.991
1651687320,+3.24, +1.314, +9.333,+0.991
1651687380,+3.24, +1.292, +9.351,+0.991
1651687440,+3.24, +1.282, +9.340,+0.991
1651687500,+3.24, +1.282, +9.352,+0.991
1651687560,+3.24, +1.292, +9.334,+0.990
1651687620,+3.24, +1.303, +9.330,+0.991
1651687680,+3.24, +1.292, +9.345,+0.991
1651687740,+3.24, +1.271, +9.349,+0.991
1651687800,+3.24, +1.260, +9.348,+0.991
1651687860,+3.24, +1.271, +9.340,+0.990
1651687920,+3.24, +1.282, +9.347,+0.991
1651687980,+3.24, +1.314, +9.338,+0.991
1651688040,+3.24, +1.292, +9.346,+0.991
1651688100,+3.24, +1.260, +9.364,+0.991
1651688160,+3.24, +1.271, +9.355,+0.991
1651688220,+3.24, +1.282, +9.351,+0.991
1651688280,+3.24, +1.325, +9.335,+0.991
1651688340,+3.24, +1.292, +9.358,+0.991
1651688400,+3.24, +1.260, +9.359,+0.991
1651688460,+3.24, +1.292, +9.335,+0.990
1651688520,+3.24, +1.271, +9.359,+0.991
1651688580,+3.24, +1.282, +9.334,+0.990
1651688640,+3.24, +1.303, +9.338,+0.991
1651688700,+3.24, +1.325, +9.334,+0.991
1651688760,+3.24, +1.303, +9.340,+0.991
1651688820,+3.24, +1.314, +9.342,+0.991
1651688880,+3.24, +1.303, +9.338,+0.991
1651688940,+3.24, +1.282, +9.346,+0.991
1651689000,+3.24, +1.292, +9.350,+0.991
1651689060,+3.24, +1.282, +9.347,+0.991
1651689120,+3.24, +1.292, +9.347,+0.991
1651689180,+3.24, +1.303, +9.346,+0.991
1651689240,+3.24, +1.292, +9.346,+0.991
1651689300,+3.24, +1.282, +9.366,+0.991
1651689360,+3.24, +1.249, +9.356,+0.991
1651689420,+3.24, +1.314, +9.338,+0.991
1651689480,+3.24, +1.292, +9.340,+0.991
1651689540,+3.24, +1.292, +9.334,+0.990
1651689600,+3.24, +1.303, +9.337,+0.991
1651689660,+3.24, +1.303, +9.341,+0.991
1651689720,+3.24, +1.303, +9.341,+0.991
1651689780,+3.24, +1.292, +9.342,+0.991
1651689840,+3.24, +1.314, +9.339,+0.991
1651689900,+3.24, +1.314, +9.337,+0.991
1651689960,+3.24, +1.292, +9.344,+0.991
1651690020,+3.24, +1.314, +9.334,+0.991
1651690080,+3.24, +1.271, +9.348,+0.991
1651690140,+3.24, +1.249, +9.368,+0.991
1651690200,+3.24, +1.303, +9.347,+0.991
1651690260,+3.24, +1.292, +9.345,+0.991
1651690320,+3.24, +1.303, +9.342,+0.991
1651690380,+3.24, +1.314, +9.337,+0.991
1651690440,+3.24, +1.303, +9.349,+0.991
1651690500,+3.24, +1.335, +9.326,+0.991
1651690560,+3.24, +1.292, +9.365,+0.992
1651690620,+3.24, +1.314, +9.338,+0.991
1651690680,+3.24, +1.314, +9.332,+0.990
1651690740,+3.24, +1.303, +9.342,+0.991
1651690800,+3.24, +1.314, +9.347,+0.991
1651690860,+3.24, +1.314, +9.335,+0.990
1651690920,+3.24, +1.314, +9.333,+0.990
1651690980,+3.24, +1.314, +9.351,+0.991
1651691040,+3.24, +1.325, +9.336,+0.991
1651691100,+3.24, +1.303, +9.346,+0.991
1651691160,+3.24, +1.314, +9.339,+0.991
1651691220,+3.24, +1.368, +9.314,+0.991
1651691280,+3.24, +1.314, +9.339,+0.991
1651691340,+3.24, +1.314, +9.353,+0.991
1651691400,+3.24, +1.325, +9.342,+0.991
1651691460,+3.24, +1.335, +9.336,+0.991
1651691520,+3.24, +1.282, +9.352,+0.991
1651691580,+3.24, +1.335, +9.323,+0.990
1651691640,+3.24, +1.325, +9.334,+0.991
1651691700,+3.24, +1.325, +9.336,+0.991
1651691760,+3.24, +1.314, +9.352,+0.991
1651691820,+3.24, +1.314, +9.336,+0.990
1651691880,+3.24, +1.335, +9.334,+0.991
1651691940,+3.24, +1.303, +9.359,+0.991
1651692000,+3.24, +1.335, +9.331,+0.991
1651692060,+3.24, +1.335, +9.336,+0.991
1651692120,+3.24, +1.368, +9.324,+0.991
1651692180,+3.24, +1.314, +9.353,+0.991
1651692240,+3.24, +1.325, +9.346,+0.991
1651692300,+3.24, +1.325, +9.331,+0.990
1651692360,+3.24, +1.325, +9.355,+0.991
1651692420,+3.24, +1.335, +9.341,+0.991
1651692480,+3.24, +1.335, +9.344,+0.991
1651692540,+3.24, +1.325, +9.333,+0.991
1651692600,+3.24, +1.346, +9.328,+0.991
1651692660,+3.24, +1.335, +9.347,+0.991
1651692720,+3.24, +1.292, +9.362,+0.991
1651692780,+3.24, +1.335, +9.330,+0.990
1651692840,+3.24, +1.346, +9.338,+0.991
1651692900,+3.24, +1.335, +9.342,+0.991
1651692960,+3.24, +1.335, +9.329,+0.991
1651693020,+3.24, +1.325, +9.337,+0.991
1651693080,+3.24, +1.335, +9.334,+0.991
1651693140,+3.24, +1.357, +9.327,+0.991
1651693200,+3.24, +1.346, +9.327,+0.991
1651693260,+3.24, +1.357, +9.325,+0.991
1651693320,+3.24, +1.335, +9.346,+0.991
1651693380,+3.24, +1.346, +9.338,+0.991
1651693440,+3.24, +1.325, +9.343,+0.991
1651693500,+3.24, +1.357, +9.331,+0.991
1651693560,+3.24, +1.335, +9.337,+0.991
1651693620,+3.24, +1.346, +9.329,+0.991
1651693680,+3.24, +1.346, +9.330,+0.991
1651693740,+3.24, +1.346, +9.332,+0.991
1651693800,+3.24, +1.335, +9.332,+0.991
1651693860,+3.24, +1.335, +9.330,+0.991
1651693920,+3.24, +1.368, +9.332,+0.991
1651693980,+3.24, +1.357, +9.322,+0.991
1651694040,+3.24, +1.378, +9.335,+0.992
1651694100,+3.24, +1.357, +9.322,+0.991
1651694160,+3.24, +1.335, +9.336,+0.991
1651694220,+3.24, +1.325, +9.339,+0.991
1651694280,+3.24, +1.368, +9.324,+0.991
1651694340,+3.24, +1.335, +9.336,+0.991
1651694400,+3.24, +1.346, +9.340,+0.991
1651694460,+3.24, +1.368, +9.332,+0.991
1651694520,+3.24, +1.368, +9.329,+0.991
1651694580,+3.24, +1.346, +9.335,+0.991
1651694640,+3.24, +1.389, +9.316,+0.991
1651694700,+3.24, +1.346, +9.340,+0.991
1651694760,+3.24, +1.346, +9.343,+0.991
1651694820,+3.24, +1.357, +9.329,+0.991
1651694880,+3.24, +1.357, +9.345,+0.991
1651694940,+3.24, +1.378, +9.338,+0.991
1651695000,+3.24, +1.378, +9.339,+0.991
1651695060,+3.24, +1.378, +9.344,+0.991
1651695120,+3.24, +1.378, +9.342,+0.991
1651695180,+3.24, +1.368, +9.332,+0.991
1651695240,+3.24, +1.357, +9.337,+0.991
1651695300,+3.24, +1.346, +9.354,+0.991
1651695360,+3.24, +1.389, +9.332,+0.991
1651695420,+3.24, +1.357, +9.328,+0.990
1651695480,+3.24, +1.378, +9.339,+0.991
1651695540,+3.24, +1.400, +9.324,+0.991
1651695600,+3.24, +1.389, +9.331,+0.991
1651695660,+3.24, +1.389, +9.328,+0.991
1651695720,+3.24, +1.411, +9.326,+0.991
1651695780,+3.24, +1.389, +9.334,+0.991
1651695840,+3.24, +1.411, +9.326,+0.991
1651695900,+3.24, +1.400, +9.317,+0.991
1651695960,+3.24, +1.400, +9.316,+0.991
1651696020,+3.24, +1.378, +9.326,+0.991
1651696080,+3.24, +1.411, +9.316,+0.991
1651696140,+3.24, +1.378, +9.326,+0.991
1651696200,+3.24, +1.378, +9.336,+0.991
1651696260,+3.24, +1.378, +9.321,+0.991
1651696320,+3.24, +1.389, +9.313,+0.990
1651696380,+3.24, +1.400, +9.325,+0.991
1651696440,+3.24, +1.346, +9.342,+0.991
1651696500,+3.24, +1.389, +9.326,+0.991
1651696560,+3.24, +1.378, +9.331,+0.991
1651696620,+3.24, +1.421, +9.315,+0.991
1651696680,+3.24, +1.411, +9.315,+0.991
1651696740,+3.24, +1.421, +9.311,+0.991
1651696800,+3.24, +1.389, +9.337,+0.991
1651696860,+3.24, +1.357, +9.345,+0.991
1651696920,+3.24, +1.400, +9.322,+0.990
1651696980,+3.24, +1.411, +9.331,+0.991
1651697040,+3.24, +1.411, +9.316,+0.991
1651697100,+3.24, +1.389, +9.330,+0.991
1651697160,+3.24, +1.432, +9.306,+0.990
1651697220,+3.24, +1.389, +9.325,+0.991
1651697280,+3.24, +1.389, +9.319,+0.990
1651697340,+3.24, +1.411, +9.309,+0.990
1651697400,+3.24, +1.411, +9.333,+0.991
1651697460,+3.24, +1.432, +9.305,+0.991
1651697520,+3.24, +1.421, +9.311,+0.991
1651697580,+3.24, +1.400, +9.307,+0.990
1651697640,+3.24, +1.389, +9.322,+0.990
1651697700,+3.24, +1.389, +9.331,+0.991
1651697760,+3.24, +1.400, +9.313,+0.991
1651697820,+3.24, +1.357, +9.343,+0.991
1651697880,+3.24, +1.400, +9.316,+0.991
1651697940,+3.24, +1.389, +9.325,+0.991
1651698000,+3.24, +1.400, +9.321,+0.991
1651698060,+3.24, +1.400, +9.318,+0.991
1651698120,+3.24, +1.400, +9.329,+0.992
1651698180,+3.24, +1.400, +9.325,+0.991
1651698240,+3.24, +1.378, +9.321,+0.991
1651698300,+3.24, +1.389, +9.325,+0.991
1651698360,+3.24, +1.411, +9.314,+0.991
1651698420,+3.24, +1.378, +9.337,+0.991
1651698480,+3.24, +1.400, +9.321,+0.991
1651698540,+3.24, +1.411, +9.319,+0.991
1651698600,+3.24, +1.400, +9.318,+0.991
1651698660,+3.24, +1.389, +9.317,+0.990
1651698720,+3.24, +1.411, +9.321,+0.991
1651698780,+3.24, +1.411, +9.305,+0.990
1651698840,+3.24, +1.421, +9.309,+0.991
1651698900,+3.24, +1.421, +9.309,+0.991
1651698960,+3.24, +1.389, +9.322,+0.991
1651699020,+3.24, +1.389, +9.336,+0.991
1651699080,+3.24, +1.411, +9.307,+0.991
1651699140,+3.24, +1.400, +9.327,+0.991
1651699200,+3.24, +1.389, +9.330,+0.991
1651699260,+3.24, +1.400, +9.307,+0.990
1651699320,+3.24, +1.411, +9.318,+0.991
1651699380,+3.24, +1.411, +9.312,+0.991
1651699440,+3.24, +1.400, +9.324,+0.991
1651699500,+3.24, +1.411, +9.310,+0.991
1651699560,+3.24, +1.389, +9.320,+0.991
1651699620,+3.24, +1.421, +9.311,+0.991
1651699680,+3.24, +1.411, +9.313,+0.991
1651699740,+3.24, +1.411, +9.331,+0.992
1651699800,+3.24, +1.389, +9.332,+0.991
1651699860,+3.24, +1.368, +9.326,+0.991
1651699920,+3.24, +1.400, +9.317,+0.991
1651699980,+3.24, +1.411, +9.307,+0.991
1651700040,+3.24, +1.389, +9.330,+0.991
1651700100,+3.24, +1.389, +9.310,+0.990
1651700160,+3.24, +1.411, +9.316,+0.991
1651700220,+3.24, +1.421, +9.304,+0.991
1651700280,+3.24, +1.400, +9.321,+0.991
1651700340,+3.24, +1.400, +9.320,+0.991
1651700400,+3.24, +1.389, +9.325,+0.991
1651700460,+3.24, +1.432, +9.307,+0.991
1651700520,+3.24, +1.389, +9.327,+0.991
1651700580,+3.24, +1.411, +9.309,+0.990
1651700640,+3.24, +1.368, +9.335,+0.991
1651700700,+3.24, +1.400, +9.327,+0.991
1651700760,+3.24, +1.400, +9.319,+0.991
1651700820,+3.24, +1.378, +9.324,+0.990
1651700880,+3.24, +1.400, +9.314,+0.990
1651700940,+3.24, +1.411, +9.320,+0.991
1651701000,+3.24, +1.411, +9.311,+0.990
1651701060,+3.24, +1.411, +9.325,+0.991
1651701120,+3.24, +1.411, +9.318,+0.991
1651701180,+3.24, +1.411, +9.326,+0.991
1651701240,+3.24, +1.400, +9.337,+0.991
1651701300,+3.24, +1.443, +9.317,+0.991
1651701360,+3.24, +1.400, +9.327,+0.991
1651701420,+3.24, +1.411, +9.313,+0.990
1651701480,+3.24, +1.443, +9.298,+0.990
1651701540,+3.24, +1.421, +9.313,+0.991
1651701600,+3.24, +1.411, +9.318,+0.990
1651701660,+3.24, +1.421, +9.317,+0.991
1651701720,+3.24, +1.400, +9.326,+0.991
1651701780,+3.24, +1.389, +9.334,+0.991
1651701840,+3.24, +1.432, +9.314,+0.991
1651701900,+3.24, +1.432, +9.335,+0.992
1651701960,+3.24, +1.421, +9.327,+0.991
1651702020,+3.24, +1.411, +9.321,+0.990
1651702080,+3.24, +1.411, +9.331,+0.991
1651702140,+3.24, +1.421, +9.334,+0.991
1651702200,+3.24, +1.421, +9.330,+0.991
1651702260,+3.24, +1.421, +9.327,+0.991
1651702320,+3.24, +1.421, +9.307,+0.990
1651702380,+3.24, +1.411, +9.330,+0.991
1651702440,+3.24, +1.421, +9.317,+0.991
1651702500,+3.24, +1.421, +9.320,+0.991
1651702560,+3.24, +1.421, +9.328,+0.991
1651702620,+3.24, +1.411, +9.333,+0.991
1651702680,+3.24, +1.421, +9.315,+0.991
1651702740,+3.24, +1.389, +9.339,+0.991
1651702800,+3.24, +1.432, +9.327,+0.991
1651702860,+3.24, +1.432, +9.318,+0.991
1651702920,+3.24, +1.454, +9.306,+0.991
1651702980,+3.24, +1.443, +9.322,+0.991
1651703040,+3.24, +1.443, +9.307,+0.991
1651703100,+3.24, +1.411, +9.332,+0.991
1651703160,+3.24, +1.443, +9.318,+0.991
1651703220,+3.24, +1.421, +9.313,+0.991
1651703280,+3.24, +1.411, +9.328,+0.991
1651703340,+3.24, +1.421, +9.323,+0.991
1651703400,+3.24, +1.454, +9.321,+0.991
1651703460,+3.24, +1.454, +9.309,+0.991
1651703520,+3.24, +1.443, +9.315,+0.991
1651703580,+3.24, +1.421, +9.330,+0.991
1651703640,+3.24, +1.421, +9.327,+0.991
1651703700,+3.24, +1.454, +9.328,+0.992
1651703760,+3.24, +1.443, +9.328,+0.991
1651703820,+3.24, +1.454, +9.302,+0.990
1651703880,+3.24, +1.443, +9.323,+0.991
1651703940,+3.24, +1.454, +9.311,+0.991
1651704000,+3.24, +1.454, +9.321,+0.991
1651704060,+3.24, +1.443, +9.319,+0.991
1651704120,+3.24, +1.454, +9.325,+0.991
1651704180,+3.24, +1.454, +9.312,+0.991
1651704240,+3.24, +1.486, +9.290,+0.990
1651704300,+3.24, +1.443, +9.317,+0.991
1651704360,+3.24, +1.421, +9.332,+0.991
1651704420,+3.24, +1.443, +9.313,+0.991
1651704480,+3.24, +1.443, +9.309,+0.990
1651704540,+3.24, +1.486, +9.295,+0.991
1651704600,+3.24, +1.432, +9.315,+0.991
1651704660,+3.24, +1.443, +9.316,+0.991
1651704720,+3.24, +1.432, +9.321,+0.991
1651704780,+3.24, +1.421, +9.328,+0.991
1651704840,+3.24, +1.389, +9.332,+0.991
1651704900,+3.24, +1.454, +9.310,+0.991
1651704960,+3.24, +1.411, +9.320,+0.990
1651705020,+3.24, +1.475, +9.297,+0.991
1651705080,+3.24, +1.454, +9.314,+0.991
1651705140,+3.24, +1.432, +9.314,+0.991
1651705200,+3.24, +1.432, +9.325,+0.991
1651705260,+3.24, +1.432, +9.310,+0.991
1651705320,+3.24, +1.443, +9.310,+0.991
1651705380,+3.24, +1.443, +9.313,+0.991
1651705440,+3.24, +1.411, +9.313,+0.991
1651705500,+3.24, +1.411, +9.315,+0.991
1651705560,+3.24, +1.421, +9.298,+0.990
1651705620,+3.24, +1.454, +9.307,+0.991
1651705680,+3.24, +1.389, +9.331,+0.991
1651705740,+3.24, +1.432, +9.318,+0.991
1651705800,+3.24, +1.454, +9.288,+0.990
1651705860,+3.24, +1.443, +9.306,+0.991
1651705920,+3.24, +1.443, +9.298,+0.991
1651705980,+3.24, +1.464, +9.298,+0.991
1651706040,+3.24, +1.421, +9.308,+0.991
1651706100,+3.24, +1.411, +9.312,+0.991
1651706160,+3.24, +1.411, +9.320,+0.991
1651706220,+3.24, +1.400, +9.319,+0.991
1651706280,+3.24, +1.389, +9.314,+0.990
1651706340,+3.24, +1.432, +9.300,+0.991
1651706400,+3.24, +1.421, +9.313,+0.991
1651706460,+3.24, +1.443, +9.296,+0.991
1651706520,+3.24, +1.421, +9.312,+0.991
1651706580,+3.24, +1.421, +9.315,+0.991
1651706640,+3.24, +1.389, +9.326,+0.991
1651706700,+3.24, +1.421, +9.302,+0.990
1651706760,+3.24, +1.378, +9.322,+0.990
1651706820,+3.24, +1.421, +9.311,+0.991
1651706880,+3.24, +1.443, +9.287,+0.990
1651706940,+3.24, +1.421, +9.308,+0.991
1651707000,+3.24, +1.432, +9.305,+0.991
1651707060,+3.24, +1.411, +9.319,+0.991
1651707120,+3.24, +1.411, +9.319,+0.991
1651707180,+3.24, +1.389, +9.312,+0.990
1651707240,+3.24, +1.421, +9.299,+0.990
1651707300,+3.24, +1.432, +9.304,+0.991
1651707360,+3.24, +1.389, +9.313,+0.990
1651707420,+3.24, +1.400, +9.326,+0.991
1651707480,+3.24, +1.411, +9.328,+0.991
1651707540,+3.24, +1.411, +9.311,+0.990
1651707600,+3.24, +1.389, +9.316,+0.990
1651707660,+3.24, +1.411, +9.324,+0.991
1651707720,+3.24, +1.411, +9.316,+0.991
1651707780,+3.24, +1.464, +9.304,+0.991
1651707840,+3.24, +1.432, +9.302,+0.991
1651707900,+3.24, +1.421, +9.321,+0.991
1651707960,+3.24, +1.411, +9.324,+0.991
1651708020,+3.24, +1.411, +9.329,+0.991
1651708080,+3.24, +1.443, +9.294,+0.990
1651708140,+3.24, +1.411, +9.317,+0.991
1651708200,+3.24, +1.411, +9.325,+0.991
1651708260,+3.24, +1.411, +9.311,+0.991
1651708320,+3.24, +1.421, +9.313,+0.991
1651708380,+3.24, +1.432, +9.304,+0.991
1651708440,+3.24, +1.421, +9.317,+0.991
1651708500,+3.24, +1.421, +9.311,+0.991
1651708560,+3.24, +1.421, +9.318,+0.991
1651708620,+3.24, +1.421, +9.311,+0.991
1651708680,+3.24, +1.411, +9.303,+0.990
1651708740,+3.24, +1.443, +9.299,+0.991
1651708800,+3.24, +1.432, +9.301,+0.991
1651708860,+3.23, +1.432, +9.305,+0.991
1651708920,+3.24, +1.443, +9.306,+0.991
1651708980,+3.23, +1.432, +9.308,+0.991
1651709040,+3.24, +1.421, +9.312,+0.991
1651709100,+3.24, +1.389, +9.315,+0.990
1651709160,+3.24, +1.411, +9.314,+0.991
1651709220,+3.24, +1.432, +9.304,+0.991
1651709280,+3.24, +1.421, +9.308,+0.990
1651709340,+3.24, +1.421, +9.329,+0.992
1651709400,+3.24, +1.432, +9.320,+0.991
1651709460,+3.24, +1.411, +9.308,+0.990
1651709520,+3.24, +1.411, +9.305,+0.990
1651709580,+3.24, +1.389, +9.334,+0.991
1651709640,+3.24, +1.389, +9.331,+0.991
1651709700,+3.24, +1.400, +9.316,+0.991
1651709760,+3.24, +1.389, +9.336,+0.991
1651709820,+3.24, +1.400, +9.318,+0.991
1651709880,+3.24, +1.389, +9.314,+0.990
1651709940,+3.24, +1.400, +9.325,+0.991
1651710000,+3.24, +1.411, +9.320,+0.991
1651710060,+3.24, +1.378, +9.337,+0.991
1651710120,+3.24, +1.400, +9.319,+0.991
1651710180,+3.24, +1.411, +9.322,+0.991
1651710240,+3.24, +1.357, +9.341,+0.991
1651710300,+3.24, +1.389, +9.335,+0.991
1651710360,+3.24, +1.378, +9.335,+0.991
1651710420,+3.24, +1.400, +9.323,+0.991
1651710480,+3.24, +1.411, +9.313,+0.990
1651710540,+3.24, +1.400, +9.318,+0.991
1651710600,+3.24, +1.389, +9.331,+0.991
1651710660,+3.24, +1.421, +9.311,+0.991
1651710720,+3.24, +1.400, +9.320,+0.991
1651710780,+3.24, +1.400, +9.329,+0.991
1651710840,+3.24, +1.421, +9.314,+0.991
1651710900,+3.24, +1.368, +9.356,+0.991
1651710960,+3.24, +1.421, +9.315,+0.991
1651711020,+3.24, +1.411, +9.325,+0.991
1651711080,+3.24, +1.400, +9.322,+0.991
1651711140,+3.24, +1.421, +9.305,+0.990
1651711200,+3.24, +1.400, +9.316,+0.991
1651711260,+3.24, +1.411, +9.328,+0.991
1651711320,+3.24, +1.421, +9.319,+0.991
1651711380,+3.24, +1.421, +9.315,+0.991
1651711440,+3.24, +1.411, +9.308,+0.991
1651711500,+3.24, +1.432, +9.310,+0.991
1651711560,+3.24, +1.411, +9.316,+0.991
1651711620,+3.24, +1.411, +9.315,+0.991
1651711680,+3.24, +1.411, +9.310,+0.991
1651711740,+3.24, +1.389, +9.316,+0.990
1651711800,+3.24, +1.389, +9.314,+0.991
1651711860,+3.24, +1.389, +9.327,+0.991
1651711920,+3.24, +1.421, +9.310,+0.991
1651711980,+3.24, +1.411, +9.307,+0.991
1651712040,+3.24, +1.389, +9.320,+0.991
1651712100,+3.24, +1.389, +9.330,+0.991
1651712160,+3.24, +1.421, +9.307,+0.991
1651712220,+3.24, +1.421, +9.306,+0.991
1651712280,+3.24, +1.378, +9.318,+0.990
1651712340,+3.24, +1.411, +9.322,+0.991
1651712400,+3.24, +1.389, +9.325,+0.991
1651712460,+3.24, +1.421, +9.314,+0.991
1651712520,+3.24, +1.389, +9.311,+0.990
1651712580,+3.24, +1.421, +9.316,+0.991
1651712640,+3.24, +1.411, +9.306,+0.990
1651712700,+3.24, +1.389, +9.323,+0.991
1651712760,+3.24, +1.389, +9.325,+0.991
1651712820,+3.24, +1.389, +9.316,+0.991
1651712880,+3.24, +1.389, +9.318,+0.991
1651712940,+3.24, +1.346, +9.322,+0.991
1651713000,+3.24, +1.378, +9.313,+0.991
1651713060,+3.24, +1.378, +9.322,+0.991
1651713120,+3.24, +1.368, +9.326,+0.991
1651713180,+3.24, +1.378, +9.313,+0.990
1651713240,+3.24, +1.368, +9.324,+0.990
1651713300,+3.24, +1.389, +9.313,+0.991
1651713360,+3.24, +1.368, +9.330,+0.991
1651713420,+3.24, +1.400, +9.315,+0.991
1651713480,+3.24, +1.378, +9.319,+0.990
1651713540,+3.24, +1.368, +9.329,+0.991
1651713600,+3.24, +1.368, +9.330,+0.991
1651713660,+3.24, +1.389, +9.335,+0.991
1651713720,+3.24, +1.389, +9.322,+0.991
1651713780,+3.24, +1.389, +9.314,+0.991
1651713840,+3.24, +1.378, +9.332,+0.991
1651713900,+3.24, +1.400, +9.317,+0.991
1651713960,+3.24, +1.389, +9.323,+0.991
1651714020,+3.23, +1.368, +9.335,+0.991
1651714080,+3.24, +1.389, +9.321,+0.991
1651714140,+3.24, +1.389, +9.315,+0.991
1651714200,+3.24, +1.411, +9.317,+0.991
1651714260,+3.24, +1.389, +9.317,+0.991
1651714320,+3.24, +1.368, +9.335,+0.991
1651714380,+3.24, +1.389, +9.322,+0.991
1651714440,+3.24, +1.368, +9.336,+0.991
1651714500,+3.24, +1.346, +9.330,+0.990
1651714560,+3.24, +1.325, +9.360,+0.991
1651714620,+3.24, +1.389, +9.324,+0.991
1651714680,+3.24, +1.346, +9.333,+0.991
1651714740,+3.24, +1.368, +9.340,+0.991
1651714800,+3.24, +1.378, +9.327,+0.991
1651714860,+3.24, +1.389, +9.324,+0.991
1651714920,+3.24, +1.346, +9.335,+0.991
1651714980,+3.24, +1.411, +9.312,+0.991
1651715040,+3.24, +1.389, +9.317,+0.991
1651715100,+3.24, +1.357, +9.332,+0.991
1651715160,+3.24, +1.400, +9.318,+0.991
1651715220,+3.24, +1.389, +9.317,+0.991
1651715280,+3.24, +1.389, +9.325,+0.991
1651715340,+3.24, +1.389, +9.329,+0.991
1651715400,+3.24, +1.378, +9.330,+0.991
1651715460,+3.24, +1.335, +9.351,+0.991
1651715520,+3.24, +1.368, +9.329,+0.991
1651715580,+3.24, +1.400, +9.321,+0.991
1651715640,+3.24, +1.421, +9.318,+0.991
1651715700,+3.24, +1.378, +9.333,+0.991
1651715760,+3.24, +1.378, +9.312,+0.990
1651715820,+3.24, +1.368, +9.323,+0.991
1651715880,+3.24, +1.389, +9.317,+0.991
1651715940,+3.24, +1.400, +9.314,+0.991
1651716000,+3.24, +1.400, +9.314,+0.991
1651716060,+3.24, +1.389, +9.319,+0.991
1651716120,+3.24, +1.389, +9.303,+0.990
1651716180,+3.24, +1.389, +9.323,+0.991
1651716240,+3.24, +1.389, +9.322,+0.991
1651716300,+3.24, +1.368, +9.326,+0.991
1651716360,+3.24, +1.368, +9.319,+0.991
1651716420,+3.24, +1.389, +9.316,+0.991
1651716480,+3.23, +1.378, +9.313,+0.990
1651716540,+3.24, +1.368, +9.331,+0.991
1651716600,+3.24, +1.325, +9.341,+0.990
1651716660,+3.24, +1.389, +9.311,+0.991
1651716720,+3.24, +1.378, +9.323,+0.991
1651716780,+3.24, +1.368, +9.325,+0.991
1651716840,+3.24, +1.368, +9.315,+0.990
1651716900,+3.24, +1.389, +9.317,+0.991
1651716960,+3.24, +1.357, +9.335,+0.991
1651717020,+3.24, +1.346, +9.334,+0.991
1651717080,+3.24, +1.368, +9.324,+0.991
1651717140,+3.24, +1.400, +9.312,+0.991
1651717200,+3.24, +1.400, +9.309,+0.991
1651717260,+3.24, +1.400, +9.320,+0.991
1651717320,+3.24, +1.411, +9.320,+0.992
1651717380,+3.24, +1.368, +9.323,+0.991
1651717440,+3.24, +1.389, +9.316,+0.991
1651717500,+3.24, +1.378, +9.315,+0.990
1651717560,+3.24, +1.378, +9.324,+0.991
1651717620,+3.24, +1.368, +9.328,+0.991
1651717680,+3.24, +1.368, +9.316,+0.991
1651717740,+3.24, +1.378, +9.330,+0.991
1651717800,+3.24, +1.389, +9.311,+0.991
1651717860,+3.24, +1.400, +9.317,+0.991
1651717920,+3.24, +1.368, +9.331,+0.991
1651717980,+3.24, +1.378, +9.328,+0.991
1651718040,+3.24, +1.389, +9.309,+0.990
1651718100,+3.24, +1.368, +9.326,+0.991
1651718160,+3.24, +1.357, +9.343,+0.991
1651718220,+3.24, +1.389, +9.306,+0.991
1651718280,+3.24, +1.378, +9.324,+0.991
1651718340,+3.24, +1.378, +9.323,+0.991
1651718400,+3.24, +1.357, +9.325,+0.990
1651718460,+3.24, +1.400, +9.317,+0.991
1651718520,+3.24, +1.357, +9.340,+0.991
1651718580,+3.24, +1.346, +9.334,+0.991
1651718640,+3.24, +1.368, +9.310,+0.990
1651718700,+3.24, +1.357, +9.337,+0.991
1651718760,+3.24, +1.389, +9.302,+0.990
1651718820,+3.24, +1.335, +9.324,+0.990
1651718880,+3.24, +1.368, +9.315,+0.990
1651718940,+3.24, +1.357, +9.328,+0.991
1651719000,+3.24, +1.357, +9.332,+0.991
1651719060,+3.24, +1.357, +9.329,+0.991
1651719120,+3.24, +1.389, +9.311,+0.991
1651719180,+3.24, +1.368, +9.324,+0.991
1651719240,+3.24, +1.357, +9.337,+0.991
1651719300,+3.24, +1.368, +9.324,+0.991
1651719360,+3.24, +1.368, +9.325,+0.990
1651719420,+3.23, +1.368, +9.330,+0.991
1651719480,+3.24, +1.378, +9.313,+0.991
1651719540,+3.24, +1.378, +9.322,+0.991
1651719600,+3.24, +1.389, +9.311,+0.991
1651719660,+3.24, +1.368, +9.327,+0.991
1651719720,+3.24, +1.389, +9.310,+0.991
1651719780,+3.24, +1.389, +9.322,+0.991
1651719840,+3.24, +1.357, +9.327,+0.991
1651719900,+3.24, +1.368, +9.331,+0.991
1651719960,+3.24, +1.368, +9.316,+0.991
1651720020,+3.24, +1.368, +9.331,+0.991
1651720080,+3.24, +1.378, +9.319,+0.991
1651720140,+3.24, +1.335, +9.337,+0.991
1651720200,+3.23, +1.368, +9.335,+0.991
1651720260,+3.24, +1.368, +9.337,+0.991
1651720320,+3.24, +1.335, +9.343,+0.991
1651720380,+3.24, +1.378, +9.315,+0.991
1651720440,+3.24, +1.346, +9.325,+0.990
1651720500,+3.24, +1.357, +9.334,+0.991
1651720560,+3.24, +1.357, +9.341,+0.991
1651720620,+3.24, +1.357, +9.335,+0.991
1651720680,+3.24, +1.368, +9.314,+0.990
1651720740,+3.24, +1.357, +9.332,+0.991
1651720800,+3.24, +1.389, +9.326,+0.991
1651720860,+3.24, +1.400, +9.319,+0.991
1651720920,+3.24, +1.346, +9.339,+0.990
1651720980,+3.24, +1.378, +9.334,+0.991
1651721040,+3.24, +1.357, +9.319,+0.990
1651721100,+3.24, +1.389, +9.323,+0.991
1651721160,+3.24, +1.368, +9.325,+0.990
1651721220,+3.24, +1.357, +9.331,+0.991
1651721280,+3.24, +1.378, +9.332,+0.991
1651721340,+3.24, +1.368, +9.325,+0.991
1651721400,+3.24, +1.357, +9.340,+0.991
1651721460,+3.24, +1.314, +9.345,+0.990
1651721520,+3.24, +1.357, +9.333,+0.991
1651721580,+3.24, +1.378, +9.332,+0.991
1651721640,+3.24, +1.368, +9.327,+0.990
1651721700,+3.24, +1.378, +9.331,+0.991
1651721760,+3.23, +1.357, +9.341,+0.991
1651721820,+3.23, +1.368, +9.329,+0.990
1651721880,+3.24, +1.368, +9.325,+0.990
1651721940,+3.23, +1.346, +9.352,+0.991
1651722000,+3.24, +1.357, +9.328,+0.991
1651722060,+3.24, +1.357, +9.330,+0.991
1651722120,+3.24, +1.346, +9.334,+0.991
1651722180,+3.24, +1.357, +9.329,+0.991
1651722240,+3.23, +1.368, +9.341,+0.991
1651722300,+3.24, +1.357, +9.334,+0.991
1651722360,+3.23, +1.346, +9.340,+0.991
1651722420,+3.24, +1.378, +9.314,+0.990
1651722480,+3.23, +1.368, +9.319,+0.991
1651722540,+3.24, +1.357, +9.335,+0.991
1651722600,+3.24, +1.368, +9.333,+0.991
1651722660,+3.24, +1.346, +9.333,+0.991
1651722720,+3.24, +1.335, +9.330,+0.990
1651722780,+3.23, +1.368, +9.321,+0.990
1651722840,+3.23, +1.389, +9.310,+0.990
1651722900,+3.24, +1.368, +9.320,+0.990
1651722960,+3.24, +1.357, +9.327,+0.991
1651723020,+3.24, +1.357, +9.348,+0.992
1651723080,+3.24, +1.357, +9.323,+0.991
1651723140,+3.24, +1.357, +9.318,+0.990
1651723200,+3.24, +1.357, +9.316,+0.990
1651723260,+3.24, +1.389, +9.316,+0.991
1651723320,+3.24, +1.357, +9.333,+0.991
1651723380,+3.24, +1.368, +9.327,+0.991
1651723440,+3.24, +1.357, +9.332,+0.991
1651723500,+3.24, +1.368, +9.328,+0.991
1651723560,+3.24, +1.368, +9.340,+0.991
1651723620,+3.24, +1.378, +9.337,+0.991
1651723680,+3.24, +1.368, +9.324,+0.990
1651723740,+3.24, +1.368, +9.329,+0.991
1651723800,+3.24, +1.346, +9.322,+0.990
1651723860,+3.24, +1.346, +9.340,+0.991
1651723920,+3.24, +1.357, +9.335,+0.991
1651723980,+3.24, +1.357, +9.339,+0.991
1651724040,+3.24, +1.346, +9.324,+0.990
1651724100,+3.24, +1.378, +9.327,+0.991
1651724160,+3.24, +1.368, +9.318,+0.991
1651724220,+3.24, +1.346, +9.333,+0.991
1651724280,+3.24, +1.357, +9.320,+0.990
1651724340,+3.24, +1.357, +9.341,+0.991
1651724400,+3.23, +1.346, +9.334,+0.990
1651724460,+3.23, +1.357, +9.338,+0.991
1651724520,+3.24, +1.346, +9.330,+0.990
1651724580,+3.24, +1.335, +9.344,+0.991
1651724640,+3.24, +1.368, +9.314,+0.990
1651724700,+3.24, +1.346, +9.341,+0.991
1651724760,+3.24, +1.368, +9.318,+0.990
1651724820,+3.24, +1.378, +9.324,+0.991
1651724880,+3.24, +1.378, +9.323,+0.991
1651724940,+3.23, +1.368, +9.326,+0.991
1651725000,+3.24, +1.368, +9.328,+0.991
1651725060,+3.24, +1.378, +9.324,+0.991
1651725120,+3.24, +1.389, +9.315,+0.991
1651725180,+3.24, +1.357, +9.327,+0.990
1651725240,+3.24, +1.357, +9.326,+0.990
1651725300,+3.24, +1.368, +9.329,+0.991
1651725360,+3.24, +1.314, +9.349,+0.991
1651725420,+3.24, +1.357, +9.333,+0.991
1651725480,+3.24, +1.368, +9.325,+0.991
1651725540,+3.24, +1.378, +9.333,+0.991
1651725600,+3.23, +1.368, +9.318,+0.990
1651725660,+3.24, +1.346, +9.331,+0.990
1651725720,+3.23, +1.368, +9.317,+0.991
1651725780,+3.23, +1.389, +9.320,+0.991
1651725840,+3.24, +1.357, +9.324,+0.991
1651725900,+3.24, +1.357, +9.333,+0.991
1651725960,+3.24, +1.357, +9.321,+0.990
1651726020,+3.24, +1.346, +9.335,+0.991
1651726080,+3.24, +1.368, +9.332,+0.991
1651726140,+3.24, +1.335, +9.348,+0.991
1651726200,+3.24, +1.346, +9.337,+0.991
1651726260,+3.24, +1.357, +9.326,+0.991
1651726320,+3.23, +1.357, +9.321,+0.990
1651726380,+3.24, +1.357, +9.328,+0.991
1651726440,+3.23, +1.378, +9.328,+0.991
1651726500,+3.24, +1.325, +9.341,+0.991
1651726560,+3.24, +1.357, +9.328,+0.991
1651726620,+3.24, +1.357, +9.327,+0.991
1651726680,+3.24, +1.378, +9.325,+0.991
1651726740,+3.23, +1.357, +9.337,+0.991
1651726800,+3.24, +1.378, +9.331,+0.991
1651726860,+3.24, +1.335, +9.326,+0.990
1651726920,+3.23, +1.368, +9.332,+0.991
1651726980,+3.24, +1.346, +9.319,+0.990
1651727040,+3.24, +1.335, +9.338,+0.991
1651727100,+3.24, +1.357, +9.321,+0.990
1651727160,+3.24, +1.314, +9.336,+0.990
1651727220,+3.24, +1.325, +9.348,+0.991
1651727280,+3.23, +1.325, +9.339,+0.991
1651727340,+3.24, +1.357, +9.334,+0.991
1651727400,+3.23, +1.335, +9.338,+0.991
1651727460,+3.24, +1.368, +9.323,+0.991
1651727520,+3.24, +1.346, +9.331,+0.991
1651727580,+3.24, +1.346, +9.340,+0.991
1651727640,+3.24, +1.346, +9.329,+0.991
1651727700,+3.24, +1.368, +9.322,+0.990
1651727760,+3.24, +1.314, +9.341,+0.991
1651727820,+3.23, +1.314, +9.344,+0.991
1651727880,+3.24, +1.368, +9.317,+0.990
1651727940,+3.24, +1.346, +9.332,+0.991
1651728000,+3.24, +1.335, +9.338,+0.990
1651728060,+3.24, +1.368, +9.325,+0.991
1651728120,+3.24, +1.335, +9.332,+0.990
1651728180,+3.24, +1.357, +9.330,+0.991
1651728240,+3.23, +1.346, +9.328,+0.990
1651728300,+3.23, +1.357, +9.323,+0.991
1651728360,+3.23, +1.357, +9.332,+0.991
1651728420,+3.23, +1.335, +9.342,+0.991
1651728480,+3.23, +1.357, +9.328,+0.991
1651728540,+3.24, +1.368, +9.327,+0.991
1651728600,+3.23, +1.335, +9.336,+0.991
1651728660,+3.23, +1.325, +9.340,+0.990
1651728720,+3.24, +1.368, +9.307,+0.990
1651728780,+3.24, +1.346, +9.331,+0.991
1651728840,+3.24, +1.357, +9.317,+0.991
1651728900,+3.24, +1.346, +9.330,+0.991
1651728960,+3.23, +1.400, +9.320,+0.991
1651729020,+3.24, +1.335, +9.333,+0.991
1651729080,+3.24, +1.357, +9.327,+0.991
1651729140,+3.23, +1.346, +9.336,+0.991
1651729200,+3.24, +1.357, +9.334,+0.991
1651729260,+3.24, +1.346, +9.342,+0.991
1651729320,+3.23, +1.346, +9.325,+0.990
1651729380,+3.24, +1.357, +9.329,+0.991
1651729440,+3.23, +1.335, +9.334,+0.991
1651729500,+3.23, +1.346, +9.326,+0.991
1651729560,+3.23, +1.325, +9.340,+0.991
1651729620,+3.24, +1.335, +9.339,+0.991
1651729680,+3.24, +1.346, +9.345,+0.992
1651729740,+3.23, +1.335, +9.332,+0.991
1651729800,+3.23, +1.357, +9.322,+0.991
1651729860,+3.23, +1.346, +9.341,+0.991
1651729920,+3.23, +1.325, +9.342,+0.991
1651729980,+3.24, +1.325, +9.343,+0.991
1651730040,+3.24, +1.346, +9.343,+0.991
1651730100,+3.24, +1.378, +9.318,+0.991
1651730160,+3.24, +1.346, +9.326,+0.990
1651730220,+3.23, +1.346, +9.320,+0.990
1651730280,+3.23, +1.325, +9.349,+0.991
1651730340,+3.24, +1.346, +9.334,+0.991
1651730400,+3.23, +1.357, +9.326,+0.991
1651730460,+3.23, +1.325, +9.350,+0.991
1651730520,+3.23, +1.325, +9.318,+0.990
1651730580,+3.23, +1.314, +9.343,+0.991
1651730640,+3.24, +1.346, +9.332,+0.991
1651730700,+3.24, +1.282, +9.355,+0.990
1651730760,+3.23, +1.335, +9.322,+0.990
1651730820,+3.23, +1.303, +9.346,+0.991
1651730880,+3.23, +1.335, +9.333,+0.991
1651730940,+3.23, +1.357, +9.325,+0.991
1651731000,+3.23, +1.335, +9.344,+0.991
1651731060,+3.23, +1.314, +9.337,+0.991
1651731120,+3.23, +1.292, +9.349,+0.991
1651731180,+3.23, +1.335, +9.337,+0.991
1651731240,+3.23, +1.314, +9.340,+0.991
1651731300,+3.23, +1.325, +9.344,+0.991
1651731360,+3.23, +1.314, +9.333,+0.990
1651731420,+3.23, +1.325, +9.330,+0.991
1651731480,+3.23, +1.335, +9.331,+0.991
1651731540,+3.23, +1.346, +9.329,+0.991
1651731600,+3.23, +1.325, +9.327,+0.990
1651731660,+3.24, +1.314, +9.338,+0.991
1651731720,+3.23, +1.303, +9.346,+0.991
1651731780,+3.23, +1.314, +9.336,+0.990
1651731840,+3.23, +1.325, +9.338,+0.991
1651731900,+3.23, +1.325, +9.328,+0.990
1651731960,+3.23, +1.314, +9.339,+0.991
1651732020,+3.23, +1.325, +9.323,+0.990
1651732080,+3.23, +1.325, +9.344,+0.991
1651732140,+3.23, +1.335, +9.330,+0.991
1651732200,+3.23, +1.325, +9.330,+0.991
1651732260,+3.24, +1.325, +9.335,+0.991
1651732320,+3.23, +1.314, +9.331,+0.991
1651732380,+3.24, +1.335, +9.334,+0.991
1651732440,+3.23, +1.314, +9.350,+0.991
1651732500,+3.23, +1.325, +9.338,+0.991
1651732560,+3.23, +1.292, +9.364,+0.991
1651732620,+3.24, +1.303, +9.353,+0.991
1651732680,+3.24, +1.335, +9.328,+0.991
1651732740,+3.23, +1.325, +9.333,+0.991
1651732800,+3.23, +1.325, +9.332,+0.990
1651732860,+3.24, +1.303, +9.340,+0.991
1651732920,+3.23, +1.314, +9.333,+0.991
1651732980,+3.23, +1.292, +9.346,+0.991
1651733040,+3.23, +1.325, +9.328,+0.991
1651733100,+3.23, +1.335, +9.329,+0.991
1651733160,+3.23, +1.335, +9.319,+0.990
1651733220,+3.23, +1.303, +9.339,+0.991
1651733280,+3.23, +1.314, +9.329,+0.991
1651733340,+3.23, +1.303, +9.357,+0.992
1651733400,+3.23, +1.325, +9.336,+0.991
1651733460,+3.23, +1.325, +9.325,+0.991
1651733520,+3.23, +1.303, +9.345,+0.991
1651733580,+3.23, +1.303, +9.340,+0.991
1651733640,+3.23, +1.357, +9.317,+0.991
1651733700,+3.23, +1.314, +9.343,+0.991
1651733760,+3.23, +1.303, +9.347,+0.991
1651733820,+3.24, +1.325, +9.333,+0.991
1651733880,+3.23, +1.303, +9.335,+0.991
1651733940,+3.23, +1.282, +9.335,+0.990
1651734000,+3.23, +1.282, +9.329,+0.990
1651734060,+3.23, +1.314, +9.321,+0.991
1651734120,+3.23, +1.260, +9.355,+0.991
1651734180,+3.23, +1.282, +9.351,+0.991
1651734240,+3.23, +1.282, +9.342,+0.991
1651734300,+3.23, +1.314, +9.332,+0.991
1651734360,+3.23, +1.314, +9.326,+0.990
1651734420,+3.24, +1.325, +9.334,+0.991
1651734480,+3.23, +1.314, +9.335,+0.991
1651734540,+3.23, +1.303, +9.331,+0.991
1651734600,+3.23, +1.325, +9.321,+0.990
1651734660,+3.23, +1.260, +9.359,+0.991
1651734720,+3.23, +1.303, +9.346,+0.991
1651734780,+3.23, +1.314, +9.339,+0.991
1651734840,+3.23, +1.249, +9.346,+0.990
1651734900,+3.23, +1.292, +9.340,+0.991
1651734960,+3.23, +1.292, +9.348,+0.991
1651735020,+3.23, +1.260, +9.357,+0.991
1651735080,+3.23, +1.314, +9.338,+0.991
1651735140,+3.23, +1.303, +9.336,+0.991
1651735200,+3.23, +1.292, +9.356,+0.991
1651735260,+3.23, +1.292, +9.337,+0.991
1651735320,+3.23, +1.303, +9.343,+0.991
1651735380,+3.23, +1.292, +9.339,+0.991
1651735440,+3.23, +1.314, +9.336,+0.991
1651735500,+3.23, +1.303, +9.332,+0.991
1651735560,+3.23, +1.303, +9.338,+0.991
1651735620,+3.23, +1.314, +9.335,+0.991
1651735680,+3.23, +1.282, +9.337,+0.990
1651735740,+3.23, +1.303, +9.327,+0.990
1651735800,+3.23, +1.303, +9.329,+0.991
1651735860,+3.23, +1.303, +9.336,+0.991
1651735920,+3.23, +1.325, +9.327,+0.991
1651735980,+3.23, +1.292, +9.343,+0.991
1651736040,+3.23, +1.325, +9.317,+0.990
1651736100,+3.23, +1.335, +9.324,+0.990
1651736160,+3.23, +1.292, +9.333,+0.990
1651736220,+3.23, +1.303, +9.332,+0.990
1651736280,+3.23, +1.303, +9.345,+0.991
1651736340,+3.23, +1.271, +9.350,+0.990
1651736400,+3.23, +1.282, +9.361,+0.991
1651736460,+3.23, +1.249, +9.360,+0.991
1651736520,+3.23, +1.335, +9.333,+0.991
1651736580,+3.23, +1.314, +9.330,+0.990
1651736640,+3.23, +1.292, +9.332,+0.990
1651736700,+3.23, +1.292, +9.345,+0.991
1651736760,+3.23, +1.292, +9.334,+0.990
1651736820,+3.23, +1.303, +9.332,+0.991
1651736880,+3.23, +1.314, +9.339,+0.991
1651736940,+3.23, +1.282, +9.346,+0.991
1651737000,+3.23, +1.282, +9.342,+0.991
1651737060,+3.23, +1.282, +9.346,+0.991
1651737120,+3.23, +1.260, +9.349,+0.991
1651737180,+3.23, +1.292, +9.342,+0.991
1651737240,+3.23, +1.303, +9.345,+0.991
1651737300,+3.23, +1.292, +9.338,+0.991
1651737360,+3.23, +1.282, +9.364,+0.992
1651737420,+3.23, +1.292, +9.341,+0.991
1651737480,+3.23, +1.271, +9.339,+0.990
1651737540,+3.23, +1.303, +9.346,+0.991
1651737600,+3.23, +1.292, +9.344,+0.991
1651737660,+3.23, +1.303, +9.340,+0.991
1651737720,+3.23, +1.303, +9.342,+0.991
1651737780,+3.23, +1.325, +9.337,+0.991
1651737840,+3.23, +1.292, +9.337,+0.991
1651737900,+3.24, +1.325, +9.321,+0.991
1651737960,+3.23, +1.325, +9.320,+0.991
1651738020,+3.23, +1.282, +9.350,+0.991
1651738080,+3.23, +1.314, +9.341,+0.991
1651738140,+3.23, +1.260, +9.348,+0.991
1651738200,+3.23, +1.303, +9.331,+0.991
1651738260,+3.23, +1.303, +9.332,+0.991
1651738320,+3.23, +1.314, +9.324,+0.990
1651738380,+3.23, +1.303, +9.342,+0.991
1651738440,+3.23, +1.314, +9.339,+0.991
1651738500,+3.23, +1.303, +9.335,+0.991
1651738560,+3.23, +1.282, +9.357,+0.991
1651738620,+3.23, +1.314, +9.340,+0.991
1651738680,+3.23, +1.303, +9.343,+0.991
1651738740,+3.23, +1.303, +9.327,+0.990
1651738800,+3.23, +1.292, +9.335,+0.990
1651738860,+3.23, +1.303, +9.329,+0.991
1651738920,+3.23, +1.292, +9.352,+0.991
1651738980,+3.23, +1.314, +9.335,+0.991
1651739040,+3.23, +1.282, +9.337,+0.991
1651739100,+3.24, +1.303, +9.334,+0.991
1651739160,+3.23, +1.314, +9.323,+0.991
1651739220,+3.23, +1.303, +9.328,+0.990
1651739280,+3.23, +1.282, +9.344,+0.991
1651739340,+3.23, +1.325, +9.314,+0.991
1651739400,+3.23, +1.303, +9.327,+0.990
1651739460,+3.23, +1.303, +9.342,+0.991
1651739520,+3.23, +1.303, +9.332,+0.991
1651739580,+3.23, +1.314, +9.323,+0.990
1651739640,+3.23, +1.303, +9.332,+0.991
1651739700,+3.23, +1.292, +9.341,+0.991
1651739760,+3.23, +1.303, +9.326,+0.991
1651739820,+3.23, +1.271, +9.351,+0.991
1651739880,+3.23, +1.303, +9.329,+0.991
1651739940,+3.23, +1.292, +9.319,+0.990
1651740000,+3.23, +1.303, +9.329,+0.991
1651740060,+3.23, +1.303, +9.339,+0.991
1651740120,+3.23, +1.292, +9.342,+0.991
1651740180,+3.23, +1.282, +9.340,+0.991
1651740240,+3.23, +1.303, +9.334,+0.991
1651740300,+3.23, +1.271, +9.354,+0.991
1651740360,+3.23, +1.292, +9.329,+0.990
1651740420,+3.23, +1.271, +9.346,+0.991
1651740480,+3.23, +1.314, +9.334,+0.991
1651740540,+3.23, +1.282, +9.335,+0.991
1651740600,+3.23, +1.271, +9.337,+0.991
1651740660,+3.24, +1.303, +9.330,+0.991
1651740720,+3.23, +1.314, +9.332,+0.991
1651740780,+3.23, +1.292, +9.323,+0.990
1651740840,+3.23, +1.292, +9.338,+0.991
1651740900,+3.23, +1.282, +9.345,+0.991
1651740960,+3.23, +1.303, +9.339,+0.991
1651741020,+3.23, +1.292, +9.337,+0.991
1651741080,+3.23, +1.282, +9.342,+0.990
1651741140,+3.23, +1.271, +9.343,+0.991
1651741200,+3.23, +1.282, +9.338,+0.990
1651741260,+3.23, +1.292, +9.333,+0.990
1651741320,+3.23, +1.303, +9.338,+0.991
1651741380,+3.23, +1.282, +9.328,+0.990
1651741440,+3.23, +1.292, +9.342,+0.991
1651741500,+3.23, +1.260, +9.344,+0.991
1651741560,+3.23, +1.282, +9.339,+0.991
1651741620,+3.23, +1.282, +9.343,+0.991
1651741680,+3.23, +1.292, +9.337,+0.991
1651741740,+3.23, +1.271, +9.340,+0.991
1651741800,+3.23, +1.282, +9.331,+0.990
1651741860,+3.23, +1.292, +9.345,+0.991
1651741920,+3.23, +1.282, +9.345,+0.991
1651741980,+3.23, +1.282, +9.329,+0.990
1651742040,+3.24, +1.260, +9.349,+0.991
1651742100,+3.23, +1.271, +9.343,+0.991
1651742160,+3.23, +1.271, +9.341,+0.991
1651742220,+3.23, +1.303, +9.339,+0.991
1651742280,+3.23, +1.271, +9.335,+0.990
1651742340,+3.23, +1.325, +9.329,+0.991
1651742400,+3.23, +1.282, +9.336,+0.991
1651742460,+3.23, +1.282, +9.349,+0.991
1651742520,+3.23, +1.303, +9.336,+0.991
1651742580,+3.23, +1.271, +9.356,+0.991
1651742640,+3.23, +1.292, +9.336,+0.991
1651742700,+3.23, +1.292, +9.337,+0.991
1651742760,+3.23, +1.292, +9.340,+0.991
1651742820,+3.23, +1.292, +9.334,+0.991
1651742880,+3.23, +1.292, +9.338,+0.991
1651742940,+3.23, +1.282, +9.341,+0.991
1651743000,+3.23, +1.282, +9.334,+0.991
1651743060,+3.23, +1.282, +9.343,+0.991
1651743120,+3.23, +1.335, +9.321,+0.991
1651743180,+3.23, +1.303, +9.331,+0.991
1651743240,+3.23, +1.314, +9.321,+0.991
1651743300,+3.23, +1.292, +9.340,+0.991
1651743360,+3.23, +1.292, +9.334,+0.991
1651743420,+3.23, +1.292, +9.338,+0.991
1651743480,+3.23, +1.282, +9.344,+0.991
1651743540,+3.23, +1.303, +9.329,+0.991
1651743600,+3.23, +1.292, +9.336,+0.991
1651743660,+3.23, +1.292, +9.336,+0.991
1651743720,+3.23, +1.282, +9.330,+0.990
1651743780,+3.23, +1.260, +9.350,+0.991
1651743840,+3.23, +1.303, +9.336,+0.991
1651743900,+3.23, +1.260, +9.341,+0.991
1651743960,+3.23, +1.271, +9.340,+0.991
1651744020,+3.23, +1.260, +9.336,+0.990
1651744080,+3.23, +1.292, +9.340,+0.991
1651744140,+3.23, +1.303, +9.325,+0.991
1651744200,+3.23, +1.292, +9.333,+0.991
1651744260,+3.23, +1.303, +9.335,+0.991
1651744320,+3.23, +1.282, +9.332,+0.991
1651744380,+3.23, +1.292, +9.328,+0.990
1651744440,+3.23, +1.292, +9.339,+0.991
1651744500,+3.23, +1.282, +9.334,+0.991
1651744560,+3.23, +1.303, +9.337,+0.991
1651744620,+3.23, +1.292, +9.333,+0.991
1651744680,+3.23, +1.282, +9.330,+0.990
1651744740,+3.23, +1.260, +9.346,+0.991
1651744800,+3.23, +1.249, +9.366,+0.992
1651744860,+3.23, +1.282, +9.332,+0.990
1651744920,+3.23, +1.282, +9.338,+0.991
1651744980,+3.23, +1.282, +9.342,+0.991
1651745040,+3.23, +1.292, +9.343,+0.991
1651745100,+3.23, +1.260, +9.356,+0.991
1651745160,+3.23, +1.260, +9.346,+0.991
1651745220,+3.23, +1.292, +9.333,+0.990
1651745280,+3.23, +1.217, +9.363,+0.991
1651745340,+3.23, +1.292, +9.335,+0.991
1651745400,+3.23, +1.303, +9.321,+0.990
1651745460,+3.23, +1.271, +9.346,+0.991
1651745520,+3.23, +1.271, +9.344,+0.991
1651745580,+3.23, +1.271, +9.354,+0.991
1651745640,+3.23, +1.303, +9.332,+0.991
1651745700,+3.23, +1.260, +9.352,+0.991
1651745760,+3.23, +1.271, +9.356,+0.991
1651745820,+3.23, +1.271, +9.350,+0.991
1651745880,+3.23, +1.282, +9.337,+0.991
1651745940,+3.23, +1.314, +9.327,+0.991
1651746000,+3.23, +1.271, +9.343,+0.991
1651746060,+3.23, +1.292, +9.340,+0.991
1651746120,+3.23, +1.249, +9.341,+0.990
1651746180,+3.23, +1.292, +9.337,+0.991
1651746240,+3.23, +1.282, +9.331,+0.991
1651746300,+3.23, +1.249, +9.352,+0.991
1651746360,+3.23, +1.271, +9.342,+0.991
1651746420,+3.23, +1.260, +9.356,+0.992
1651746480,+3.23, +1.282, +9.343,+0.991
1651746540,+3.23, +1.271, +9.345,+0.991
1651746600,+3.23, +1.282, +9.328,+0.990
1651746660,+3.23, +1.260, +9.344,+0.991
1651746720,+3.23, +1.260, +9.349,+0.991
1651746780,+3.23, +1.292, +9.339,+0.991
1651746840,+3.23, +1.303, +9.322,+0.991
1651746900,+3.23, +1.282, +9.339,+0.991
1651746960,+3.23, +1.282, +9.335,+0.991
1651747020,+3.23, +1.282, +9.335,+0.991
1651747080,+3.23, +1.282, +9.344,+0.991
1651747140,+3.23, +1.260, +9.353,+0.991
1651747200,+3.23, +1.260, +9.348,+0.991
1651747260,+3.23, +1.271, +9.337,+0.991
1651747320,+3.23, +1.271, +9.341,+0.991
1651747380,+3.23, +1.260, +9.347,+0.991
1651747440,+3.23, +1.260, +9.342,+0.991
1651747500,+3.23, +1.282, +9.339,+0.991
1651747560,+3.23, +1.282, +9.345,+0.991
1651747620,+3.23, +1.260, +9.337,+0.990
1651747680,+3.23, +1.271, +9.339,+0.991
1651747740,+3.23, +1.282, +9.335,+0.991
1651747800,+3.23, +1.282, +9.339,+0.991
1651747860,+3.23, +1.249, +9.356,+0.991
1651747920,+3.23, +1.249, +9.350,+0.991
1651747980,+3.23, +1.292, +9.333,+0.991
1651748040,+3.23, +1.271, +9.331,+0.990
1651748100,+3.23, +1.238, +9.344,+0.990
1651748160,+3.23, +1.249, +9.347,+0.991
1651748220,+3.23, +1.292, +9.308,+0.990
1651748280,+3.23, +1.249, +9.347,+0.991
1651748340,+3.23, +1.249, +9.333,+0.990
1651748400,+3.23, +1.217, +9.354,+0.991
1651748460,+3.23, +1.249, +9.345,+0.991
1651748520,+3.23, +1.271, +9.338,+0.991
1651748580,+3.23, +1.228, +9.354,+0.991
1651748640,+3.23, +1.238, +9.348,+0.991
1651748700,+3.23, +1.238, +9.344,+0.991
1651748760,+3.23, +1.228, +9.349,+0.991
1651748820,+3.23, +1.238, +9.347,+0.991
1651748880,+3.23, +1.271, +9.347,+0.991
1651748940,+3.23, +1.228, +9.344,+0.990
1651749000,+3.23, +1.260, +9.341,+0.991
1651749060,+3.23, +1.228, +9.354,+0.991
1651749120,+3.23, +1.249, +9.349,+0.991
1651749180,+3.23, +1.292, +9.328,+0.991
1651749240,+3.23, +1.249, +9.349,+0.991
1651749300,+3.23, +1.249, +9.342,+0.991
1651749360,+3.23, +1.249, +9.345,+0.991
1651749420,+3.23, +1.228, +9.355,+0.991
1651749480,+3.23, +1.249, +9.345,+0.991
1651749540,+3.23, +1.249, +9.341,+0.990
1651749600,+3.23, +1.238, +9.362,+0.991
1651749660,+3.23, +1.249, +9.335,+0.990
1651749720,+3.23, +1.228, +9.351,+0.990
1651749780,+3.23, +1.217, +9.341,+0.990
1651749840,+3.23, +1.228, +9.348,+0.991
1651749900,+3.23, +1.195, +9.345,+0.990
1651749960,+3.23, +1.217, +9.339,+0.991
1651750020,+3.23, +1.185, +9.361,+0.991
1651750080,+3.23, +1.206, +9.350,+0.991
1651750140,+3.23, +1.238, +9.334,+0.990
1651750200,+3.23, +1.206, +9.347,+0.991
1651750260,+3.23, +1.206, +9.356,+0.991
1651750320,+3.23, +1.217, +9.357,+0.991
1651750380,+3.23, +1.217, +9.355,+0.991
1651750440,+3.23, +1.195, +9.379,+0.991
1651750500,+3.23, +1.195, +9.365,+0.991
1651750560,+3.23, +1.217, +9.362,+0.991
1651750620,+3.23, +1.206, +9.366,+0.991
1651750680,+3.23, +1.228, +9.366,+0.991
1651750740,+3.23, +1.249, +9.342,+0.990
1651750800,+3.23, +1.195, +9.383,+0.991
1651750860,+3.23, +1.238, +9.340,+0.990
1651750920,+3.23, +1.238, +9.357,+0.991
1651750980,+3.23, +1.206, +9.373,+0.991
1651751040,+3.23, +1.217, +9.365,+0.991
1651751100,+3.23, +1.238, +9.350,+0.991
1651751160,+3.23, +1.238, +9.361,+0.991
1651751220,+3.23, +1.228, +9.372,+0.991
1651751280,+3.23, +1.228, +9.359,+0.991
1651751340,+3.23, +1.228, +9.356,+0.991
1651751400,+3.23, +1.228, +9.355,+0.991
1651751460,+3.23, +1.260, +9.351,+0.991
1651751520,+3.23, +1.249, +9.344,+0.991
1651751580,+3.23, +1.185, +9.376,+0.991
1651751640,+3.23, +1.238, +9.358,+0.991
1651751700,+3.23, +1.238, +9.349,+0.991
1651751760,+3.23, +1.238, +9.348,+0.991
1651751820,+3.23, +1.228, +9.335,+0.990
1651751880,+3.23, +1.249, +9.345,+0.991
1651751940,+3.23, +1.228, +9.360,+0.991
1651752000,+3.23, +1.228, +9.339,+0.991
1651752060,+3.23, +1.206, +9.344,+0.990
1651752120,+3.23, +1.228, +9.334,+0.991
1651752180,+3.23, +1.217, +9.353,+0.991
1651752240,+3.23, +1.206, +9.347,+0.990
1651752300,+3.23, +1.217, +9.355,+0.991
1651752360,+3.23, +1.206, +9.364,+0.991
1651752420,+3.23, +1.195, +9.366,+0.991
1651752480,+3.23, +1.206, +9.368,+0.992
1651752540,+3.23, +1.163, +9.370,+0.991
1651752600,+3.23, +1.185, +9.339,+0.990
1651752660,+3.23, +1.174, +9.354,+0.990
1651752720,+3.23, +1.185, +9.348,+0.990
1651752780,+3.23, +1.195, +9.349,+0.991
1651752840,+3.23, +1.195, +9.345,+0.991
1651752900,+3.23, +1.195, +9.347,+0.991
1651752960,+3.23, +1.185, +9.353,+0.990
1651753020,+3.23, +1.195, +9.345,+0.990
1651753080,+3.23, +1.185, +9.358,+0.991
1651753140,+3.23, +1.195, +9.362,+0.991
1651753200,+3.23, +1.185, +9.370,+0.991
1651753260,+3.23, +1.195, +9.360,+0.991
1651753320,+3.23, +1.163, +9.370,+0.991
1651753380,+3.23, +1.185, +9.369,+0.991
1651753440,+3.23, +1.163, +9.374,+0.991
1651753500,+3.23, +1.195, +9.360,+0.991
1651753560,+3.23, +1.195, +9.363,+0.991
1651753620,+3.23, +1.206, +9.355,+0.991
1651753680,+3.23, +1.174, +9.375,+0.990
1651753740,+3.23, +1.152, +9.387,+0.991
1651753800,+3.23, +1.163, +9.391,+0.991
1651753860,+3.23, +1.206, +9.371,+0.991
1651753920,+3.23, +1.195, +9.358,+0.990
1651753980,+3.23, +1.195, +9.372,+0.991
1651754040,+3.23, +1.195, +9.372,+0.991
1651754100,+3.23, +1.217, +9.354,+0.990
1651754160,+3.23, +1.217, +9.365,+0.991
1651754220,+3.23, +1.195, +9.375,+0.991
1651754280,+3.23, +1.185, +9.385,+0.991
1651754340,+3.23, +1.206, +9.379,+0.991
1651754400,+3.23, +1.195, +9.370,+0.991
1651754460,+3.23, +1.238, +9.364,+0.991
1651754520,+3.23, +1.185, +9.375,+0.991
1651754580,+3.23, +1.195, +9.368,+0.991
1651754640,+3.23, +1.228, +9.347,+0.990
1651754700,+3.23, +1.195, +9.382,+0.991
1651754760,+3.23, +1.206, +9.361,+0.991
1651754820,+3.23, +1.217, +9.366,+0.991
1651754880,+3.23, +1.228, +9.353,+0.991
1651754940,+3.23, +1.185, +9.380,+0.991
1651755000,+3.23, +1.206, +9.374,+0.991
1651755060,+3.23, +1.217, +9.366,+0.991
1651755120,+3.23, +1.206, +9.383,+0.991
1651755180,+3.23, +1.217, +9.369,+0.991
1651755240,+3.23, +1.217, +9.363,+0.990
1651755300,+3.23, +1.249, +9.359,+0.991
1651755360,+3.23, +1.217, +9.369,+0.991
1651755420,+3.23, +1.206, +9.370,+0.991
1651755480,+3.23, +1.228, +9.369,+0.991
1651755540,+3.23, +1.217, +9.375,+0.991
1651755600,+3.23, +1.206, +9.385,+0.991
1651755660,+3.23, +1.249, +9.377,+0.992
1651755720,+3.23, +1.249, +9.353,+0.990
1651755780,+3.23, +1.249, +9.372,+0.991
1651755840,+3.23, +1.249, +9.364,+0.991
1651755900,+3.23, +1.206, +9.374,+0.991
1651755960,+3.23, +1.228, +9.368,+0.991
1651756020,+3.23, +1.228, +9.373,+0.991
1651756080,+3.23, +1.228, +9.372,+0.991
1651756140,+3.23, +1.249, +9.353,+0.990
1651756200,+3.23, +1.228, +9.373,+0.991
1651756260,+3.23, +1.260, +9.360,+0.991
1651756320,+3.23, +1.228, +9.380,+0.991
1651756380,+3.23, +1.260, +9.356,+0.990
1651756440,+3.23, +1.228, +9.381,+0.991
1651756500,+3.23, +1.249, +9.363,+0.991
1651756560,+3.23, +1.228, +9.375,+0.991
1651756620,+3.23, +1.238, +9.375,+0.991
1651756680,+3.23, +1.228, +9.371,+0.991
1651756740,+3.23, +1.228, +9.367,+0.991
1651756800,+3.23, +1.185, +9.386,+0.990
1651756860,+3.23, +1.206, +9.388,+0.991
1651756920,+3.23, +1.217, +9.376,+0.991
1651756980,+3.23, +1.238, +9.374,+0.991
1651757040,+3.23, +1.238, +9.377,+0.991
1651757100,+3.23, +1.217, +9.390,+0.991
1651757160,+3.23, +1.217, +9.371,+0.990
1651757220,+3.23, +1.228, +9.382,+0.991
1651757280,+3.23, +1.260, +9.350,+0.990
1651757340,+3.23, +1.238, +9.373,+0.991
1651757400,+3.23, +1.238, +9.362,+0.991
1651757460,+3.23, +1.249, +9.366,+0.991
1651757520,+3.23, +1.238, +9.367,+0.991
1651757580,+3.23, +1.238, +9.369,+0.991
1651757640,+3.23, +1.228, +9.366,+0.991
1651757700,+3.23, +1.260, +9.359,+0.991
1651757760,+3.23, +1.228, +9.373,+0.991
1651757820,+3.23, +1.249, +9.377,+0.991
1651757880,+3.23, +1.249, +9.357,+0.990
1651757940,+3.23, +1.260, +9.367,+0.991
1651758000,+3.23, +1.238, +9.374,+0.991
1651758060,+3.23, +1.249, +9.365,+0.990
1651758120,+3.23, +1.228, +9.386,+0.991
1651758180,+3.23, +1.249, +9.371,+0.991
1651758240,+3.23, +1.238, +9.377,+0.991
1651758300,+3.23, +1.238, +9.369,+0.991
1651758360,+3.23, +1.238, +9.377,+0.991
1651758420,+3.23, +1.249, +9.378,+0.991
1651758480,+3.23, +1.174, +9.401,+0.991
1651758540,+3.23, +1.249, +9.371,+0.991
1651758600,+3.23, +1.260, +9.372,+0.991
1651758660,+3.23, +1.238, +9.382,+0.991
1651758720,+3.23, +1.249, +9.379,+0.991
1651758780,+3.23, +1.249, +9.380,+0.991
1651758840,+3.23, +1.260, +9.365,+0.990
1651758900,+3.23, +1.249, +9.366,+0.990
1651758960,+3.23, +1.292, +9.368,+0.991
1651759020,+3.23, +1.292, +9.373,+0.991
1651759080,+3.23, +1.260, +9.386,+0.991
1651759140,+3.23, +1.282, +9.371,+0.991
1651759200,+3.23, +1.271, +9.366,+0.990
1651759260,+3.23, +1.271, +9.372,+0.991
1651759320,+3.23, +1.292, +9.364,+0.991
1651759380,+3.23, +1.249, +9.393,+0.991
1651759440,+3.23, +1.260, +9.382,+0.991
1651759500,+3.23, +1.271, +9.373,+0.991
1651759560,+3.23, +1.249, +9.393,+0.991
1651759620,+3.23, +1.260, +9.387,+0.991
1651759680,+3.23, +1.282, +9.350,+0.990
1651759740,+3.23, +1.260, +9.378,+0.990
1651759800,+3.23, +1.292, +9.363,+0.991
1651759860,+3.23, +1.292, +9.357,+0.991
1651759920,+3.23, +1.249, +9.393,+0.991
1651759980,+3.23, +1.282, +9.381,+0.991
1651760040,+3.23, +1.292, +9.382,+0.991
1651760100,+3.23, +1.282, +9.369,+0.991
1651760160,+3.23, +1.271, +9.374,+0.990
1651760220,+3.23, +1.249, +9.399,+0.991
1651760280,+3.23, +1.282, +9.373,+0.991
1651760340,+3.23, +1.282, +9.372,+0.991
1651760400,+3.23, +1.292, +9.374,+0.991
1651760460,+3.23, +1.314, +9.355,+0.990
1651760520,+3.23, +1.303, +9.370,+0.991
1651760580,+3.23, +1.292, +9.379,+0.991
1651760640,+3.23, +1.292, +9.378,+0.991
1651760700,+3.23, +1.282, +9.384,+0.991
1651760760,+3.23, +1.292, +9.371,+0.991
1651760820,+3.23, +1.314, +9.362,+0.991
1651760880,+3.23, +1.282, +9.374,+0.991
1651760940,+3.23, +1.292, +9.379,+0.991
1651761000,+3.23, +1.292, +9.372,+0.991
1651761060,+3.23, +1.303, +9.369,+0.991
1651761120,+3.23, +1.314, +9.369,+0.991
1651761180,+3.23, +1.292, +9.379,+0.991
1651761240,+3.23, +1.325, +9.352,+0.990
1651761300,+3.23, +1.325, +9.374,+0.991
1651761360,+3.23, +1.325, +9.354,+0.991
1651761420,+3.23, +1.314, +9.354,+0.990
1651761480,+3.23, +1.271, +9.374,+0.990
1651761540,+3.23, +1.314, +9.379,+0.991
1651761600,+3.23, +1.314, +9.378,+0.991
1651761660,+3.23, +1.346, +9.358,+0.991
1651761720,+3.23, +1.314, +9.376,+0.991
1651761780,+3.23, +1.303, +9.368,+0.991
1651761840,+3.23, +1.292, +9.386,+0.991
1651761900,+3.23, +1.282, +9.366,+0.990
1651761960,+3.23, +1.314, +9.355,+0.990
1651762020,+3.23, +1.325, +9.367,+0.991
1651762080,+3.23, +1.292, +9.379,+0.991
1651762140,+3.23, +1.292, +9.376,+0.990
1651762200,+3.23, +1.325, +9.360,+0.990
1651762260,+3.23, +1.303, +9.379,+0.991
1651762320,+3.23, +1.292, +9.383,+0.991
1651762380,+3.23, +1.303, +9.385,+0.991
1651762440,+3.23, +1.325, +9.389,+0.992
1651762500,+3.23, +1.314, +9.367,+0.991
1651762560,+3.23, +1.292, +9.374,+0.990
1651762620,+3.23, +1.325, +9.367,+0.991
1651762680,+3.23, +1.335, +9.363,+0.991
1651762740,+3.23, +1.325, +9.377,+0.991
1651762800,+3.23, +1.357, +9.357,+0.991
1651762860,+3.23, +1.357, +9.371,+0.991
1651762920,+3.23, +1.325, +9.364,+0.991
1651762980,+3.23, +1.303, +9.375,+0.991
1651763040,+3.23, +1.335, +9.353,+0.990
1651763100,+3.23, +1.314, +9.370,+0.991
1651763160,+3.23, +1.325, +9.340,+0.991
1651763220,+3.23, +1.292, +9.367,+0.991
1651763280,+3.23, +1.325, +9.361,+0.991
