7392-928226
OS REV: 1.11 Sensor Cal: 1496933196
Time (sec),  BV (Volts),  T (deg C),  DO (mg/l),  Q ()
1651504140,+3.26, +6.137, +7.791,+0.980
1651504200,+3.26, +4.781, +8.353,+0.979
1651504260,+3.26, +4.054, +8.725,+0.983
1651504320,+3.26, +3.983, +8.345,+0.982
1651504380,+3.26, +3.171, +8.706,+0.982
1651504440,+3.26, +2.745, +8.827,+0.982
1651504500,+3.26, +2.410, +8.950,+0.983
1651504560,+3.26, +2.209, +9.008,+0.983
1651504620,+3.26, +2.082, +9.050,+0.984
1651504680,+3.26, +1.945, +9.122,+0.986
1651504740,+3.26, +1.870, +9.152,+0.987
1651504800,+3.26, +1.796, +9.164,+0.986
1651504860,+3.26, +1.764, +9.192,+0.988
1651504920,+3.26, +1.700, +9.216,+0.988
1651504980,+3.26, +1.625, +9.240,+0.988
1651505040,+3.26, +1.625, +9.244,+0.989
1651505100,+3.26, +1.582, +9.254,+0.989
1651505160,+3.26, +1.614, +9.244,+0.990
1651505220,+3.26, +1.550, +9.271,+0.990
1651505280,+3.26, +1.529, +9.279,+0.990
1651505340,+3.26, +1.496, +9.299,+0.991
1651505400,+3.26, +1.475, +9.312,+0.991
1651505460,+3.26, +1.486, +9.300,+0.991
1651505520,+3.26, +1.464, +9.304,+0.991
1651505580,+3.26, +1.454, +9.302,+0.991
1651505640,+3.26, +1.443, +9.310,+0.991
1651505700,+3.26, +1.432, +9.307,+0.991
1651505760,+3.26, +1.443, +9.318,+0.992
1651505820,+3.26, +1.432, +9.318,+0.991
1651505880,+3.26, +1.432, +9.332,+0.992
1651505940,+3.26, +1.421, +9.319,+0.991
1651506000,+3.26, +1.443, +9.314,+0.992
1651506060,+3.26, +1.432, +9.324,+0.992
1651506120,+3.26, +1.421, +9.327,+0.992
1651506180,+3.26, +1.432, +9.325,+0.992
1651506240,+3.26, +1.421, +9.325,+0.992
1651506300,+3.26, +1.411, +9.336,+0.992
1651506360,+3.26, +1.432, +9.337,+0.992
1651506420,+3.26, +1.432, +9.326,+0.992
1651506480,+3.26, +1.421, +9.320,+0.991
1651506540,+3.26, +1.432, +9.321,+0.991
1651506600,+3.26, +1.421, +9.326,+0.992
1651506660,+3.26, +1.411, +9.334,+0.992
1651506720,+3.26, +1.411, +9.335,+0.992
1651506780,+3.26, +1.421, +9.321,+0.992
1651506840,+3.26, +1.411, +9.329,+0.992
1651506900,+3.26, +1.421, +9.331,+0.992
1651506960,+3.26, +1.368, +9.359,+0.992
1651507020,+3.26, +1.443, +9.324,+0.992
1651507080,+3.26, +1.443, +9.334,+0.993
1651507140,+3.26, +1.454, +9.318,+0.992
1651507200,+3.26, +1.400, +9.342,+0.992
1651507260,+3.26, +1.432, +9.329,+0.992
1651507320,+3.26, +1.432, +9.339,+0.993
1651507380,+3.26, +1.421, +9.331,+0.992
1651507440,+3.26, +1.432, +9.309,+0.992
1651507500,+3.26, +1.400, +9.315,+0.992
1651507560,+3.26, +1.411, +9.332,+0.993
1651507620,+3.26, +1.389, +9.320,+0.992
1651507680,+3.26, +1.389, +9.337,+0.992
1651507740,+3.26, +1.378, +9.355,+0.992
1651507800,+3.26, +1.421, +9.336,+0.992
1651507860,+3.26, +1.443, +9.329,+0.992
1651507920,+3.26, +1.400, +9.356,+0.993
1651507980,+3.26, +1.400, +9.343,+0.992
1651508040,+3.26, +1.378, +9.336,+0.992
1651508100,+3.26, +1.421, +9.315,+0.992
1651508160,+3.26, +1.400, +9.342,+0.992
1651508220,+3.26, +1.411, +9.316,+0.992
1651508280,+3.26, +1.421, +9.342,+0.993
1651508340,+3.26, +1.432, +9.318,+0.992
1651508400,+3.26, +1.432, +9.326,+0.993
1651508460,+3.26, +1.421, +9.319,+0.992
1651508520,+3.26, +1.432, +9.326,+0.993
1651508580,+3.26, +1.421, +9.337,+0.993
1651508640,+3.26, +1.421, +9.329,+0.993
1651508700,+3.26, +1.411, +9.340,+0.993
1651508760,+3.26, +1.443, +9.319,+0.992
1651508820,+3.26, +1.432, +9.324,+0.992
1651508880,+3.26, +1.411, +9.325,+0.992
1651508940,+3.26, +1.432, +9.317,+0.992
1651509000,+3.26, +1.389, +9.349,+0.993
1651509060,+3.26, +1.432, +9.324,+0.992
1651509120,+3.26, +1.389, +9.354,+0.993
1651509180,+3.26, +1.432, +9.318,+0.992
1651509240,+3.26, +1.421, +9.327,+0.992
1651509300,+3.26, +1.432, +9.318,+0.992
1651509360,+3.26, +1.411, +9.344,+0.992
1651509420,+3.26, +1.421, +9.341,+0.992
1651509480,+3.26, +1.421, +9.345,+0.993
1651509540,+3.26, +1.368, +9.358,+0.992
1651509600,+3.26, +1.432, +9.334,+0.992
1651509660,+3.26, +1.421, +9.340,+0.992
1651509720,+3.26, +1.432, +9.350,+0.993
1651509780,+3.26, +1.432, +9.327,+0.992
1651509840,+3.26, +1.443, +9.351,+0.993
1651509900,+3.26, +1.411, +9.354,+0.992
1651509960,+3.26, +1.432, +9.342,+0.992
1651510020,+3.26, +1.464, +9.331,+0.992
1651510080,+3.26, +1.454, +9.326,+0.992
1651510140,+3.26, +1.464, +9.323,+0.992
1651510200,+3.26, +1.432, +9.346,+0.992
1651510260,+3.26, +1.378, +9.364,+0.992
1651510320,+3.26, +1.454, +9.333,+0.992
1651510380,+3.26, +1.432, +9.344,+0.992
1651510440,+3.26, +1.454, +9.348,+0.993
1651510500,+3.26, +1.454, +9.336,+0.992
1651510560,+3.26, +1.454, +9.338,+0.992
1651510620,+3.26, +1.454, +9.330,+0.992
1651510680,+3.26, +1.486, +9.321,+0.993
1651510740,+3.26, +1.454, +9.324,+0.992
1651510800,+3.26, +1.443, +9.333,+0.992
1651510860,+3.26, +1.475, +9.328,+0.993
1651510920,+3.26, +1.411, +9.354,+0.992
1651510980,+3.26, +1.454, +9.320,+0.992
1651511040,+3.26, +1.454, +9.337,+0.993
1651511100,+3.26, +1.421, +9.350,+0.992
1651511160,+3.26, +1.432, +9.347,+0.992
1651511220,+3.26, +1.443, +9.323,+0.992
1651511280,+3.26, +1.443, +9.335,+0.992
1651511340,+3.26, +1.454, +9.332,+0.992
1651511400,+3.26, +1.443, +9.334,+0.992
1651511460,+3.26, +1.475, +9.326,+0.992
1651511520,+3.26, +1.464, +9.339,+0.993
1651511580,+3.26, +1.432, +9.342,+0.992
1651511640,+3.26, +1.454, +9.331,+0.992
1651511700,+3.26, +1.443, +9.332,+0.992
1651511760,+3.26, +1.475, +9.317,+0.992
1651511820,+3.26, +1.443, +9.350,+0.993
1651511880,+3.26, +1.454, +9.336,+0.992
1651511940,+3.26, +1.464, +9.342,+0.993
1651512000,+3.26, +1.432, +9.328,+0.991
1651512060,+3.26, +1.464, +9.340,+0.993
1651512120,+3.26, +1.464, +9.333,+0.992
1651512180,+3.26, +1.464, +9.330,+0.992
1651512240,+3.26, +1.475, +9.338,+0.993
1651512300,+3.26, +1.464, +9.340,+0.992
1651512360,+3.26, +1.486, +9.330,+0.992
1651512420,+3.26, +1.432, +9.358,+0.993
1651512480,+3.26, +1.518, +9.320,+0.992
1651512540,+3.26, +1.454, +9.342,+0.992
1651512600,+3.26, +1.464, +9.347,+0.993
1651512660,+3.26, +1.496, +9.337,+0.992
1651512720,+3.26, +1.475, +9.335,+0.992
1651512780,+3.26, +1.507, +9.317,+0.992
1651512840,+3.26, +1.496, +9.335,+0.992
1651512900,+3.26, +1.496, +9.330,+0.992
1651512960,+3.26, +1.486, +9.330,+0.992
1651513020,+3.26, +1.507, +9.326,+0.992
1651513080,+3.26, +1.518, +9.326,+0.993
1651513140,+3.26, +1.475, +9.329,+0.992
1651513200,+3.26, +1.507, +9.321,+0.992
1651513260,+3.26, +1.486, +9.316,+0.991
1651513320,+3.26, +1.507, +9.337,+0.993
1651513380,+3.26, +1.486, +9.325,+0.992
1651513440,+3.26, +1.486, +9.328,+0.992
1651513500,+3.26, +1.475, +9.339,+0.992
1651513560,+3.26, +1.496, +9.327,+0.992
1651513620,+3.26, +1.496, +9.332,+0.992
1651513680,+3.26, +1.443, +9.348,+0.992
1651513740,+3.26, +1.486, +9.325,+0.992
1651513800,+3.26, +1.496, +9.336,+0.993
1651513860,+3.26, +1.518, +9.327,+0.992
1651513920,+3.26, +1.496, +9.333,+0.992
1651513980,+3.26, +1.507, +9.320,+0.992
1651514040,+3.26, +1.496, +9.335,+0.993
1651514100,+3.26, +1.464, +9.342,+0.992
1651514160,+3.26, +1.421, +9.368,+0.992
1651514220,+3.26, +1.507, +9.328,+0.992
1651514280,+3.26, +1.518, +9.304,+0.991
1651514340,+3.26, +1.507, +9.330,+0.992
1651514400,+3.26, +1.496, +9.337,+0.992
1651514460,+3.26, +1.518, +9.329,+0.993
1651514520,+3.26, +1.518, +9.329,+0.992
1651514580,+3.26, +1.529, +9.321,+0.992
1651514640,+3.26, +1.518, +9.330,+0.992
1651514700,+3.26, +1.507, +9.335,+0.992
1651514760,+3.26, +1.518, +9.333,+0.992
1651514820,+3.26, +1.529, +9.323,+0.992
1651514880,+3.26, +1.486, +9.344,+0.992
1651514940,+3.26, +1.518, +9.332,+0.992
1651515000,+3.26, +1.550, +9.317,+0.992
1651515060,+3.26, +1.550, +9.328,+0.992
1651515120,+3.26, +1.539, +9.329,+0.992
1651515180,+3.26, +1.550, +9.326,+0.992
1651515240,+3.26, +1.561, +9.318,+0.992
1651515300,+3.26, +1.561, +9.316,+0.992
1651515360,+3.26, +1.582, +9.315,+0.992
1651515420,+3.26, +1.561, +9.324,+0.992
1651515480,+3.26, +1.571, +9.328,+0.993
1651515540,+3.26, +1.518, +9.335,+0.992
1651515600,+3.26, +1.529, +9.332,+0.992
1651515660,+3.26, +1.561, +9.335,+0.993
1651515720,+3.26, +1.582, +9.325,+0.993
1651515780,+3.26, +1.582, +9.316,+0.992
1651515840,+3.26, +1.604, +9.313,+0.992
1651515900,+3.26, +1.604, +9.323,+0.993
1651515960,+3.26, +1.571, +9.333,+0.992
1651516020,+3.26, +1.593, +9.329,+0.993
1651516080,+3.26, +1.604, +9.322,+0.993
1651516140,+3.26, +1.593, +9.317,+0.992
1651516200,+3.26, +1.593, +9.305,+0.992
1651516260,+3.26, +1.582, +9.315,+0.992
1651516320,+3.26, +1.593, +9.311,+0.992
1651516380,+3.26, +1.604, +9.295,+0.992
1651516440,+3.26, +1.604, +9.299,+0.992
1651516500,+3.26, +1.604, +9.308,+0.992
1651516560,+3.26, +1.582, +9.305,+0.992
1651516620,+3.26, +1.593, +9.303,+0.992
1651516680,+3.26, +1.593, +9.301,+0.992
1651516740,+3.26, +1.593, +9.302,+0.992
1651516800,+3.26, +1.604, +9.295,+0.992
1651516860,+3.26, +1.614, +9.305,+0.992
1651516920,+3.26, +1.593, +9.305,+0.992
1651516980,+3.26, +1.571, +9.311,+0.992
1651517040,+3.26, +1.614, +9.309,+0.993
1651517100,+3.26, +1.614, +9.296,+0.992
1651517160,+3.26, +1.614, +9.290,+0.992
1651517220,+3.26, +1.614, +9.305,+0.993
1651517280,+3.26, +1.614, +9.303,+0.992
1651517340,+3.26, +1.614, +9.318,+0.993
1651517400,+3.26, +1.625, +9.322,+0.993
1651517460,+3.26, +1.625, +9.305,+0.992
1651517520,+3.26, +1.593, +9.325,+0.993
1651517580,+3.26, +1.614, +9.306,+0.992
1651517640,+3.26, +1.614, +9.314,+0.993
1651517700,+3.26, +1.625, +9.297,+0.992
1651517760,+3.26, +1.614, +9.304,+0.992
1651517820,+3.26, +1.625, +9.304,+0.992
1651517880,+3.26, +1.614, +9.318,+0.993
1651517940,+3.26, +1.604, +9.314,+0.992
1651518000,+3.26, +1.582, +9.316,+0.992
1651518060,+3.26, +1.625, +9.311,+0.992
1651518120,+3.26, +1.582, +9.322,+0.993
1651518180,+3.26, +1.614, +9.311,+0.993
1651518240,+3.26, +1.571, +9.315,+0.992
1651518300,+3.26, +1.614, +9.295,+0.992
1651518360,+3.26, +1.614, +9.301,+0.992
1651518420,+3.26, +1.582, +9.314,+0.992
1651518480,+3.26, +1.604, +9.308,+0.992
1651518540,+3.26, +1.582, +9.321,+0.992
1651518600,+3.26, +1.604, +9.307,+0.992
1651518660,+3.26, +1.604, +9.318,+0.993
1651518720,+3.26, +1.625, +9.313,+0.993
1651518780,+3.26, +1.625, +9.312,+0.992
1651518840,+3.26, +1.636, +9.303,+0.992
1651518900,+3.26, +1.614, +9.320,+0.993
1651518960,+3.26, +1.646, +9.294,+0.992
1651519020,+3.26, +1.657, +9.301,+0.992
1651519080,+3.26, +1.625, +9.313,+0.992
1651519140,+3.26, +1.636, +9.298,+0.992
1651519200,+3.26, +1.614, +9.308,+0.992
1651519260,+3.26, +1.604, +9.305,+0.991
1651519320,+3.26, +1.614, +9.316,+0.992
1651519380,+3.26, +1.614, +9.320,+0.993
1651519440,+3.26, +1.625, +9.311,+0.992
1651519500,+3.26, +1.636, +9.305,+0.992
1651519560,+3.26, +1.604, +9.322,+0.993
1651519620,+3.26, +1.625, +9.320,+0.993
1651519680,+3.26, +1.625, +9.305,+0.992
1651519740,+3.26, +1.646, +9.302,+0.992
1651519800,+3.26, +1.646, +9.304,+0.992
1651519860,+3.26, +1.636, +9.293,+0.992
1651519920,+3.26, +1.657, +9.302,+0.992
1651519980,+3.26, +1.657, +9.304,+0.992
1651520040,+3.26, +1.668, +9.293,+0.992
1651520100,+3.26, +1.646, +9.314,+0.992
1651520160,+3.26, +1.668, +9.326,+0.993
1651520220,+3.26, +1.678, +9.302,+0.992
1651520280,+3.26, +1.710, +9.295,+0.992
1651520340,+3.26, +1.700, +9.302,+0.992
1651520400,+3.26, +1.710, +9.300,+0.992
1651520460,+3.26, +1.710, +9.300,+0.992
1651520520,+3.26, +1.689, +9.309,+0.992
1651520580,+3.26, +1.700, +9.302,+0.992
1651520640,+3.26, +1.710, +9.288,+0.991
1651520700,+3.26, +1.700, +9.302,+0.992
1651520760,+3.26, +1.710, +9.297,+0.993
1651520820,+3.26, +1.689, +9.288,+0.992
1651520880,+3.26, +1.700, +9.279,+0.992
1651520940,+3.26, +1.710, +9.293,+0.992
1651521000,+3.26, +1.689, +9.298,+0.993
1651521060,+3.26, +1.689, +9.287,+0.992
1651521120,+3.26, +1.678, +9.289,+0.992
1651521180,+3.26, +1.657, +9.293,+0.992
1651521240,+3.26, +1.689, +9.289,+0.992
1651521300,+3.26, +1.678, +9.292,+0.992
1651521360,+3.26, +1.678, +9.280,+0.992
1651521420,+3.26, +1.689, +9.285,+0.992
1651521480,+3.26, +1.657, +9.302,+0.992
1651521540,+3.26, +1.668, +9.283,+0.992
1651521600,+3.26, +1.689, +9.269,+0.991
1651521660,+3.26, +1.668, +9.293,+0.992
1651521720,+3.26, +1.668, +9.291,+0.992
1651521780,+3.26, +1.700, +9.292,+0.992
1651521840,+3.26, +1.689, +9.283,+0.992
1651521900,+3.26, +1.657, +9.305,+0.992
1651521960,+3.26, +1.689, +9.281,+0.992
1651522020,+3.26, +1.689, +9.281,+0.992
1651522080,+3.26, +1.668, +9.303,+0.992
1651522140,+3.26, +1.710, +9.295,+0.992
1651522200,+3.26, +1.689, +9.290,+0.992
1651522260,+3.26, +1.700, +9.282,+0.992
1651522320,+3.26, +1.710, +9.279,+0.992
1651522380,+3.25, +1.700, +9.296,+0.992
1651522440,+3.26, +1.657, +9.304,+0.992
1651522500,+3.26, +1.710, +9.277,+0.992
1651522560,+3.26, +1.689, +9.300,+0.992
1651522620,+3.26, +1.721, +9.290,+0.992
1651522680,+3.26, +1.732, +9.279,+0.992
1651522740,+3.26, +1.700, +9.302,+0.992
1651522800,+3.26, +1.710, +9.308,+0.992
1651522860,+3.26, +1.742, +9.279,+0.991
1651522920,+3.26, +1.732, +9.289,+0.992
1651522980,+3.26, +1.742, +9.302,+0.992
1651523040,+3.26, +1.742, +9.292,+0.992
1651523100,+3.26, +1.764, +9.289,+0.992
1651523160,+3.26, +1.785, +9.277,+0.992
1651523220,+3.26, +1.806, +9.278,+0.992
1651523280,+3.26, +1.764, +9.287,+0.991
1651523340,+3.26, +1.806, +9.275,+0.991
1651523400,+3.26, +1.796, +9.270,+0.991
1651523460,+3.26, +1.774, +9.276,+0.991
1651523520,+3.25, +1.828, +9.272,+0.992
1651523580,+3.26, +1.817, +9.263,+0.991
1651523640,+3.26, +1.806, +9.276,+0.991
1651523700,+3.26, +1.849, +9.232,+0.990
1651523760,+3.26, +1.806, +9.260,+0.991
1651523820,+3.26, +1.806, +9.241,+0.991
1651523880,+3.25, +1.785, +9.253,+0.991
1651523940,+3.26, +1.764, +9.267,+0.992
1651524000,+3.26, +1.796, +9.241,+0.991
1651524060,+3.26, +1.817, +9.233,+0.991
1651524120,+3.26, +1.764, +9.260,+0.991
1651524180,+3.26, +1.764, +9.263,+0.992
1651524240,+3.26, +1.785, +9.251,+0.991
1651524300,+3.26, +1.806, +9.251,+0.992
1651524360,+3.26, +1.838, +9.228,+0.992
1651524420,+3.26, +1.817, +9.250,+0.992
1651524480,+3.26, +1.817, +9.240,+0.992
1651524540,+3.26, +1.817, +9.246,+0.992
1651524600,+3.26, +1.817, +9.241,+0.992
1651524660,+3.26, +1.838, +9.243,+0.992
1651524720,+3.26, +1.817, +9.251,+0.992
1651524780,+3.25, +1.817, +9.251,+0.992
1651524840,+3.26, +1.817, +9.250,+0.992
1651524900,+3.26, +1.828, +9.253,+0.992
1651524960,+3.26, +1.817, +9.245,+0.992
1651525020,+3.26, +1.806, +9.257,+0.992
1651525080,+3.26, +1.796, +9.261,+0.992
1651525140,+3.26, +1.838, +9.257,+0.992
1651525200,+3.26, +1.828, +9.251,+0.992
1651525260,+3.25, +1.828, +9.246,+0.992
1651525320,+3.26, +1.796, +9.261,+0.992
1651525380,+3.26, +1.817, +9.239,+0.992
1651525440,+3.26, +1.817, +9.252,+0.992
1651525500,+3.26, +1.796, +9.253,+0.992
1651525560,+3.26, +1.796, +9.257,+0.992
1651525620,+3.26, +1.764, +9.273,+0.992
1651525680,+3.26, +1.774, +9.261,+0.992
1651525740,+3.26, +1.753, +9.279,+0.992
1651525800,+3.26, +1.742, +9.280,+0.992
1651525860,+3.26, +1.742, +9.281,+0.992
1651525920,+3.26, +1.764, +9.275,+0.992
1651525980,+3.26, +1.785, +9.256,+0.992
1651526040,+3.26, +1.753, +9.260,+0.992
1651526100,+3.26, +1.742, +9.272,+0.992
1651526160,+3.26, +1.732, +9.267,+0.992
1651526220,+3.26, +1.753, +9.263,+0.992
1651526280,+3.26, +1.742, +9.261,+0.992
1651526340,+3.26, +1.710, +9.282,+0.992
1651526400,+3.26, +1.732, +9.266,+0.991
1651526460,+3.26, +1.710, +9.280,+0.992
1651526520,+3.25, +1.710, +9.281,+0.992
1651526580,+3.26, +1.732, +9.270,+0.992
1651526640,+3.26, +1.732, +9.268,+0.992
1651526700,+3.26, +1.721, +9.284,+0.992
1651526760,+3.26, +1.732, +9.262,+0.991
1651526820,+3.26, +1.742, +9.257,+0.992
1651526880,+3.26, +1.700, +9.276,+0.992
1651526940,+3.26, +1.742, +9.279,+0.992
1651527000,+3.26, +1.753, +9.269,+0.992
1651527060,+3.26, +1.774, +9.258,+0.992
1651527120,+3.26, +1.742, +9.266,+0.992
1651527180,+3.26, +1.732, +9.269,+0.992
1651527240,+3.26, +1.732, +9.280,+0.993
1651527300,+3.25, +1.753, +9.256,+0.992
1651527360,+3.26, +1.774, +9.265,+0.993
1651527420,+3.26, +1.774, +9.250,+0.992
1651527480,+3.26, +1.785, +9.239,+0.992
1651527540,+3.26, +1.742, +9.255,+0.992
1651527600,+3.26, +1.721, +9.264,+0.992
1651527660,+3.25, +1.721, +9.276,+0.993
1651527720,+3.26, +1.721, +9.288,+0.993
1651527780,+3.26, +1.796, +9.246,+0.992
1651527840,+3.26, +1.753, +9.266,+0.992
1651527900,+3.26, +1.785, +9.255,+0.992
1651527960,+3.26, +1.764, +9.260,+0.992
1651528020,+3.26, +1.764, +9.249,+0.992
1651528080,+3.25, +1.774, +9.270,+0.993
1651528140,+3.25, +1.764, +9.248,+0.992
1651528200,+3.26, +1.806, +9.244,+0.993
1651528260,+3.25, +1.764, +9.247,+0.992
1651528320,+3.26, +1.732, +9.262,+0.992
1651528380,+3.25, +1.774, +9.250,+0.992
1651528440,+3.25, +1.732, +9.276,+0.993
1651528500,+3.26, +1.796, +9.249,+0.993
1651528560,+3.26, +1.774, +9.246,+0.992
1651528620,+3.26, +1.753, +9.252,+0.992
1651528680,+3.26, +1.774, +9.231,+0.991
1651528740,+3.26, +1.753, +9.252,+0.992
1651528800,+3.26, +1.817, +9.239,+0.992
1651528860,+3.26, +1.785, +9.240,+0.992
1651528920,+3.25, +1.764, +9.242,+0.992
1651528980,+3.25, +1.764, +9.233,+0.991
1651529040,+3.25, +1.764, +9.233,+0.992
1651529100,+3.25, +1.753, +9.241,+0.992
1651529160,+3.25, +1.753, +9.239,+0.992
1651529220,+3.26, +1.721, +9.258,+0.992
1651529280,+3.26, +1.668, +9.273,+0.991
1651529340,+3.26, +1.742, +9.242,+0.992
1651529400,+3.25, +1.689, +9.276,+0.992
1651529460,+3.26, +1.742, +9.248,+0.992
1651529520,+3.26, +1.710, +9.265,+0.992
1651529580,+3.26, +1.732, +9.255,+0.992
1651529640,+3.25, +1.732, +9.252,+0.992
1651529700,+3.25, +1.742, +9.254,+0.992
1651529760,+3.26, +1.721, +9.255,+0.992
1651529820,+3.26, +1.732, +9.253,+0.992
1651529880,+3.25, +1.732, +9.250,+0.992
1651529940,+3.25, +1.721, +9.246,+0.992
1651530000,+3.25, +1.721, +9.250,+0.992
1651530060,+3.26, +1.700, +9.273,+0.993
1651530120,+3.26, +1.710, +9.256,+0.992
1651530180,+3.25, +1.721, +9.261,+0.992
1651530240,+3.25, +1.721, +9.246,+0.992
1651530300,+3.25, +1.732, +9.242,+0.992
1651530360,+3.26, +1.689, +9.269,+0.992
1651530420,+3.25, +1.721, +9.246,+0.992
1651530480,+3.26, +1.721, +9.251,+0.992
1651530540,+3.25, +1.721, +9.256,+0.992
1651530600,+3.25, +1.710, +9.245,+0.992
1651530660,+3.25, +1.721, +9.238,+0.992
1651530720,+3.25, +1.678, +9.233,+0.991
1651530780,+3.26, +1.657, +9.232,+0.991
1651530840,+3.26, +1.668, +9.243,+0.992
1651530900,+3.26, +1.657, +9.220,+0.992
1651530960,+3.25, +1.636, +9.260,+0.992
1651531020,+3.26, +1.657, +9.261,+0.992
1651531080,+3.26, +1.700, +9.248,+0.992
1651531140,+3.25, +1.689, +9.254,+0.992
1651531200,+3.26, +1.710, +9.262,+0.992
1651531260,+3.25, +1.689, +9.259,+0.992
1651531320,+3.25, +1.710, +9.242,+0.992
1651531380,+3.26, +1.700, +9.247,+0.992
1651531440,+3.26, +1.700, +9.257,+0.992
1651531500,+3.26, +1.721, +9.246,+0.992
1651531560,+3.26, +1.700, +9.252,+0.992
1651531620,+3.26, +1.700, +9.254,+0.992
1651531680,+3.26, +1.689, +9.264,+0.992
1651531740,+3.26, +1.689, +9.259,+0.992
1651531800,+3.26, +1.689, +9.266,+0.993
1651531860,+3.25, +1.689, +9.259,+0.992
1651531920,+3.26, +1.636, +9.283,+0.992
1651531980,+3.25, +1.700, +9.258,+0.992
1651532040,+3.26, +1.678, +9.265,+0.991
1651532100,+3.26, +1.668, +9.279,+0.992
1651532160,+3.26, +1.646, +9.286,+0.993
1651532220,+3.25, +1.668, +9.272,+0.992
1651532280,+3.25, +1.700, +9.267,+0.993
1651532340,+3.26, +1.614, +9.297,+0.992
1651532400,+3.25, +1.646, +9.271,+0.992
1651532460,+3.26, +1.646, +9.292,+0.992
1651532520,+3.26, +1.668, +9.275,+0.992
1651532580,+3.26, +1.668, +9.262,+0.992
1651532640,+3.26, +1.689, +9.263,+0.992
1651532700,+3.25, +1.678, +9.272,+0.992
1651532760,+3.26, +1.678, +9.250,+0.991
1651532820,+3.25, +1.657, +9.272,+0.992
1651532880,+3.25, +1.700, +9.256,+0.992
1651532940,+3.25, +1.678, +9.256,+0.992
1651533000,+3.26, +1.678, +9.251,+0.992
1651533060,+3.26, +1.646, +9.268,+0.992
1651533120,+3.26, +1.668, +9.261,+0.992
1651533180,+3.25, +1.678, +9.265,+0.992
1651533240,+3.26, +1.657, +9.262,+0.992
1651533300,+3.25, +1.678, +9.255,+0.992
1651533360,+3.26, +1.678, +9.261,+0.992
1651533420,+3.26, +1.678, +9.259,+0.992
1651533480,+3.25, +1.668, +9.250,+0.992
1651533540,+3.25, +1.636, +9.267,+0.992
1651533600,+3.25, +1.657, +9.262,+0.992
1651533660,+3.26, +1.678, +9.264,+0.992
1651533720,+3.25, +1.614, +9.284,+0.992
1651533780,+3.26, +1.646, +9.263,+0.992
1651533840,+3.25, +1.657, +9.270,+0.992
1651533900,+3.25, +1.678, +9.260,+0.992
1651533960,+3.25, +1.678, +9.251,+0.992
1651534020,+3.25, +1.657, +9.264,+0.992
1651534080,+3.26, +1.668, +9.251,+0.992
1651534140,+3.26, +1.625, +9.275,+0.992
1651534200,+3.26, +1.657, +9.254,+0.992
1651534260,+3.25, +1.625, +9.273,+0.992
1651534320,+3.26, +1.657, +9.267,+0.992
1651534380,+3.25, +1.657, +9.275,+0.993
1651534440,+3.26, +1.668, +9.245,+0.991
1651534500,+3.25, +1.657, +9.257,+0.992
1651534560,+3.25, +1.657, +9.268,+0.992
1651534620,+3.26, +1.657, +9.261,+0.992
1651534680,+3.25, +1.657, +9.269,+0.992
1651534740,+3.26, +1.636, +9.279,+0.992
1651534800,+3.25, +1.636, +9.261,+0.992
1651534860,+3.26, +1.636, +9.273,+0.992
1651534920,+3.25, +1.625, +9.275,+0.992
1651534980,+3.25, +1.668, +9.253,+0.992
1651535040,+3.25, +1.646, +9.270,+0.992
1651535100,+3.25, +1.668, +9.254,+0.992
1651535160,+3.26, +1.625, +9.262,+0.991
1651535220,+3.26, +1.657, +9.267,+0.992
1651535280,+3.25, +1.646, +9.256,+0.992
1651535340,+3.25, +1.646, +9.268,+0.992
1651535400,+3.25, +1.700, +9.240,+0.992
1651535460,+3.25, +1.646, +9.255,+0.992
1651535520,+3.25, +1.657, +9.254,+0.992
1651535580,+3.25, +1.625, +9.260,+0.991
1651535640,+3.25, +1.657, +9.251,+0.992
1651535700,+3.25, +1.636, +9.251,+0.992
1651535760,+3.25, +1.625, +9.254,+0.992
1651535820,+3.25, +1.604, +9.260,+0.992
1651535880,+3.26, +1.614, +9.245,+0.991
1651535940,+3.25, +1.604, +9.255,+0.992
1651536000,+3.25, +1.614, +9.273,+0.993
1651536060,+3.25, +1.614, +9.264,+0.992
1651536120,+3.25, +1.636, +9.248,+0.992
1651536180,+3.25, +1.625, +9.253,+0.992
1651536240,+3.26, +1.625, +9.268,+0.992
1651536300,+3.25, +1.614, +9.277,+0.993
1651536360,+3.25, +1.636, +9.246,+0.992
1651536420,+3.25, +1.636, +9.265,+0.992
1651536480,+3.25, +1.593, +9.279,+0.992
1651536540,+3.26, +1.593, +9.274,+0.992
1651536600,+3.25, +1.646, +9.249,+0.992
1651536660,+3.25, +1.625, +9.268,+0.992
1651536720,+3.25, +1.646, +9.250,+0.992
1651536780,+3.25, +1.636, +9.251,+0.992
1651536840,+3.25, +1.625, +9.249,+0.992
1651536900,+3.25, +1.636, +9.253,+0.992
1651536960,+3.25, +1.604, +9.270,+0.992
1651537020,+3.26, +1.636, +9.264,+0.993
1651537080,+3.25, +1.571, +9.287,+0.992
1651537140,+3.26, +1.614, +9.255,+0.992
1651537200,+3.25, +1.625, +9.279,+0.993
1651537260,+3.25, +1.625, +9.261,+0.992
1651537320,+3.25, +1.614, +9.257,+0.992
1651537380,+3.25, +1.614, +9.265,+0.992
1651537440,+3.25, +1.625, +9.248,+0.992
1651537500,+3.25, +1.571, +9.277,+0.992
1651537560,+3.25, +1.604, +9.261,+0.992
1651537620,+3.25, +1.593, +9.282,+0.993
1651537680,+3.25, +1.625, +9.271,+0.993
1651537740,+3.25, +1.604, +9.272,+0.992
1651537800,+3.25, +1.614, +9.263,+0.992
1651537860,+3.25, +1.604, +9.267,+0.992
1651537920,+3.25, +1.604, +9.256,+0.992
1651537980,+3.25, +1.625, +9.253,+0.992
1651538040,+3.25, +1.614, +9.242,+0.991
1651538100,+3.26, +1.604, +9.263,+0.992
1651538160,+3.25, +1.593, +9.261,+0.992
1651538220,+3.25, +1.614, +9.251,+0.992
1651538280,+3.25, +1.582, +9.264,+0.992
1651538340,+3.25, +1.614, +9.252,+0.992
1651538400,+3.25, +1.614, +9.248,+0.992
1651538460,+3.25, +1.582, +9.273,+0.992
1651538520,+3.25, +1.593, +9.260,+0.992
1651538580,+3.25, +1.604, +9.264,+0.992
1651538640,+3.25, +1.604, +9.259,+0.992
1651538700,+3.25, +1.561, +9.282,+0.992
1651538760,+3.26, +1.604, +9.268,+0.992
1651538820,+3.25, +1.571, +9.274,+0.992
1651538880,+3.25, +1.604, +9.259,+0.992
1651538940,+3.25, +1.593, +9.257,+0.992
1651539000,+3.25, +1.593, +9.279,+0.992
1651539060,+3.25, +1.604, +9.266,+0.992
1651539120,+3.25, +1.593, +9.265,+0.992
1651539180,+3.25, +1.571, +9.262,+0.992
1651539240,+3.25, +1.593, +9.258,+0.991
1651539300,+3.25, +1.561, +9.280,+0.992
1651539360,+3.25, +1.582, +9.263,+0.992
1651539420,+3.25, +1.604, +9.267,+0.992
1651539480,+3.25, +1.582, +9.258,+0.992
1651539540,+3.25, +1.593, +9.264,+0.992
1651539600,+3.25, +1.604, +9.261,+0.992
1651539660,+3.25, +1.582, +9.264,+0.992
1651539720,+3.25, +1.604, +9.253,+0.992
1651539780,+3.25, +1.593, +9.267,+0.992
1651539840,+3.26, +1.561, +9.269,+0.992
1651539900,+3.25, +1.571, +9.260,+0.992
1651539960,+3.25, +1.571, +9.261,+0.992
1651540020,+3.25, +1.582, +9.258,+0.992
1651540080,+3.25, +1.561, +9.261,+0.991
1651540140,+3.26, +1.593, +9.252,+0.992
1651540200,+3.25, +1.561, +9.262,+0.992
1651540260,+3.25, +1.561, +9.263,+0.992
1651540320,+3.26, +1.582, +9.260,+0.992
1651540380,+3.25, +1.582, +9.253,+0.992
1651540440,+3.25, +1.571, +9.261,+0.992
1651540500,+3.25, +1.571, +9.263,+0.992
1651540560,+3.25, +1.582, +9.267,+0.992
1651540620,+3.25, +1.593, +9.247,+0.991
1651540680,+3.25, +1.604, +9.257,+0.992
1651540740,+3.25, +1.593, +9.258,+0.992
1651540800,+3.25, +1.604, +9.254,+0.992
1651540860,+3.25, +1.582, +9.268,+0.992
1651540920,+3.25, +1.571, +9.279,+0.993
1651540980,+3.25, +1.582, +9.263,+0.992
1651541040,+3.25, +1.571, +9.272,+0.992
1651541100,+3.25, +1.582, +9.252,+0.991
1651541160,+3.25, +1.561, +9.273,+0.992
1651541220,+3.25, +1.550, +9.277,+0.992
1651541280,+3.25, +1.561, +9.270,+0.992
1651541340,+3.25, +1.614, +9.247,+0.992
1651541400,+3.25, +1.561, +9.277,+0.992
1651541460,+3.26, +1.561, +9.274,+0.992
1651541520,+3.25, +1.518, +9.288,+0.992
1651541580,+3.25, +1.550, +9.265,+0.992
1651541640,+3.25, +1.529, +9.288,+0.993
1651541700,+3.25, +1.539, +9.268,+0.992
1651541760,+3.25, +1.518, +9.276,+0.992
1651541820,+3.26, +1.539, +9.264,+0.992
1651541880,+3.25, +1.507, +9.284,+0.992
1651541940,+3.25, +1.507, +9.282,+0.992
1651542000,+3.25, +1.550, +9.280,+0.993
1651542060,+3.25, +1.529, +9.273,+0.992
1651542120,+3.25, +1.539, +9.274,+0.992
1651542180,+3.25, +1.550, +9.268,+0.992
1651542240,+3.25, +1.550, +9.263,+0.992
1651542300,+3.25, +1.571, +9.265,+0.992
1651542360,+3.25, +1.550, +9.277,+0.992
1651542420,+3.25, +1.550, +9.262,+0.992
1651542480,+3.25, +1.529, +9.263,+0.991
1651542540,+3.25, +1.529, +9.278,+0.992
1651542600,+3.25, +1.550, +9.263,+0.992
1651542660,+3.25, +1.550, +9.254,+0.991
1651542720,+3.25, +1.571, +9.270,+0.993
1651542780,+3.25, +1.550, +9.272,+0.992
1651542840,+3.25, +1.561, +9.269,+0.992
1651542900,+3.25, +1.539, +9.260,+0.991
1651542960,+3.25, +1.561, +9.256,+0.992
1651543020,+3.25, +1.529, +9.273,+0.992
1651543080,+3.25, +1.550, +9.273,+0.992
1651543140,+3.25, +1.550, +9.272,+0.992
1651543200,+3.25, +1.529, +9.268,+0.992
1651543260,+3.25, +1.539, +9.265,+0.992
1651543320,+3.25, +1.518, +9.284,+0.992
1651543380,+3.25, +1.550, +9.270,+0.992
1651543440,+3.25, +1.529, +9.272,+0.992
1651543500,+3.25, +1.561, +9.267,+0.992
1651543560,+3.25, +1.507, +9.285,+0.992
1651543620,+3.25, +1.582, +9.254,+0.992
1651543680,+3.25, +1.571, +9.246,+0.992
1651543740,+3.25, +1.518, +9.275,+0.992
1651543800,+3.25, +1.539, +9.267,+0.992
1651543860,+3.25, +1.518, +9.270,+0.991
1651543920,+3.25, +1.550, +9.242,+0.991
1651543980,+3.25, +1.561, +9.254,+0.992
1651544040,+3.25, +1.529, +9.269,+0.992
1651544100,+3.25, +1.518, +9.276,+0.992
1651544160,+3.25, +1.550, +9.270,+0.992
1651544220,+3.25, +1.561, +9.265,+0.992
1651544280,+3.25, +1.529, +9.260,+0.991
1651544340,+3.25, +1.561, +9.279,+0.993
1651544400,+3.25, +1.507, +9.274,+0.992
1651544460,+3.25, +1.529, +9.272,+0.992
1651544520,+3.25, +1.529, +9.265,+0.991
1651544580,+3.25, +1.496, +9.287,+0.992
1651544640,+3.25, +1.561, +9.255,+0.992
1651544700,+3.25, +1.507, +9.278,+0.992
1651544760,+3.25, +1.539, +9.274,+0.992
1651544820,+3.26, +1.507, +9.280,+0.992
1651544880,+3.25, +1.539, +9.258,+0.992
1651544940,+3.25, +1.496, +9.278,+0.992
1651545000,+3.25, +1.529, +9.276,+0.992
1651545060,+3.25, +1.539, +9.265,+0.992
1651545120,+3.25, +1.507, +9.287,+0.992
1651545180,+3.25, +1.529, +9.272,+0.992
1651545240,+3.25, +1.518, +9.280,+0.992
1651545300,+3.25, +1.496, +9.279,+0.992
1651545360,+3.25, +1.529, +9.272,+0.992
1651545420,+3.25, +1.518, +9.288,+0.993
1651545480,+3.25, +1.507, +9.285,+0.992
1651545540,+3.25, +1.507, +9.279,+0.992
1651545600,+3.25, +1.518, +9.274,+0.992
1651545660,+3.25, +1.507, +9.287,+0.992
1651545720,+3.25, +1.507, +9.289,+0.992
1651545780,+3.25, +1.507, +9.267,+0.991
1651545840,+3.25, +1.507, +9.280,+0.992
1651545900,+3.25, +1.486, +9.288,+0.992
1651545960,+3.25, +1.496, +9.277,+0.992
1651546020,+3.25, +1.496, +9.274,+0.991
1651546080,+3.25, +1.518, +9.283,+0.992
1651546140,+3.25, +1.496, +9.292,+0.992
1651546200,+3.25, +1.529, +9.272,+0.992
1651546260,+3.25, +1.518, +9.278,+0.992
1651546320,+3.25, +1.496, +9.275,+0.991
1651546380,+3.25, +1.518, +9.264,+0.991
1651546440,+3.25, +1.496, +9.280,+0.992
1651546500,+3.25, +1.486, +9.279,+0.991
1651546560,+3.25, +1.475, +9.288,+0.992
1651546620,+3.25, +1.529, +9.274,+0.992
1651546680,+3.25, +1.496, +9.283,+0.992
1651546740,+3.25, +1.454, +9.290,+0.991
1651546800,+3.25, +1.496, +9.277,+0.992
1651546860,+3.25, +1.529, +9.263,+0.992
1651546920,+3.25, +1.486, +9.281,+0.992
1651546980,+3.25, +1.496, +9.283,+0.992
1651547040,+3.25, +1.486, +9.287,+0.992
1651547100,+3.25, +1.475, +9.268,+0.991
1651547160,+3.25, +1.475, +9.285,+0.992
1651547220,+3.25, +1.496, +9.273,+0.991
1651547280,+3.25, +1.475, +9.275,+0.991
1651547340,+3.25, +1.486, +9.278,+0.992
1651547400,+3.25, +1.464, +9.288,+0.992
1651547460,+3.25, +1.486, +9.267,+0.991
1651547520,+3.25, +1.529, +9.258,+0.992
1651547580,+3.25, +1.475, +9.281,+0.992
1651547640,+3.25, +1.486, +9.283,+0.992
1651547700,+3.25, +1.496, +9.278,+0.992
1651547760,+3.25, +1.486, +9.276,+0.992
1651547820,+3.25, +1.496, +9.279,+0.992
1651547880,+3.25, +1.464, +9.303,+0.993
1651547940,+3.25, +1.518, +9.268,+0.992
1651548000,+3.25, +1.529, +9.267,+0.992
1651548060,+3.25, +1.475, +9.284,+0.992
1651548120,+3.25, +1.464, +9.288,+0.992
1651548180,+3.25, +1.475, +9.293,+0.992
1651548240,+3.25, +1.475, +9.286,+0.992
1651548300,+3.25, +1.475, +9.286,+0.992
1651548360,+3.25, +1.464, +9.274,+0.991
1651548420,+3.25, +1.475, +9.277,+0.992
1651548480,+3.25, +1.475, +9.280,+0.992
1651548540,+3.25, +1.464, +9.280,+0.992
1651548600,+3.25, +1.464, +9.281,+0.992
1651548660,+3.25, +1.464, +9.276,+0.992
1651548720,+3.25, +1.454, +9.296,+0.992
1651548780,+3.25, +1.464, +9.281,+0.992
1651548840,+3.25, +1.475, +9.277,+0.992
1651548900,+3.25, +1.475, +9.285,+0.992
1651548960,+3.25, +1.475, +9.271,+0.992
1651549020,+3.25, +1.464, +9.283,+0.993
1651549080,+3.25, +1.475, +9.282,+0.992
1651549140,+3.26, +1.475, +9.281,+0.992
1651549200,+3.25, +1.454, +9.287,+0.992
1651549260,+3.25, +1.464, +9.284,+0.992
1651549320,+3.25, +1.464, +9.278,+0.992
1651549380,+3.25, +1.443, +9.282,+0.992
1651549440,+3.25, +1.432, +9.293,+0.992
1651549500,+3.25, +1.421, +9.299,+0.992
1651549560,+3.25, +1.443, +9.290,+0.992
1651549620,+3.25, +1.464, +9.280,+0.992
1651549680,+3.25, +1.475, +9.277,+0.992
1651549740,+3.25, +1.464, +9.281,+0.992
1651549800,+3.25, +1.454, +9.287,+0.992
1651549860,+3.25, +1.454, +9.287,+0.992
1651549920,+3.25, +1.507, +9.263,+0.992
1651549980,+3.25, +1.454, +9.286,+0.992
1651550040,+3.25, +1.486, +9.270,+0.992
1651550100,+3.25, +1.464, +9.294,+0.992
1651550160,+3.25, +1.443, +9.294,+0.992
1651550220,+3.25, +1.454, +9.288,+0.992
1651550280,+3.25, +1.454, +9.283,+0.992
1651550340,+3.25, +1.443, +9.285,+0.992
1651550400,+3.25, +1.443, +9.285,+0.991
1651550460,+3.25, +1.454, +9.276,+0.991
1651550520,+3.25, +1.432, +9.284,+0.991
1651550580,+3.25, +1.454, +9.286,+0.992
1651550640,+3.25, +1.454, +9.283,+0.992
1651550700,+3.25, +1.443, +9.299,+0.992
1651550760,+3.25, +1.432, +9.293,+0.992
1651550820,+3.25, +1.432, +9.284,+0.992
1651550880,+3.25, +1.464, +9.280,+0.992
1651550940,+3.25, +1.421, +9.293,+0.992
1651551000,+3.25, +1.464, +9.269,+0.992
1651551060,+3.25, +1.443, +9.278,+0.992
1651551120,+3.25, +1.475, +9.277,+0.992
1651551180,+3.25, +1.421, +9.296,+0.992
1651551240,+3.25, +1.443, +9.286,+0.992
1651551300,+3.25, +1.454, +9.286,+0.992
1651551360,+3.25, +1.432, +9.292,+0.992
1651551420,+3.25, +1.443, +9.295,+0.992
1651551480,+3.25, +1.454, +9.295,+0.992
1651551540,+3.25, +1.411, +9.301,+0.992
1651551600,+3.25, +1.443, +9.282,+0.992
1651551660,+3.25, +1.454, +9.281,+0.992
1651551720,+3.25, +1.464, +9.273,+0.992
1651551780,+3.25, +1.432, +9.291,+0.992
1651551840,+3.25, +1.421, +9.294,+0.992
1651551900,+3.25, +1.432, +9.303,+0.992
1651551960,+3.25, +1.443, +9.292,+0.992
1651552020,+3.25, +1.443, +9.295,+0.992
1651552080,+3.25, +1.411, +9.302,+0.992
1651552140,+3.25, +1.464, +9.277,+0.992
1651552200,+3.25, +1.432, +9.291,+0.992
1651552260,+3.25, +1.432, +9.291,+0.992
1651552320,+3.25, +1.443, +9.273,+0.991
1651552380,+3.25, +1.421, +9.304,+0.992
1651552440,+3.25, +1.432, +9.309,+0.993
1651552500,+3.25, +1.432, +9.295,+0.992
1651552560,+3.25, +1.443, +9.273,+0.991
1651552620,+3.25, +1.400, +9.305,+0.992
1651552680,+3.25, +1.443, +9.282,+0.992
1651552740,+3.25, +1.432, +9.290,+0.992
1651552800,+3.25, +1.421, +9.287,+0.992
1651552860,+3.25, +1.454, +9.265,+0.991
1651552920,+3.25, +1.421, +9.284,+0.992
1651552980,+3.25, +1.421, +9.279,+0.991
1651553040,+3.25, +1.421, +9.297,+0.992
1651553100,+3.25, +1.454, +9.278,+0.992
1651553160,+3.25, +1.432, +9.288,+0.992
1651553220,+3.25, +1.454, +9.286,+0.992
1651553280,+3.25, +1.411, +9.296,+0.992
1651553340,+3.25, +1.443, +9.278,+0.992
1651553400,+3.25, +1.400, +9.297,+0.992
1651553460,+3.25, +1.400, +9.299,+0.992
1651553520,+3.25, +1.454, +9.270,+0.992
1651553580,+3.25, +1.378, +9.319,+0.992
1651553640,+3.25, +1.421, +9.289,+0.992
1651553700,+3.25, +1.443, +9.277,+0.992
1651553760,+3.25, +1.421, +9.297,+0.992
1651553820,+3.25, +1.411, +9.286,+0.991
1651553880,+3.25, +1.421, +9.293,+0.992
1651553940,+3.25, +1.411, +9.307,+0.992
1651554000,+3.25, +1.411, +9.299,+0.992
1651554060,+3.25, +1.411, +9.293,+0.992
1651554120,+3.25, +1.421, +9.275,+0.991
1651554180,+3.25, +1.411, +9.281,+0.991
1651554240,+3.25, +1.411, +9.307,+0.993
1651554300,+3.25, +1.411, +9.295,+0.992
1651554360,+3.25, +1.368, +9.309,+0.992
1651554420,+3.25, +1.421, +9.282,+0.992
1651554480,+3.25, +1.368, +9.308,+0.992
1651554540,+3.25, +1.357, +9.309,+0.992
1651554600,+3.25, +1.421, +9.274,+0.991
1651554660,+3.25, +1.400, +9.292,+0.992
1651554720,+3.25, +1.411, +9.281,+0.991
1651554780,+3.25, +1.411, +9.296,+0.992
1651554840,+3.25, +1.421, +9.286,+0.992
1651554900,+3.25, +1.421, +9.278,+0.992
1651554960,+3.25, +1.411, +9.297,+0.993
1651555020,+3.25, +1.389, +9.293,+0.992
1651555080,+3.25, +1.400, +9.290,+0.992
1651555140,+3.25, +1.421, +9.290,+0.992
1651555200,+3.25, +1.421, +9.285,+0.992
1651555260,+3.25, +1.389, +9.309,+0.992
1651555320,+3.25, +1.411, +9.286,+0.992
1651555380,+3.25, +1.411, +9.285,+0.992
1651555440,+3.25, +1.421, +9.283,+0.992
1651555500,+3.25, +1.411, +9.294,+0.992
1651555560,+3.25, +1.421, +9.284,+0.992
1651555620,+3.25, +1.411, +9.290,+0.992
1651555680,+3.25, +1.389, +9.294,+0.991
1651555740,+3.25, +1.400, +9.294,+0.992
1651555800,+3.25, +1.357, +9.301,+0.992
1651555860,+3.25, +1.411, +9.283,+0.992
1651555920,+3.25, +1.411, +9.278,+0.992
1651555980,+3.25, +1.411, +9.285,+0.992
1651556040,+3.25, +1.400, +9.289,+0.991
1651556100,+3.25, +1.400, +9.284,+0.992
1651556160,+3.25, +1.421, +9.275,+0.991
1651556220,+3.25, +1.411, +9.290,+0.992
1651556280,+3.25, +1.411, +9.275,+0.991
1651556340,+3.25, +1.400, +9.285,+0.992
1651556400,+3.25, +1.400, +9.287,+0.992
1651556460,+3.25, +1.400, +9.286,+0.992
1651556520,+3.25, +1.400, +9.284,+0.992
1651556580,+3.25, +1.421, +9.270,+0.991
1651556640,+3.25, +1.432, +9.283,+0.992
1651556700,+3.25, +1.346, +9.294,+0.991
1651556760,+3.25, +1.400, +9.294,+0.992
1651556820,+3.25, +1.378, +9.298,+0.992
1651556880,+3.25, +1.368, +9.306,+0.992
1651556940,+3.25, +1.389, +9.290,+0.992
1651557000,+3.25, +1.389, +9.294,+0.992
1651557060,+3.25, +1.389, +9.290,+0.992
1651557120,+3.25, +1.357, +9.316,+0.992
1651557180,+3.25, +1.389, +9.307,+0.992
1651557240,+3.25, +1.378, +9.289,+0.992
1651557300,+3.25, +1.400, +9.291,+0.992
1651557360,+3.25, +1.389, +9.278,+0.991
1651557420,+3.25, +1.378, +9.297,+0.992
1651557480,+3.25, +1.389, +9.284,+0.992
1651557540,+3.25, +1.378, +9.294,+0.992
1651557600,+3.25, +1.421, +9.279,+0.992
1651557660,+3.25, +1.378, +9.298,+0.992
1651557720,+3.25, +1.368, +9.300,+0.992
1651557780,+3.25, +1.368, +9.296,+0.991
1651557840,+3.25, +1.389, +9.287,+0.992
1651557900,+3.25, +1.368, +9.289,+0.991
1651557960,+3.25, +1.368, +9.297,+0.992
1651558020,+3.25, +1.368, +9.288,+0.991
1651558080,+3.25, +1.389, +9.284,+0.992
1651558140,+3.25, +1.378, +9.300,+0.992
1651558200,+3.25, +1.378, +9.287,+0.992
1651558260,+3.25, +1.378, +9.288,+0.992
1651558320,+3.25, +1.389, +9.289,+0.992
1651558380,+3.25, +1.368, +9.283,+0.991
1651558440,+3.25, +1.378, +9.301,+0.993
1651558500,+3.25, +1.378, +9.290,+0.992
1651558560,+3.25, +1.368, +9.295,+0.992
1651558620,+3.25, +1.368, +9.284,+0.991
1651558680,+3.25, +1.357, +9.303,+0.992
1651558740,+3.25, +1.378, +9.283,+0.991
1651558800,+3.25, +1.378, +9.302,+0.993
1651558860,+3.25, +1.378, +9.291,+0.992
1651558920,+3.25, +1.378, +9.302,+0.992
1651558980,+3.25, +1.378, +9.288,+0.991
1651559040,+3.25, +1.400, +9.279,+0.991
1651559100,+3.25, +1.357, +9.287,+0.991
1651559160,+3.25, +1.357, +9.310,+0.992
1651559220,+3.25, +1.357, +9.289,+0.991
1651559280,+3.25, +1.346, +9.302,+0.992
1651559340,+3.25, +1.314, +9.320,+0.992
1651559400,+3.25, +1.368, +9.287,+0.991
1651559460,+3.25, +1.292, +9.327,+0.992
1651559520,+3.25, +1.357, +9.296,+0.992
1651559580,+3.25, +1.378, +9.294,+0.992
1651559640,+3.25, +1.411, +9.276,+0.992
1651559700,+3.25, +1.335, +9.312,+0.992
1651559760,+3.25, +1.357, +9.298,+0.992
1651559820,+3.25, +1.357, +9.299,+0.992
1651559880,+3.25, +1.346, +9.308,+0.992
1651559940,+3.25, +1.368, +9.283,+0.991
1651560000,+3.25, +1.357, +9.302,+0.992
1651560060,+3.25, +1.357, +9.300,+0.992
1651560120,+3.25, +1.346, +9.297,+0.991
1651560180,+3.25, +1.346, +9.297,+0.992
1651560240,+3.25, +1.368, +9.297,+0.992
1651560300,+3.25, +1.346, +9.296,+0.992
1651560360,+3.25, +1.346, +9.286,+0.991
1651560420,+3.25, +1.346, +9.303,+0.992
1651560480,+3.25, +1.357, +9.294,+0.992
1651560540,+3.25, +1.346, +9.297,+0.992
1651560600,+3.25, +1.357, +9.288,+0.991
1651560660,+3.25, +1.346, +9.297,+0.992
1651560720,+3.25, +1.357, +9.314,+0.993
1651560780,+3.25, +1.346, +9.308,+0.992
1651560840,+3.25, +1.346, +9.305,+0.992
1651560900,+3.25, +1.303, +9.314,+0.992
1651560960,+3.25, +1.346, +9.309,+0.992
1651561020,+3.25, +1.346, +9.310,+0.992
1651561080,+3.25, +1.368, +9.291,+0.992
1651561140,+3.25, +1.346, +9.300,+0.992
1651561200,+3.25, +1.335, +9.308,+0.992
1651561260,+3.25, +1.368, +9.294,+0.992
1651561320,+3.25, +1.346, +9.299,+0.991
1651561380,+3.25, +1.292, +9.319,+0.991
1651561440,+3.25, +1.314, +9.305,+0.991
1651561500,+3.25, +1.357, +9.307,+0.992
1651561560,+3.25, +1.335, +9.319,+0.992
1651561620,+3.25, +1.400, +9.272,+0.991
1651561680,+3.25, +1.335, +9.302,+0.992
1651561740,+3.25, +1.357, +9.287,+0.991
1651561800,+3.25, +1.368, +9.302,+0.993
1651561860,+3.25, +1.325, +9.307,+0.992
1651561920,+3.25, +1.260, +9.332,+0.992
1651561980,+3.25, +1.346, +9.294,+0.991
1651562040,+3.25, +1.357, +9.293,+0.992
1651562100,+3.25, +1.335, +9.300,+0.992
1651562160,+3.25, +1.335, +9.297,+0.992
1651562220,+3.25, +1.368, +9.267,+0.991
1651562280,+3.25, +1.346, +9.295,+0.992
1651562340,+3.25, +1.335, +9.292,+0.992
1651562400,+3.25, +1.335, +9.287,+0.991
1651562460,+3.25, +1.335, +9.300,+0.992
1651562520,+3.25, +1.303, +9.301,+0.992
1651562580,+3.25, +1.325, +9.300,+0.992
1651562640,+3.25, +1.335, +9.292,+0.991
1651562700,+3.25, +1.303, +9.303,+0.992
1651562760,+3.25, +1.335, +9.297,+0.992
1651562820,+3.25, +1.335, +9.291,+0.991
1651562880,+3.25, +1.335, +9.300,+0.992
1651562940,+3.25, +1.314, +9.307,+0.992
1651563000,+3.25, +1.292, +9.312,+0.992
1651563060,+3.25, +1.346, +9.291,+0.992
1651563120,+3.25, +1.335, +9.298,+0.992
1651563180,+3.25, +1.303, +9.303,+0.991
1651563240,+3.25, +1.314, +9.297,+0.991
1651563300,+3.25, +1.325, +9.302,+0.992
1651563360,+3.25, +1.325, +9.305,+0.992
1651563420,+3.25, +1.325, +9.303,+0.992
1651563480,+3.25, +1.314, +9.296,+0.992
1651563540,+3.25, +1.335, +9.281,+0.991
1651563600,+3.25, +1.325, +9.291,+0.991
1651563660,+3.25, +1.325, +9.311,+0.992
1651563720,+3.25, +1.325, +9.293,+0.992
1651563780,+3.25, +1.335, +9.293,+0.992
1651563840,+3.25, +1.325, +9.297,+0.992
1651563900,+3.25, +1.325, +9.296,+0.991
1651563960,+3.25, +1.292, +9.316,+0.992
1651564020,+3.25, +1.314, +9.294,+0.991
1651564080,+3.25, +1.314, +9.292,+0.991
1651564140,+3.25, +1.314, +9.304,+0.992
1651564200,+3.25, +1.346, +9.281,+0.991
1651564260,+3.25, +1.314, +9.298,+0.992
1651564320,+3.25, +1.314, +9.301,+0.992
1651564380,+3.25, +1.335, +9.293,+0.992
1651564440,+3.25, +1.314, +9.302,+0.992
1651564500,+3.25, +1.325, +9.299,+0.992
1651564560,+3.25, +1.314, +9.301,+0.992
1651564620,+3.25, +1.314, +9.298,+0.992
1651564680,+3.25, +1.325, +9.280,+0.991
1651564740,+3.25, +1.303, +9.295,+0.991
1651564800,+3.25, +1.325, +9.287,+0.991
1651564860,+3.25, +1.314, +9.301,+0.992
1651564920,+3.25, +1.314, +9.290,+0.991
1651564980,+3.25, +1.282, +9.306,+0.991
1651565040,+3.25, +1.314, +9.285,+0.991
1651565100,+3.25, +1.346, +9.281,+0.992
1651565160,+3.25, +1.303, +9.302,+0.992
1651565220,+3.25, +1.271, +9.312,+0.992
1651565280,+3.25, +1.325, +9.298,+0.992
1651565340,+3.25, +1.271, +9.323,+0.992
1651565400,+3.25, +1.292, +9.314,+0.992
1651565460,+3.25, +1.303, +9.305,+0.992
1651565520,+3.25, +1.249, +9.315,+0.991
1651565580,+3.25, +1.314, +9.306,+0.992
1651565640,+3.25, +1.249, +9.322,+0.992
1651565700,+3.25, +1.325, +9.287,+0.991
1651565760,+3.25, +1.282, +9.303,+0.991
1651565820,+3.25, +1.282, +9.305,+0.992
1651565880,+3.25, +1.271, +9.303,+0.991
1651565940,+3.25, +1.292, +9.309,+0.992
1651566000,+3.25, +1.314, +9.283,+0.991
1651566060,+3.25, +1.249, +9.318,+0.992
1651566120,+3.25, +1.238, +9.326,+0.992
1651566180,+3.25, +1.292, +9.307,+0.992
1651566240,+3.25, +1.303, +9.294,+0.992
1651566300,+3.25, +1.292, +9.300,+0.992
1651566360,+3.25, +1.303, +9.299,+0.992
1651566420,+3.25, +1.292, +9.310,+0.992
1651566480,+3.25, +1.303, +9.290,+0.991
1651566540,+3.25, +1.292, +9.302,+0.992
1651566600,+3.25, +1.292, +9.298,+0.992
1651566660,+3.25, +1.303, +9.295,+0.992
1651566720,+3.25, +1.314, +9.296,+0.992
1651566780,+3.25, +1.303, +9.294,+0.992
1651566840,+3.25, +1.271, +9.298,+0.991
1651566900,+3.25, +1.314, +9.290,+0.992
1651566960,+3.25, +1.282, +9.302,+0.991
1651567020,+3.25, +1.282, +9.305,+0.992
1651567080,+3.25, +1.260, +9.306,+0.991
1651567140,+3.25, +1.282, +9.293,+0.991
1651567200,+3.25, +1.303, +9.294,+0.991
1651567260,+3.25, +1.282, +9.304,+0.991
1651567320,+3.25, +1.260, +9.323,+0.992
1651567380,+3.25, +1.292, +9.295,+0.992
1651567440,+3.25, +1.292, +9.294,+0.992
1651567500,+3.25, +1.228, +9.330,+0.992
1651567560,+3.25, +1.282, +9.303,+0.992
1651567620,+3.25, +1.282, +9.305,+0.992
1651567680,+3.25, +1.282, +9.296,+0.991
1651567740,+3.25, +1.271, +9.298,+0.991
1651567800,+3.25, +1.282, +9.300,+0.992
1651567860,+3.25, +1.292, +9.299,+0.992
1651567920,+3.25, +1.260, +9.308,+0.992
1651567980,+3.25, +1.174, +9.343,+0.992
1651568040,+3.25, +1.271, +9.304,+0.992
1651568100,+3.25, +1.271, +9.301,+0.992
1651568160,+3.25, +1.249, +9.321,+0.992
1651568220,+3.25, +1.271, +9.304,+0.992
1651568280,+3.25, +1.260, +9.298,+0.991
1651568340,+3.25, +1.282, +9.305,+0.992
1651568400,+3.25, +1.271, +9.291,+0.991
1651568460,+3.25, +1.260, +9.300,+0.991
1651568520,+3.25, +1.292, +9.292,+0.992
1651568580,+3.25, +1.195, +9.334,+0.992
1651568640,+3.25, +1.260, +9.295,+0.991
1651568700,+3.25, +1.260, +9.311,+0.992
1651568760,+3.25, +1.185, +9.326,+0.991
1651568820,+3.25, +1.260, +9.306,+0.992
1651568880,+3.25, +1.238, +9.320,+0.992
1651568940,+3.25, +1.282, +9.289,+0.991
1651569000,+3.25, +1.271, +9.316,+0.992
1651569060,+3.25, +1.238, +9.310,+0.992
1651569120,+3.25, +1.249, +9.296,+0.991
1651569180,+3.25, +1.260, +9.300,+0.991
1651569240,+3.25, +1.271, +9.294,+0.991
1651569300,+3.25, +1.282, +9.305,+0.992
1651569360,+3.25, +1.249, +9.304,+0.992
1651569420,+3.25, +1.249, +9.302,+0.991
1651569480,+3.25, +1.249, +9.307,+0.992
1651569540,+3.25, +1.260, +9.299,+0.991
1651569600,+3.25, +1.271, +9.294,+0.992
1651569660,+3.25, +1.271, +9.297,+0.992
1651569720,+3.25, +1.217, +9.316,+0.992
1651569780,+3.25, +1.271, +9.298,+0.992
1651569840,+3.25, +1.238, +9.310,+0.992
1651569900,+3.25, +1.249, +9.316,+0.992
1651569960,+3.25, +1.249, +9.306,+0.992
1651570020,+3.25, +1.249, +9.317,+0.992
1651570080,+3.25, +1.260, +9.297,+0.992
1651570140,+3.25, +1.238, +9.316,+0.992
1651570200,+3.25, +1.238, +9.311,+0.992
1651570260,+3.25, +1.249, +9.303,+0.992
1651570320,+3.25, +1.228, +9.311,+0.992
1651570380,+3.25, +1.249, +9.320,+0.993
1651570440,+3.25, +1.217, +9.310,+0.991
1651570500,+3.25, +1.249, +9.285,+0.991
1651570560,+3.25, +1.217, +9.336,+0.993
1651570620,+3.25, +1.228, +9.301,+0.991
1651570680,+3.25, +1.206, +9.317,+0.991
1651570740,+3.25, +1.292, +9.284,+0.992
1651570800,+3.25, +1.238, +9.310,+0.992
1651570860,+3.25, +1.238, +9.316,+0.992
1651570920,+3.25, +1.228, +9.313,+0.992
1651570980,+3.25, +1.238, +9.306,+0.992
1651571040,+3.25, +1.228, +9.309,+0.992
1651571100,+3.25, +1.228, +9.318,+0.992
1651571160,+3.25, +1.228, +9.310,+0.992
1651571220,+3.25, +1.238, +9.314,+0.992
1651571280,+3.25, +1.217, +9.309,+0.992
1651571340,+3.25, +1.217, +9.309,+0.991
1651571400,+3.25, +1.163, +9.332,+0.992
1651571460,+3.25, +1.228, +9.309,+0.992
1651571520,+3.25, +1.228, +9.303,+0.991
1651571580,+3.25, +1.228, +9.299,+0.991
1651571640,+3.25, +1.249, +9.294,+0.991
1651571700,+3.25, +1.206, +9.311,+0.991
1651571760,+3.25, +1.228, +9.312,+0.992
1651571820,+3.25, +1.217, +9.320,+0.992
1651571880,+3.25, +1.228, +9.296,+0.991
1651571940,+3.25, +1.238, +9.304,+0.992
1651572000,+3.25, +1.228, +9.298,+0.991
1651572060,+3.25, +1.206, +9.308,+0.991
1651572120,+3.25, +1.206, +9.309,+0.991
1651572180,+3.25, +1.206, +9.321,+0.992
1651572240,+3.25, +1.185, +9.316,+0.991
1651572300,+3.25, +1.163, +9.332,+0.992
1651572360,+3.25, +1.228, +9.303,+0.991
1651572420,+3.25, +1.217, +9.316,+0.992
1651572480,+3.25, +1.238, +9.311,+0.992
1651572540,+3.25, +1.206, +9.324,+0.992
1651572600,+3.25, +1.217, +9.322,+0.992
1651572660,+3.25, +1.185, +9.326,+0.992
1651572720,+3.25, +1.228, +9.305,+0.991
1651572780,+3.25, +1.206, +9.316,+0.991
1651572840,+3.25, +1.174, +9.337,+0.992
1651572900,+3.25, +1.228, +9.308,+0.992
1651572960,+3.25, +1.206, +9.325,+0.992
1651573020,+3.25, +1.217, +9.295,+0.991
1651573080,+3.25, +1.228, +9.303,+0.991
1651573140,+3.25, +1.206, +9.312,+0.991
1651573200,+3.25, +1.206, +9.312,+0.992
1651573260,+3.25, +1.206, +9.322,+0.992
1651573320,+3.25, +1.206, +9.329,+0.992
1651573380,+3.25, +1.195, +9.327,+0.992
1651573440,+3.25, +1.195, +9.315,+0.991
1651573500,+3.25, +1.195, +9.317,+0.992
1651573560,+3.25, +1.206, +9.319,+0.992
1651573620,+3.25, +1.185, +9.320,+0.991
1651573680,+3.25, +1.206, +9.330,+0.993
1651573740,+3.25, +1.195, +9.322,+0.992
1651573800,+3.25, +1.195, +9.310,+0.991
1651573860,+3.25, +1.206, +9.311,+0.992
1651573920,+3.25, +1.185, +9.318,+0.992
1651573980,+3.25, +1.195, +9.312,+0.992
1651574040,+3.25, +1.185, +9.329,+0.992
1651574100,+3.25, +1.195, +9.324,+0.992
1651574160,+3.25, +1.217, +9.302,+0.992
1651574220,+3.25, +1.206, +9.310,+0.992
1651574280,+3.25, +1.195, +9.310,+0.991
1651574340,+3.25, +1.206, +9.310,+0.992
1651574400,+3.25, +1.195, +9.311,+0.992
1651574460,+3.25, +1.217, +9.312,+0.992
1651574520,+3.25, +1.195, +9.313,+0.992
1651574580,+3.25, +1.206, +9.310,+0.992
1651574640,+3.25, +1.195, +9.321,+0.992
1651574700,+3.25, +1.174, +9.328,+0.992
1651574760,+3.25, +1.185, +9.318,+0.991
1651574820,+3.25, +1.195, +9.308,+0.991
1651574880,+3.25, +1.195, +9.321,+0.992
1651574940,+3.25, +1.185, +9.327,+0.992
1651575000,+3.25, +1.185, +9.316,+0.992
1651575060,+3.25, +1.185, +9.313,+0.991
1651575120,+3.25, +1.206, +9.308,+0.991
1651575180,+3.25, +1.195, +9.313,+0.992
1651575240,+3.25, +1.141, +9.335,+0.992
1651575300,+3.25, +1.163, +9.318,+0.991
1651575360,+3.25, +1.163, +9.318,+0.991
1651575420,+3.25, +1.206, +9.296,+0.991
1651575480,+3.25, +1.174, +9.318,+0.991
1651575540,+3.25, +1.174, +9.313,+0.991
1651575600,+3.25, +1.206, +9.303,+0.992
1651575660,+3.25, +1.206, +9.303,+0.992
1651575720,+3.25, +1.185, +9.316,+0.992
1651575780,+3.25, +1.206, +9.298,+0.991
1651575840,+3.25, +1.174, +9.329,+0.992
1651575900,+3.25, +1.163, +9.314,+0.991
1651575960,+3.25, +1.185, +9.313,+0.991
1651576020,+3.25, +1.195, +9.312,+0.991
1651576080,+3.25, +1.185, +9.319,+0.992
1651576140,+3.25, +1.195, +9.321,+0.992
1651576200,+3.25, +1.195, +9.303,+0.991
1651576260,+3.25, +1.185, +9.315,+0.992
1651576320,+3.25, +1.152, +9.332,+0.992
1651576380,+3.25, +1.152, +9.329,+0.992
1651576440,+3.25, +1.152, +9.336,+0.992
1651576500,+3.25, +1.163, +9.328,+0.992
1651576560,+3.25, +1.120, +9.332,+0.991
1651576620,+3.25, +1.163, +9.326,+0.991
1651576680,+3.25, +1.163, +9.336,+0.992
1651576740,+3.25, +1.185, +9.322,+0.992
1651576800,+3.25, +1.163, +9.322,+0.991
1651576860,+3.25, +1.185, +9.321,+0.992
1651576920,+3.25, +1.206, +9.306,+0.992
1651576980,+3.25, +1.185, +9.314,+0.992
1651577040,+3.25, +1.152, +9.325,+0.991
1651577100,+3.25, +1.185, +9.309,+0.991
1651577160,+3.25, +1.174, +9.312,+0.991
1651577220,+3.25, +1.195, +9.306,+0.992
1651577280,+3.25, +1.152, +9.317,+0.991
1651577340,+3.25, +1.163, +9.315,+0.991
1651577400,+3.25, +1.174, +9.316,+0.992
1651577460,+3.25, +1.174, +9.315,+0.992
1651577520,+3.25, +1.163, +9.319,+0.992
1651577580,+3.25, +1.185, +9.308,+0.992
1651577640,+3.25, +1.174, +9.309,+0.991
1651577700,+3.25, +1.163, +9.316,+0.992
1651577760,+3.25, +1.185, +9.313,+0.992
1651577820,+3.25, +1.163, +9.340,+0.993
1651577880,+3.25, +1.174, +9.313,+0.991
1651577940,+3.25, +1.174, +9.321,+0.992
1651578000,+3.25, +1.152, +9.320,+0.991
1651578060,+3.25, +1.174, +9.323,+0.992
1651578120,+3.25, +1.195, +9.308,+0.992
1651578180,+3.25, +1.163, +9.316,+0.992
1651578240,+3.25, +1.195, +9.307,+0.991
1651578300,+3.25, +1.163, +9.314,+0.991
1651578360,+3.25, +1.174, +9.323,+0.992
1651578420,+3.25, +1.152, +9.313,+0.991
1651578480,+3.25, +1.185, +9.326,+0.992
1651578540,+3.25, +1.141, +9.330,+0.992
1651578600,+3.25, +1.163, +9.322,+0.992
1651578660,+3.25, +1.152, +9.310,+0.991
1651578720,+3.25, +1.163, +9.319,+0.991
1651578780,+3.25, +1.141, +9.334,+0.992
1651578840,+3.25, +1.152, +9.333,+0.992
1651578900,+3.25, +1.152, +9.330,+0.992
1651578960,+3.25, +1.152, +9.326,+0.992
1651579020,+3.25, +1.141, +9.338,+0.992
1651579080,+3.25, +1.174, +9.323,+0.992
1651579140,+3.25, +1.185, +9.317,+0.992
1651579200,+3.25, +1.174, +9.324,+0.991
1651579260,+3.25, +1.163, +9.320,+0.991
1651579320,+3.25, +1.152, +9.329,+0.992
1651579380,+3.25, +1.131, +9.338,+0.992
1651579440,+3.25, +1.152, +9.320,+0.991
1651579500,+3.25, +1.152, +9.326,+0.991
1651579560,+3.25, +1.174, +9.317,+0.992
1651579620,+3.25, +1.141, +9.340,+0.992
1651579680,+3.25, +1.174, +9.321,+0.992
1651579740,+3.25, +1.185, +9.326,+0.992
1651579800,+3.25, +1.152, +9.327,+0.991
1651579860,+3.25, +1.163, +9.324,+0.992
1651579920,+3.25, +1.120, +9.344,+0.992
1651579980,+3.25, +1.141, +9.334,+0.992
1651580040,+3.25, +1.185, +9.316,+0.992
1651580100,+3.25, +1.185, +9.320,+0.992
1651580160,+3.25, +1.163, +9.325,+0.992
1651580220,+3.25, +1.163, +9.323,+0.992
1651580280,+3.25, +1.163, +9.322,+0.991
1651580340,+3.25, +1.152, +9.324,+0.991
1651580400,+3.25, +1.152, +9.328,+0.991
1651580460,+3.25, +1.152, +9.326,+0.991
1651580520,+3.25, +1.141, +9.341,+0.992
1651580580,+3.25, +1.163, +9.330,+0.992
1651580640,+3.25, +1.163, +9.319,+0.991
1651580700,+3.25, +1.152, +9.333,+0.992
1651580760,+3.25, +1.174, +9.334,+0.992
1651580820,+3.25, +1.163, +9.327,+0.992
1651580880,+3.25, +1.163, +9.317,+0.991
1651580940,+3.25, +1.152, +9.330,+0.991
1651581000,+3.25, +1.141, +9.332,+0.991
1651581060,+3.25, +1.152, +9.339,+0.992
1651581120,+3.25, +1.152, +9.326,+0.991
1651581180,+3.25, +1.152, +9.341,+0.992
1651581240,+3.25, +1.141, +9.341,+0.992
1651581300,+3.25, +1.195, +9.307,+0.991
1651581360,+3.25, +1.141, +9.327,+0.991
1651581420,+3.25, +1.163, +9.338,+0.992
1651581480,+3.25, +1.141, +9.329,+0.991
1651581540,+3.25, +1.163, +9.325,+0.992
1651581600,+3.25, +1.141, +9.345,+0.992
1651581660,+3.25, +1.152, +9.340,+0.992
1651581720,+3.25, +1.152, +9.339,+0.992
1651581780,+3.25, +1.163, +9.340,+0.992
1651581840,+3.25, +1.163, +9.337,+0.992
1651581900,+3.25, +1.141, +9.341,+0.992
1651581960,+3.25, +1.163, +9.336,+0.992
1651582020,+3.25, +1.152, +9.331,+0.992
1651582080,+3.25, +1.152, +9.328,+0.992
1651582140,+3.25, +1.174, +9.330,+0.992
1651582200,+3.25, +1.163, +9.317,+0.991
1651582260,+3.25, +1.141, +9.343,+0.991
1651582320,+3.25, +1.152, +9.330,+0.991
1651582380,+3.25, +1.152, +9.338,+0.992
1651582440,+3.25, +1.141, +9.331,+0.991
1651582500,+3.25, +1.163, +9.330,+0.992
1651582560,+3.25, +1.163, +9.322,+0.991
1651582620,+3.25, +1.174, +9.322,+0.991
1651582680,+3.25, +1.174, +9.338,+0.992
1651582740,+3.25, +1.131, +9.363,+0.993
1651582800,+3.25, +1.174, +9.322,+0.991
1651582860,+3.25, +1.163, +9.332,+0.992
1651582920,+3.25, +1.109, +9.347,+0.991
1651582980,+3.25, +1.163, +9.318,+0.991
1651583040,+3.25, +1.141, +9.334,+0.991
1651583100,+3.25, +1.152, +9.323,+0.991
1651583160,+3.25, +1.163, +9.323,+0.991
1651583220,+3.25, +1.141, +9.335,+0.992
1651583280,+3.25, +1.163, +9.331,+0.992
1651583340,+3.25, +1.152, +9.320,+0.991
1651583400,+3.25, +1.152, +9.341,+0.992
1651583460,+3.25, +1.174, +9.322,+0.991
1651583520,+3.25, +1.174, +9.324,+0.992
1651583580,+3.25, +1.185, +9.319,+0.992
1651583640,+3.25, +1.141, +9.339,+0.992
1651583700,+3.25, +1.163, +9.325,+0.992
1651583760,+3.25, +1.152, +9.343,+0.992
1651583820,+3.25, +1.131, +9.339,+0.991
1651583880,+3.25, +1.185, +9.321,+0.992
1651583940,+3.25, +1.185, +9.299,+0.990
1651584000,+3.25, +1.152, +9.322,+0.991
1651584060,+3.25, +1.152, +9.325,+0.991
1651584120,+3.25, +1.141, +9.335,+0.991
1651584180,+3.25, +1.174, +9.328,+0.992
1651584240,+3.25, +1.174, +9.324,+0.992
1651584300,+3.25, +1.131, +9.340,+0.992
1651584360,+3.25, +1.163, +9.325,+0.992
1651584420,+3.25, +1.141, +9.341,+0.992
1651584480,+3.25, +1.174, +9.320,+0.991
1651584540,+3.25, +1.206, +9.312,+0.991
1651584600,+3.25, +1.195, +9.315,+0.991
1651584660,+3.25, +1.152, +9.337,+0.992
1651584720,+3.25, +1.152, +9.332,+0.991
1651584780,+3.25, +1.174, +9.326,+0.992
1651584840,+3.25, +1.152, +9.339,+0.991
1651584900,+3.25, +1.141, +9.327,+0.991
1651584960,+3.25, +1.174, +9.318,+0.991
1651585020,+3.25, +1.174, +9.324,+0.992
1651585080,+3.25, +1.152, +9.334,+0.991
1651585140,+3.25, +1.141, +9.344,+0.992
1651585200,+3.25, +1.185, +9.323,+0.992
1651585260,+3.25, +1.185, +9.320,+0.991
1651585320,+3.25, +1.174, +9.325,+0.991
1651585380,+3.25, +1.185, +9.329,+0.992
1651585440,+3.25, +1.185, +9.323,+0.991
1651585500,+3.25, +1.185, +9.327,+0.991
1651585560,+3.25, +1.185, +9.327,+0.992
1651585620,+3.25, +1.206, +9.317,+0.992
1651585680,+3.25, +1.185, +9.322,+0.991
1651585740,+3.25, +1.174, +9.347,+0.992
1651585800,+3.25, +1.195, +9.320,+0.991
1651585860,+3.25, +1.195, +9.336,+0.992
1651585920,+3.25, +1.195, +9.335,+0.992
1651585980,+3.25, +1.195, +9.324,+0.991
1651586040,+3.25, +1.206, +9.313,+0.991
1651586100,+3.25, +1.195, +9.327,+0.991
1651586160,+3.25, +1.163, +9.340,+0.991
1651586220,+3.25, +1.217, +9.322,+0.992
1651586280,+3.25, +1.185, +9.331,+0.991
1651586340,+3.25, +1.206, +9.314,+0.991
1651586400,+3.25, +1.217, +9.307,+0.991
1651586460,+3.25, +1.195, +9.318,+0.991
1651586520,+3.25, +1.174, +9.341,+0.992
1651586580,+3.25, +1.217, +9.330,+0.992
1651586640,+3.25, +1.141, +9.355,+0.991
1651586700,+3.25, +1.163, +9.357,+0.992
1651586760,+3.25, +1.163, +9.346,+0.991
1651586820,+3.25, +1.174, +9.343,+0.991
1651586880,+3.25, +1.228, +9.320,+0.991
1651586940,+3.25, +1.217, +9.319,+0.991
1651587000,+3.25, +1.174, +9.346,+0.991
1651587060,+3.25, +1.228, +9.322,+0.991
1651587120,+3.25, +1.249, +9.328,+0.992
1651587180,+3.25, +1.206, +9.345,+0.992
1651587240,+3.25, +1.185, +9.348,+0.991
1651587300,+3.25, +1.206, +9.316,+0.991
1651587360,+3.25, +1.217, +9.338,+0.992
1651587420,+3.25, +1.217, +9.327,+0.991
1651587480,+3.25, +1.206, +9.331,+0.991
1651587540,+3.25, +1.249, +9.309,+0.991
1651587600,+3.25, +1.228, +9.316,+0.991
1651587660,+3.25, +1.249, +9.319,+0.992
1651587720,+3.25, +1.185, +9.343,+0.992
1651587780,+3.25, +1.238, +9.320,+0.992
1651587840,+3.25, +1.228, +9.327,+0.992
1651587900,+3.25, +1.217, +9.327,+0.991
1651587960,+3.25, +1.260, +9.311,+0.991
1651588020,+3.25, +1.249, +9.303,+0.991
1651588080,+3.25, +1.260, +9.307,+0.991
1651588140,+3.25, +1.249, +9.313,+0.991
1651588200,+3.25, +1.260, +9.326,+0.992
1651588260,+3.25, +1.271, +9.305,+0.991
1651588320,+3.25, +1.217, +9.322,+0.991
1651588380,+3.25, +1.249, +9.321,+0.991
1651588440,+3.25, +1.249, +9.323,+0.991
1651588500,+3.25, +1.271, +9.317,+0.991
1651588560,+3.25, +1.249, +9.330,+0.992
1651588620,+3.25, +1.228, +9.339,+0.992
1651588680,+3.25, +1.249, +9.323,+0.991
1651588740,+3.25, +1.271, +9.329,+0.992
1651588800,+3.25, +1.238, +9.316,+0.991
1651588860,+3.25, +1.271, +9.321,+0.991
1651588920,+3.25, +1.271, +9.318,+0.991
1651588980,+3.25, +1.271, +9.318,+0.992
1651589040,+3.25, +1.282, +9.307,+0.991
1651589100,+3.25, +1.271, +9.320,+0.992
1651589160,+3.25, +1.282, +9.318,+0.992
1651589220,+3.25, +1.282, +9.313,+0.991
1651589280,+3.25, +1.314, +9.302,+0.991
1651589340,+3.25, +1.271, +9.326,+0.991
1651589400,+3.25, +1.303, +9.309,+0.991
1651589460,+3.25, +1.303, +9.327,+0.992
1651589520,+3.25, +1.282, +9.314,+0.991
1651589580,+3.25, +1.303, +9.309,+0.991
1651589640,+3.25, +1.314, +9.302,+0.991
1651589700,+3.25, +1.292, +9.300,+0.991
1651589760,+3.25, +1.303, +9.310,+0.991
1651589820,+3.25, +1.325, +9.317,+0.992
1651589880,+3.25, +1.314, +9.323,+0.992
1651589940,+3.25, +1.325, +9.298,+0.991
1651590000,+3.25, +1.303, +9.308,+0.992
1651590060,+3.25, +1.303, +9.301,+0.991
1651590120,+3.25, +1.314, +9.303,+0.992
1651590180,+3.25, +1.314, +9.294,+0.991
1651590240,+3.25, +1.314, +9.296,+0.991
1651590300,+3.25, +1.314, +9.303,+0.991
1651590360,+3.25, +1.303, +9.315,+0.991
1651590420,+3.25, +1.335, +9.296,+0.991
1651590480,+3.25, +1.335, +9.288,+0.991
