7392-928226
OS REV: 1.11 Sensor Cal: 1496933196
Time (sec),  BV (Volts),  T (deg C),  DO (mg/l),  Q ()
1651936140,+3.22, +1.582, +9.236,+0.991
1651936200,+3.22, +1.582, +9.243,+0.991
1651936260,+3.22, +1.582, +9.232,+0.990
1651936320,+3.22, +1.571, +9.240,+0.991
1651936380,+3.22, +1.593, +9.223,+0.990
1651936440,+3.22, +1.604, +9.234,+0.991
1651936500,+3.22, +1.614, +9.221,+0.991
1651936560,+3.22, +1.614, +9.234,+0.991
1651936620,+3.22, +1.571, +9.234,+0.990
1651936680,+3.22, +1.614, +9.219,+0.990
1651936740,+3.22, +1.604, +9.237,+0.991
1651936800,+3.22, +1.604, +9.227,+0.991
1651936860,+3.22, +1.614, +9.226,+0.991
1651936920,+3.22, +1.614, +9.220,+0.990
1651936980,+3.22, +1.582, +9.253,+0.991
1651937040,+3.22, +1.604, +9.226,+0.990
1651937100,+3.22, +1.604, +9.245,+0.991
1651937160,+3.22, +1.625, +9.219,+0.990
1651937220,+3.22, +1.614, +9.226,+0.990
1651937280,+3.22, +1.614, +9.223,+0.990
1651937340,+3.22, +1.614, +9.223,+0.991
1651937400,+3.22, +1.614, +9.231,+0.991
1651937460,+3.22, +1.604, +9.239,+0.991
1651937520,+3.22, +1.625, +9.227,+0.991
1651937580,+3.22, +1.614, +9.242,+0.991
1651937640,+3.22, +1.593, +9.238,+0.991
1651937700,+3.22, +1.550, +9.255,+0.991
1651937760,+3.22, +1.561, +9.253,+0.991
1651937820,+3.22, +1.539, +9.252,+0.990
1651937880,+3.22, +1.529, +9.245,+0.990
1651937940,+3.22, +1.518, +9.262,+0.991
1651938000,+3.22, +1.518, +9.249,+0.990
1651938060,+3.22, +1.529, +9.254,+0.991
1651938120,+3.22, +1.529, +9.253,+0.991
1651938180,+3.22, +1.518, +9.250,+0.990
1651938240,+3.22, +1.518, +9.259,+0.991
1651938300,+3.22, +1.518, +9.259,+0.991
1651938360,+3.22, +1.539, +9.248,+0.990
1651938420,+3.22, +1.529, +9.256,+0.991
1651938480,+3.22, +1.550, +9.258,+0.991
1651938540,+3.22, +1.550, +9.246,+0.991
1651938600,+3.22, +1.550, +9.251,+0.991
1651938660,+3.22, +1.561, +9.251,+0.992
1651938720,+3.22, +1.561, +9.249,+0.991
1651938780,+3.22, +1.571, +9.242,+0.991
1651938840,+3.22, +1.571, +9.240,+0.991
1651938900,+3.22, +1.582, +9.241,+0.991
1651938960,+3.22, +1.593, +9.238,+0.991
1651939020,+3.22, +1.604, +9.240,+0.991
1651939080,+3.22, +1.571, +9.256,+0.991
1651939140,+3.22, +1.636, +9.239,+0.992
1651939200,+3.22, +1.636, +9.234,+0.991
1651939260,+3.22, +1.636, +9.237,+0.991
1651939320,+3.22, +1.636, +9.233,+0.991
1651939380,+3.22, +1.657, +9.223,+0.991
1651939440,+3.22, +1.646, +9.238,+0.991
1651939500,+3.22, +1.689, +9.213,+0.991
1651939560,+3.22, +1.668, +9.211,+0.991
1651939620,+3.22, +1.689, +9.218,+0.991
1651939680,+3.22, +1.678, +9.221,+0.991
1651939740,+3.22, +1.668, +9.216,+0.991
1651939800,+3.22, +1.657, +9.235,+0.991
1651939860,+3.22, +1.657, +9.229,+0.991
1651939920,+3.22, +1.689, +9.220,+0.991
1651939980,+3.22, +1.689, +9.226,+0.991
1651940040,+3.22, +1.636, +9.229,+0.991
1651940100,+3.22, +1.689, +9.219,+0.991
1651940160,+3.22, +1.710, +9.205,+0.991
1651940220,+3.22, +1.689, +9.220,+0.991
1651940280,+3.22, +1.689, +9.220,+0.991
1651940340,+3.22, +1.700, +9.219,+0.991
1651940400,+3.22, +1.689, +9.216,+0.991
1651940460,+3.22, +1.700, +9.221,+0.991
1651940520,+3.22, +1.700, +9.212,+0.991
1651940580,+3.22, +1.710, +9.212,+0.991
1651940640,+3.22, +1.753, +9.191,+0.991
1651940700,+3.22, +1.710, +9.212,+0.991
1651940760,+3.22, +1.710, +9.205,+0.990
1651940820,+3.22, +1.732, +9.203,+0.990
1651940880,+3.22, +1.678, +9.222,+0.991
1651940940,+3.22, +1.742, +9.195,+0.990
1651941000,+3.22, +1.764, +9.189,+0.991
1651941060,+3.22, +1.689, +9.225,+0.991
1651941120,+3.22, +1.753, +9.206,+0.991
1651941180,+3.22, +1.732, +9.210,+0.991
1651941240,+3.22, +1.721, +9.221,+0.991
1651941300,+3.22, +1.742, +9.211,+0.991
1651941360,+3.22, +1.742, +9.201,+0.990
1651941420,+3.22, +1.742, +9.215,+0.991
1651941480,+3.22, +1.764, +9.204,+0.991
1651941540,+3.22, +1.753, +9.196,+0.991
1651941600,+3.22, +1.732, +9.213,+0.991
1651941660,+3.22, +1.732, +9.204,+0.990
1651941720,+3.22, +1.785, +9.187,+0.991
1651941780,+3.22, +1.774, +9.192,+0.991
1651941840,+3.22, +1.732, +9.211,+0.991
1651941900,+3.22, +1.764, +9.207,+0.991
1651941960,+3.22, +1.764, +9.193,+0.991
1651942020,+3.22, +1.774, +9.191,+0.991
1651942080,+3.22, +1.764, +9.203,+0.991
1651942140,+3.22, +1.764, +9.196,+0.991
1651942200,+3.22, +1.774, +9.196,+0.991
1651942260,+3.22, +1.796, +9.190,+0.991
1651942320,+3.22, +1.774, +9.201,+0.991
1651942380,+3.22, +1.753, +9.211,+0.991
1651942440,+3.22, +1.774, +9.197,+0.991
1651942500,+3.22, +1.774, +9.208,+0.991
1651942560,+3.22, +1.753, +9.213,+0.991
1651942620,+3.22, +1.785, +9.202,+0.991
1651942680,+3.22, +1.785, +9.201,+0.991
1651942740,+3.22, +1.774, +9.199,+0.991
1651942800,+3.22, +1.785, +9.202,+0.991
1651942860,+3.22, +1.785, +9.191,+0.990
1651942920,+3.22, +1.764, +9.206,+0.991
1651942980,+3.22, +1.796, +9.200,+0.991
1651943040,+3.22, +1.785, +9.199,+0.991
1651943100,+3.22, +1.828, +9.188,+0.991
1651943160,+3.22, +1.796, +9.198,+0.991
1651943220,+3.22, +1.817, +9.195,+0.991
1651943280,+3.22, +1.806, +9.199,+0.991
1651943340,+3.22, +1.828, +9.188,+0.991
1651943400,+3.22, +1.785, +9.213,+0.991
1651943460,+3.22, +1.828, +9.202,+0.991
1651943520,+3.22, +1.817, +9.188,+0.990
1651943580,+3.22, +1.806, +9.200,+0.991
1651943640,+3.22, +1.828, +9.183,+0.990
1651943700,+3.22, +1.817, +9.191,+0.991
1651943760,+3.22, +1.806, +9.192,+0.991
1651943820,+3.22, +1.796, +9.199,+0.991
1651943880,+3.22, +1.806, +9.188,+0.990
1651943940,+3.22, +1.828, +9.191,+0.991
1651944000,+3.22, +1.796, +9.196,+0.991
1651944060,+3.22, +1.828, +9.183,+0.991
1651944120,+3.22, +1.742, +9.211,+0.990
1651944180,+3.22, +1.817, +9.177,+0.990
1651944240,+3.22, +1.828, +9.180,+0.991
1651944300,+3.22, +1.785, +9.217,+0.991
1651944360,+3.22, +1.806, +9.201,+0.991
1651944420,+3.22, +1.806, +9.183,+0.991
1651944480,+3.22, +1.806, +9.182,+0.990
1651944540,+3.22, +1.774, +9.199,+0.991
1651944600,+3.22, +1.785, +9.206,+0.991
1651944660,+3.22, +1.774, +9.211,+0.991
1651944720,+3.22, +1.753, +9.210,+0.991
1651944780,+3.22, +1.764, +9.210,+0.991
1651944840,+3.22, +1.774, +9.211,+0.991
1651944900,+3.22, +1.774, +9.191,+0.990
1651944960,+3.22, +1.785, +9.217,+0.991
1651945020,+3.22, +1.764, +9.207,+0.991
1651945080,+3.22, +1.796, +9.206,+0.991
1651945140,+3.22, +1.828, +9.186,+0.991
1651945200,+3.22, +1.785, +9.198,+0.990
1651945260,+3.22, +1.796, +9.192,+0.990
1651945320,+3.22, +1.785, +9.203,+0.991
1651945380,+3.22, +1.828, +9.183,+0.991
1651945440,+3.22, +1.785, +9.203,+0.991
1651945500,+3.22, +1.806, +9.199,+0.991
1651945560,+3.22, +1.838, +9.188,+0.991
1651945620,+3.22, +1.828, +9.189,+0.990
1651945680,+3.22, +1.849, +9.174,+0.990
1651945740,+3.22, +1.828, +9.194,+0.991
1651945800,+3.22, +1.881, +9.186,+0.991
1651945860,+3.22, +1.860, +9.187,+0.991
1651945920,+3.22, +1.870, +9.185,+0.991
1651945980,+3.22, +1.913, +9.177,+0.991
1651946040,+3.22, +1.902, +9.174,+0.991
1651946100,+3.22, +1.913, +9.175,+0.991
1651946160,+3.22, +1.913, +9.177,+0.991
1651946220,+3.22, +1.913, +9.169,+0.991
1651946280,+3.22, +1.923, +9.171,+0.991
1651946340,+3.22, +1.913, +9.175,+0.991
1651946400,+3.22, +1.934, +9.151,+0.990
1651946460,+3.22, +1.934, +9.165,+0.991
1651946520,+3.22, +1.934, +9.149,+0.990
1651946580,+3.22, +1.870, +9.185,+0.991
1651946640,+3.22, +1.902, +9.179,+0.991
1651946700,+3.22, +1.923, +9.157,+0.991
1651946760,+3.22, +1.923, +9.156,+0.991
1651946820,+3.22, +1.923, +9.162,+0.991
1651946880,+3.22, +1.923, +9.154,+0.991
1651946940,+3.22, +1.913, +9.173,+0.991
1651947000,+3.22, +1.870, +9.186,+0.991
1651947060,+3.22, +1.945, +9.156,+0.991
1651947120,+3.22, +1.955, +9.151,+0.990
1651947180,+3.22, +1.945, +9.166,+0.991
1651947240,+3.22, +1.987, +9.152,+0.991
1651947300,+3.22, +1.945, +9.178,+0.991
1651947360,+3.22, +1.955, +9.161,+0.991
1651947420,+3.22, +2.008, +9.159,+0.992
1651947480,+3.22, +1.987, +9.151,+0.991
1651947540,+3.22, +2.040, +9.132,+0.991
1651947600,+3.22, +2.019, +9.149,+0.991
1651947660,+3.22, +2.019, +9.136,+0.990
1651947720,+3.22, +2.029, +9.151,+0.991
1651947780,+3.22, +2.029, +9.146,+0.991
1651947840,+3.22, +2.061, +9.138,+0.991
1651947900,+3.22, +2.072, +9.135,+0.991
1651947960,+3.22, +2.061, +9.131,+0.991
1651948020,+3.22, +2.061, +9.130,+0.990
1651948080,+3.22, +2.072, +9.151,+0.992
1651948140,+3.22, +2.082, +9.144,+0.992
1651948200,+3.22, +2.104, +9.125,+0.991
1651948260,+3.22, +2.082, +9.141,+0.991
1651948320,+3.22, +2.093, +9.130,+0.991
1651948380,+3.22, +2.125, +9.125,+0.991
1651948440,+3.22, +2.082, +9.140,+0.991
1651948500,+3.22, +2.104, +9.133,+0.991
1651948560,+3.22, +2.114, +9.123,+0.991
1651948620,+3.22, +2.146, +9.100,+0.990
1651948680,+3.22, +2.146, +9.112,+0.990
1651948740,+3.22, +2.157, +9.120,+0.991
1651948800,+3.22, +2.178, +9.112,+0.991
1651948860,+3.22, +2.167, +9.108,+0.991
1651948920,+3.22, +2.188, +9.109,+0.991
1651948980,+3.22, +2.178, +9.115,+0.991
1651949040,+3.22, +2.188, +9.112,+0.991
1651949100,+3.22, +2.188, +9.114,+0.991
1651949160,+3.22, +2.209, +9.105,+0.991
1651949220,+3.22, +2.220, +9.112,+0.992
1651949280,+3.22, +2.209, +9.103,+0.991
1651949340,+3.22, +2.209, +9.115,+0.991
1651949400,+3.22, +2.209, +9.124,+0.992
1651949460,+3.22, +2.241, +9.084,+0.991
1651949520,+3.22, +2.230, +9.111,+0.991
1651949580,+3.21, +2.241, +9.077,+0.990
1651949640,+3.22, +2.262, +9.077,+0.990
1651949700,+3.22, +2.252, +9.093,+0.991
1651949760,+3.22, +2.241, +9.087,+0.991
1651949820,+3.22, +2.178, +9.064,+0.990
1651949880,+3.22, +2.167, +9.063,+0.991
1651949940,+3.21, +2.157, +9.040,+0.990
1651950000,+3.22, +2.093, +9.064,+0.990
1651950060,+3.22, +2.135, +9.108,+0.991
1651950120,+3.22, +2.167, +9.105,+0.991
1651950180,+3.22, +2.188, +9.109,+0.991
1651950240,+3.22, +2.230, +9.083,+0.990
1651950300,+3.22, +2.262, +9.074,+0.991
1651950360,+3.21, +2.252, +9.072,+0.990
1651950420,+3.22, +2.241, +9.089,+0.991
1651950480,+3.22, +2.252, +9.097,+0.991
1651950540,+3.22, +2.262, +9.071,+0.990
1651950600,+3.22, +2.241, +9.091,+0.991
1651950660,+3.22, +2.273, +9.073,+0.991
1651950720,+3.22, +2.273, +9.074,+0.991
1651950780,+3.22, +2.188, +9.094,+0.991
1651950840,+3.22, +2.262, +9.077,+0.991
1651950900,+3.22, +2.230, +9.093,+0.991
1651950960,+3.22, +2.262, +9.072,+0.991
1651951020,+3.22, +2.252, +9.071,+0.991
1651951080,+3.22, +2.252, +9.072,+0.991
1651951140,+3.21, +2.252, +9.077,+0.991
1651951200,+3.22, +2.283, +9.088,+0.992
1651951260,+3.22, +2.146, +9.114,+0.990
1651951320,+3.22, +2.273, +9.077,+0.991
1651951380,+3.22, +2.252, +9.080,+0.991
1651951440,+3.22, +2.252, +9.076,+0.991
1651951500,+3.22, +2.241, +9.100,+0.991
1651951560,+3.22, +2.283, +9.064,+0.991
1651951620,+3.22, +2.273, +9.075,+0.991
1651951680,+3.22, +2.283, +9.063,+0.990
1651951740,+3.22, +2.283, +9.078,+0.991
1651951800,+3.22, +2.273, +9.072,+0.991
1651951860,+3.22, +2.283, +9.073,+0.991
1651951920,+3.22, +2.273, +9.075,+0.991
1651951980,+3.22, +2.304, +9.068,+0.991
1651952040,+3.22, +2.273, +9.063,+0.990
1651952100,+3.22, +2.283, +9.068,+0.990
1651952160,+3.22, +2.304, +9.061,+0.990
1651952220,+3.22, +2.315, +9.059,+0.991
1651952280,+3.22, +2.336, +9.056,+0.991
1651952340,+3.22, +2.315, +9.072,+0.991
1651952400,+3.21, +2.336, +9.067,+0.991
1651952460,+3.22, +2.325, +9.064,+0.991
1651952520,+3.22, +2.357, +9.055,+0.991
1651952580,+3.22, +2.378, +9.050,+0.991
1651952640,+3.22, +2.346, +9.049,+0.991
1651952700,+3.22, +2.357, +9.044,+0.990
1651952760,+3.22, +2.357, +9.059,+0.991
1651952820,+3.22, +2.325, +9.055,+0.990
1651952880,+3.21, +2.378, +9.048,+0.991
1651952940,+3.22, +2.325, +9.070,+0.991
1651953000,+3.22, +2.346, +9.059,+0.991
1651953060,+3.22, +2.346, +9.055,+0.991
1651953120,+3.22, +2.346, +9.036,+0.990
1651953180,+3.22, +2.368, +9.026,+0.990
1651953240,+3.22, +2.346, +9.050,+0.991
1651953300,+3.22, +2.325, +9.050,+0.990
1651953360,+3.22, +2.346, +9.052,+0.991
1651953420,+3.22, +2.336, +9.048,+0.990
1651953480,+3.22, +2.325, +9.051,+0.991
1651953540,+3.22, +2.336, +9.057,+0.991
1651953600,+3.22, +2.304, +9.059,+0.990
1651953660,+3.22, +2.315, +9.053,+0.991
1651953720,+3.21, +2.315, +9.068,+0.991
1651953780,+3.21, +2.336, +9.046,+0.991
1651953840,+3.21, +2.315, +9.057,+0.991
1651953900,+3.22, +2.336, +9.059,+0.991
1651953960,+3.22, +2.368, +9.047,+0.991
1651954020,+3.22, +2.336, +9.046,+0.990
1651954080,+3.22, +2.357, +9.054,+0.991
1651954140,+3.22, +2.346, +9.030,+0.990
1651954200,+3.22, +2.346, +9.048,+0.991
1651954260,+3.22, +2.368, +9.054,+0.991
1651954320,+3.22, +2.346, +9.045,+0.990
1651954380,+3.22, +2.410, +9.040,+0.991
1651954440,+3.22, +2.389, +9.033,+0.990
1651954500,+3.22, +2.378, +9.037,+0.990
1651954560,+3.22, +2.389, +9.034,+0.991
1651954620,+3.22, +2.389, +9.035,+0.990
1651954680,+3.22, +2.378, +9.042,+0.991
1651954740,+3.22, +2.378, +9.031,+0.991
1651954800,+3.22, +2.410, +9.017,+0.990
1651954860,+3.22, +2.389, +9.033,+0.990
1651954920,+3.22, +2.357, +9.039,+0.990
1651954980,+3.22, +2.389, +9.019,+0.990
1651955040,+3.22, +2.389, +9.030,+0.990
1651955100,+3.22, +2.399, +9.023,+0.991
1651955160,+3.22, +2.357, +9.034,+0.991
1651955220,+3.22, +2.389, +9.034,+0.991
1651955280,+3.22, +2.399, +9.016,+0.990
1651955340,+3.21, +2.389, +9.022,+0.990
1651955400,+3.22, +2.389, +9.019,+0.990
1651955460,+3.22, +2.378, +9.030,+0.990
1651955520,+3.22, +2.410, +9.009,+0.990
1651955580,+3.22, +2.399, +9.021,+0.991
1651955640,+3.22, +2.389, +9.016,+0.990
1651955700,+3.22, +2.410, +9.009,+0.990
1651955760,+3.22, +2.378, +9.012,+0.991
1651955820,+3.22, +2.389, +9.022,+0.990
1651955880,+3.22, +2.431, +9.009,+0.991
1651955940,+3.22, +2.389, +9.017,+0.990
1651956000,+3.22, +2.389, +9.013,+0.990
1651956060,+3.22, +2.389, +9.010,+0.990
1651956120,+3.22, +2.357, +9.022,+0.990
1651956180,+3.22, +2.368, +9.019,+0.990
1651956240,+3.22, +2.346, +9.016,+0.990
1651956300,+3.22, +2.346, +9.012,+0.990
1651956360,+3.22, +2.252, +8.954,+0.990
1651956420,+3.22, +2.230, +8.961,+0.990
1651956480,+3.22, +2.167, +9.025,+0.990
1651956540,+3.22, +2.188, +9.028,+0.990
1651956600,+3.22, +2.199, +9.036,+0.990
1651956660,+3.22, +2.209, +9.043,+0.991
1651956720,+3.22, +2.220, +9.052,+0.991
1651956780,+3.22, +2.209, +9.065,+0.991
1651956840,+3.22, +2.230, +9.063,+0.990
1651956900,+3.22, +2.252, +9.048,+0.990
1651956960,+3.22, +2.230, +9.066,+0.991
1651957020,+3.22, +2.209, +9.051,+0.990
1651957080,+3.22, +2.230, +9.070,+0.991
1651957140,+3.22, +2.220, +9.063,+0.990
1651957200,+3.22, +2.209, +9.074,+0.991
1651957260,+3.22, +2.241, +9.057,+0.991
1651957320,+3.22, +2.262, +9.048,+0.991
1651957380,+3.22, +2.241, +9.049,+0.991
1651957440,+3.21, +2.230, +9.052,+0.990
1651957500,+3.22, +2.252, +9.052,+0.991
1651957560,+3.21, +2.241, +9.057,+0.991
1651957620,+3.22, +2.241, +9.071,+0.991
1651957680,+3.22, +2.220, +9.069,+0.991
1651957740,+3.22, +2.209, +9.063,+0.991
1651957800,+3.22, +2.241, +9.046,+0.990
1651957860,+3.22, +2.230, +9.067,+0.991
1651957920,+3.22, +2.230, +9.061,+0.991
1651957980,+3.22, +2.209, +9.072,+0.991
1651958040,+3.22, +2.220, +9.053,+0.990
1651958100,+3.21, +2.209, +9.059,+0.990
1651958160,+3.22, +2.220, +9.059,+0.991
1651958220,+3.22, +2.220, +9.065,+0.991
1651958280,+3.22, +2.209, +9.059,+0.991
1651958340,+3.22, +2.178, +9.071,+0.990
1651958400,+3.21, +2.178, +9.071,+0.990
1651958460,+3.22, +2.178, +9.069,+0.991
1651958520,+3.22, +2.146, +9.083,+0.991
1651958580,+3.22, +2.146, +9.077,+0.990
1651958640,+3.22, +2.157, +9.075,+0.991
1651958700,+3.22, +2.146, +9.080,+0.991
1651958760,+3.22, +2.157, +9.076,+0.991
1651958820,+3.22, +2.146, +9.080,+0.991
1651958880,+3.22, +2.114, +9.099,+0.991
1651958940,+3.22, +2.146, +9.081,+0.991
1651959000,+3.22, +2.104, +9.086,+0.990
1651959060,+3.21, +2.135, +9.077,+0.990
1651959120,+3.22, +2.146, +9.064,+0.991
1651959180,+3.22, +2.135, +9.076,+0.991
1651959240,+3.22, +2.125, +9.085,+0.991
1651959300,+3.22, +2.157, +9.061,+0.990
1651959360,+3.22, +2.125, +9.085,+0.991
1651959420,+3.22, +2.146, +9.070,+0.991
1651959480,+3.22, +2.135, +9.077,+0.991
1651959540,+3.21, +2.125, +9.069,+0.990
1651959600,+3.22, +2.104, +9.095,+0.991
1651959660,+3.22, +2.082, +9.098,+0.991
1651959720,+3.22, +2.114, +9.074,+0.991
1651959780,+3.22, +2.104, +9.077,+0.990
1651959840,+3.22, +2.072, +9.090,+0.991
1651959900,+3.22, +2.072, +9.089,+0.990
1651959960,+3.22, +2.093, +9.076,+0.991
1651960020,+3.22, +2.061, +9.084,+0.990
1651960080,+3.22, +2.082, +9.089,+0.991
1651960140,+3.22, +2.040, +9.103,+0.991
1651960200,+3.22, +2.061, +9.077,+0.990
1651960260,+3.22, +2.029, +9.093,+0.991
1651960320,+3.22, +2.008, +9.112,+0.992
1651960380,+3.22, +1.998, +9.081,+0.990
1651960440,+3.22, +2.008, +9.093,+0.990
1651960500,+3.22, +2.019, +9.102,+0.991
1651960560,+3.22, +1.966, +9.115,+0.990
1651960620,+3.22, +2.040, +9.078,+0.990
1651960680,+3.22, +2.008, +9.097,+0.990
1651960740,+3.21, +2.019, +9.104,+0.991
1651960800,+3.22, +2.040, +9.091,+0.991
1651960860,+3.22, +2.019, +9.098,+0.990
1651960920,+3.22, +2.040, +9.082,+0.990
1651960980,+3.22, +2.019, +9.095,+0.990
1651961040,+3.22, +1.998, +9.105,+0.990
1651961100,+3.22, +2.008, +9.111,+0.991
1651961160,+3.22, +2.019, +9.093,+0.990
1651961220,+3.21, +2.019, +9.095,+0.991
1651961280,+3.21, +2.019, +9.094,+0.991
1651961340,+3.22, +1.976, +9.104,+0.990
1651961400,+3.22, +1.998, +9.122,+0.991
1651961460,+3.22, +1.976, +9.106,+0.991
1651961520,+3.22, +1.976, +9.097,+0.990
1651961580,+3.22, +1.966, +9.099,+0.990
1651961640,+3.22, +1.923, +9.126,+0.990
1651961700,+3.22, +1.945, +9.112,+0.990
1651961760,+3.22, +1.955, +9.124,+0.991
1651961820,+3.22, +1.966, +9.114,+0.991
1651961880,+3.22, +1.987, +9.102,+0.991
1651961940,+3.22, +1.966, +9.111,+0.990
1651962000,+3.21, +1.976, +9.128,+0.992
1651962060,+3.22, +1.966, +9.111,+0.991
1651962120,+3.22, +1.987, +9.120,+0.992
1651962180,+3.21, +1.966, +9.119,+0.991
1651962240,+3.21, +1.976, +9.090,+0.990
1651962300,+3.21, +1.966, +9.103,+0.990
1651962360,+3.22, +1.966, +9.120,+0.991
1651962420,+3.22, +1.945, +9.117,+0.991
1651962480,+3.22, +1.955, +9.117,+0.991
1651962540,+3.22, +1.987, +9.089,+0.990
1651962600,+3.22, +1.955, +9.128,+0.991
1651962660,+3.22, +1.955, +9.118,+0.991
1651962720,+3.22, +1.955, +9.120,+0.991
1651962780,+3.21, +1.955, +9.116,+0.991
1651962840,+3.22, +1.955, +9.106,+0.990
1651962900,+3.22, +1.955, +9.122,+0.991
1651962960,+3.22, +1.966, +9.101,+0.990
1651963020,+3.22, +1.923, +9.122,+0.991
1651963080,+3.21, +1.934, +9.135,+0.991
1651963140,+3.22, +1.955, +9.124,+0.991
1651963200,+3.21, +1.945, +9.122,+0.991
1651963260,+3.22, +1.923, +9.115,+0.990
1651963320,+3.22, +1.923, +9.110,+0.990
1651963380,+3.21, +1.913, +9.142,+0.992
1651963440,+3.22, +1.902, +9.131,+0.991
1651963500,+3.22, +1.955, +9.116,+0.991
1651963560,+3.22, +1.934, +9.100,+0.990
1651963620,+3.22, +1.955, +9.117,+0.991
1651963680,+3.22, +1.945, +9.115,+0.991
1651963740,+3.22, +1.945, +9.112,+0.991
1651963800,+3.22, +1.955, +9.098,+0.990
1651963860,+3.22, +1.934, +9.123,+0.991
1651963920,+3.21, +1.934, +9.118,+0.991
1651963980,+3.22, +1.945, +9.111,+0.991
1651964040,+3.22, +1.976, +9.103,+0.991
1651964100,+3.22, +1.923, +9.119,+0.991
1651964160,+3.22, +1.913, +9.122,+0.991
1651964220,+3.22, +1.923, +9.112,+0.990
1651964280,+3.22, +1.934, +9.102,+0.990
1651964340,+3.22, +1.913, +9.110,+0.990
1651964400,+3.22, +1.902, +9.123,+0.990
1651964460,+3.21, +1.934, +9.110,+0.990
1651964520,+3.22, +1.902, +9.130,+0.991
1651964580,+3.22, +1.913, +9.125,+0.991
1651964640,+3.22, +1.891, +9.121,+0.991
1651964700,+3.22, +1.891, +9.128,+0.991
1651964760,+3.22, +1.902, +9.120,+0.990
1651964820,+3.22, +1.902, +9.133,+0.991
1651964880,+3.21, +1.881, +9.137,+0.991
1651964940,+3.21, +1.902, +9.121,+0.991
1651965000,+3.21, +1.891, +9.131,+0.991
1651965060,+3.22, +1.913, +9.119,+0.991
1651965120,+3.22, +1.891, +9.122,+0.991
1651965180,+3.22, +1.902, +9.105,+0.990
1651965240,+3.22, +1.891, +9.132,+0.991
1651965300,+3.22, +1.891, +9.136,+0.991
1651965360,+3.22, +1.881, +9.137,+0.991
1651965420,+3.22, +1.881, +9.130,+0.990
1651965480,+3.22, +1.881, +9.114,+0.990
1651965540,+3.22, +1.934, +9.114,+0.991
1651965600,+3.22, +1.870, +9.131,+0.991
1651965660,+3.22, +1.838, +9.131,+0.990
1651965720,+3.21, +1.870, +9.128,+0.991
1651965780,+3.22, +1.870, +9.137,+0.991
1651965840,+3.22, +1.881, +9.124,+0.991
1651965900,+3.22, +1.860, +9.135,+0.991
1651965960,+3.22, +1.902, +9.116,+0.990
1651966020,+3.22, +1.849, +9.147,+0.991
1651966080,+3.22, +1.860, +9.133,+0.991
1651966140,+3.22, +1.860, +9.134,+0.991
1651966200,+3.22, +1.870, +9.142,+0.992
1651966260,+3.22, +1.849, +9.138,+0.991
1651966320,+3.22, +1.860, +9.134,+0.991
1651966380,+3.22, +1.849, +9.134,+0.990
1651966440,+3.22, +1.838, +9.134,+0.991
1651966500,+3.22, +1.828, +9.154,+0.991
1651966560,+3.22, +1.828, +9.142,+0.990
1651966620,+3.22, +1.849, +9.138,+0.991
1651966680,+3.22, +1.817, +9.154,+0.991
1651966740,+3.22, +1.838, +9.126,+0.990
1651966800,+3.22, +1.838, +9.134,+0.991
1651966860,+3.22, +1.828, +9.147,+0.991
1651966920,+3.22, +1.828, +9.129,+0.990
1651966980,+3.21, +1.860, +9.128,+0.991
1651967040,+3.22, +1.828, +9.147,+0.991
1651967100,+3.22, +1.817, +9.151,+0.991
1651967160,+3.22, +1.817, +9.153,+0.991
1651967220,+3.21, +1.817, +9.141,+0.991
1651967280,+3.22, +1.817, +9.134,+0.990
1651967340,+3.21, +1.838, +9.132,+0.991
1651967400,+3.22, +1.796, +9.156,+0.991
1651967460,+3.22, +1.806, +9.151,+0.991
1651967520,+3.21, +1.796, +9.156,+0.991
1651967580,+3.22, +1.796, +9.150,+0.991
1651967640,+3.21, +1.774, +9.148,+0.990
1651967700,+3.22, +1.828, +9.143,+0.991
1651967760,+3.21, +1.796, +9.156,+0.991
1651967820,+3.21, +1.796, +9.148,+0.991
1651967880,+3.22, +1.806, +9.146,+0.991
1651967940,+3.22, +1.806, +9.134,+0.990
1651968000,+3.22, +1.732, +9.169,+0.991
1651968060,+3.21, +1.785, +9.154,+0.991
1651968120,+3.22, +1.753, +9.160,+0.990
1651968180,+3.21, +1.764, +9.165,+0.991
1651968240,+3.22, +1.796, +9.147,+0.991
1651968300,+3.21, +1.732, +9.176,+0.991
1651968360,+3.22, +1.774, +9.156,+0.991
1651968420,+3.22, +1.785, +9.148,+0.991
1651968480,+3.22, +1.774, +9.154,+0.991
1651968540,+3.21, +1.796, +9.151,+0.991
1651968600,+3.22, +1.753, +9.170,+0.991
1651968660,+3.21, +1.710, +9.178,+0.991
1651968720,+3.22, +1.742, +9.160,+0.991
1651968780,+3.22, +1.785, +9.147,+0.991
1651968840,+3.21, +1.764, +9.154,+0.991
1651968900,+3.21, +1.774, +9.155,+0.991
1651968960,+3.22, +1.796, +9.132,+0.990
1651969020,+3.21, +1.774, +9.145,+0.990
1651969080,+3.21, +1.764, +9.149,+0.991
1651969140,+3.22, +1.753, +9.153,+0.991
1651969200,+3.21, +1.742, +9.151,+0.991
1651969260,+3.22, +1.732, +9.142,+0.991
1651969320,+3.22, +1.700, +9.164,+0.991
1651969380,+3.22, +1.742, +9.150,+0.991
1651969440,+3.21, +1.732, +9.161,+0.991
1651969500,+3.21, +1.721, +9.152,+0.990
1651969560,+3.21, +1.742, +9.139,+0.990
1651969620,+3.22, +1.764, +9.145,+0.991
1651969680,+3.22, +1.753, +9.156,+0.991
1651969740,+3.22, +1.732, +9.159,+0.991
1651969800,+3.22, +1.742, +9.152,+0.991
1651969860,+3.21, +1.732, +9.149,+0.990
1651969920,+3.22, +1.732, +9.171,+0.991
1651969980,+3.22, +1.732, +9.162,+0.991
1651970040,+3.22, +1.742, +9.159,+0.991
1651970100,+3.21, +1.710, +9.167,+0.991
1651970160,+3.21, +1.721, +9.159,+0.991
1651970220,+3.22, +1.721, +9.168,+0.991
1651970280,+3.21, +1.710, +9.171,+0.991
1651970340,+3.22, +1.710, +9.175,+0.991
1651970400,+3.21, +1.710, +9.170,+0.991
1651970460,+3.21, +1.710, +9.179,+0.991
1651970520,+3.22, +1.700, +9.177,+0.991
1651970580,+3.22, +1.678, +9.185,+0.991
1651970640,+3.21, +1.678, +9.178,+0.990
1651970700,+3.22, +1.678, +9.195,+0.991
1651970760,+3.22, +1.700, +9.181,+0.991
1651970820,+3.22, +1.710, +9.179,+0.991
1651970880,+3.22, +1.689, +9.187,+0.991
1651970940,+3.22, +1.668, +9.199,+0.991
1651971000,+3.22, +1.700, +9.166,+0.990
1651971060,+3.21, +1.689, +9.178,+0.991
1651971120,+3.21, +1.689, +9.185,+0.991
1651971180,+3.21, +1.689, +9.184,+0.991
1651971240,+3.22, +1.668, +9.200,+0.991
1651971300,+3.21, +1.657, +9.191,+0.991
1651971360,+3.22, +1.689, +9.182,+0.991
1651971420,+3.21, +1.678, +9.185,+0.991
1651971480,+3.21, +1.689, +9.181,+0.991
1651971540,+3.21, +1.678, +9.185,+0.991
1651971600,+3.22, +1.668, +9.186,+0.991
1651971660,+3.21, +1.689, +9.180,+0.991
1651971720,+3.21, +1.636, +9.202,+0.991
1651971780,+3.21, +1.689, +9.178,+0.991
1651971840,+3.22, +1.668, +9.185,+0.991
1651971900,+3.21, +1.689, +9.181,+0.991
1651971960,+3.22, +1.678, +9.194,+0.991
1651972020,+3.22, +1.668, +9.180,+0.990
1651972080,+3.21, +1.700, +9.175,+0.991
1651972140,+3.22, +1.668, +9.179,+0.990
1651972200,+3.21, +1.710, +9.182,+0.991
1651972260,+3.21, +1.678, +9.185,+0.990
1651972320,+3.22, +1.678, +9.177,+0.990
1651972380,+3.21, +1.668, +9.190,+0.991
1651972440,+3.21, +1.678, +9.183,+0.990
1651972500,+3.22, +1.678, +9.193,+0.991
1651972560,+3.22, +1.678, +9.183,+0.991
1651972620,+3.21, +1.678, +9.189,+0.991
1651972680,+3.21, +1.678, +9.196,+0.991
1651972740,+3.21, +1.614, +9.214,+0.991
1651972800,+3.21, +1.657, +9.198,+0.991
1651972860,+3.22, +1.668, +9.197,+0.991
1651972920,+3.21, +1.689, +9.192,+0.991
1651972980,+3.22, +1.657, +9.200,+0.991
1651973040,+3.22, +1.668, +9.189,+0.990
1651973100,+3.21, +1.657, +9.203,+0.991
1651973160,+3.21, +1.668, +9.196,+0.991
1651973220,+3.21, +1.678, +9.191,+0.991
1651973280,+3.22, +1.657, +9.214,+0.992
1651973340,+3.21, +1.625, +9.206,+0.991
1651973400,+3.22, +1.604, +9.207,+0.991
1651973460,+3.22, +1.539, +9.202,+0.990
1651973520,+3.22, +1.507, +9.224,+0.990
1651973580,+3.22, +1.486, +9.242,+0.991
1651973640,+3.22, +1.518, +9.214,+0.990
1651973700,+3.21, +1.529, +9.214,+0.990
1651973760,+3.22, +1.529, +9.236,+0.991
1651973820,+3.22, +1.550, +9.221,+0.991
1651973880,+3.22, +1.561, +9.225,+0.991
1651973940,+3.22, +1.539, +9.217,+0.991
1651974000,+3.22, +1.561, +9.215,+0.991
1651974060,+3.22, +1.561, +9.228,+0.991
1651974120,+3.22, +1.561, +9.206,+0.990
1651974180,+3.22, +1.582, +9.212,+0.991
1651974240,+3.22, +1.571, +9.225,+0.991
1651974300,+3.22, +1.614, +9.207,+0.991
1651974360,+3.21, +1.604, +9.210,+0.991
1651974420,+3.22, +1.636, +9.206,+0.991
1651974480,+3.21, +1.614, +9.208,+0.991
1651974540,+3.21, +1.604, +9.209,+0.990
1651974600,+3.21, +1.646, +9.196,+0.991
1651974660,+3.22, +1.625, +9.202,+0.991
1651974720,+3.22, +1.625, +9.210,+0.991
1651974780,+3.22, +1.668, +9.184,+0.990
1651974840,+3.22, +1.678, +9.182,+0.991
1651974900,+3.22, +1.636, +9.219,+0.992
1651974960,+3.22, +1.636, +9.206,+0.991
1651975020,+3.21, +1.657, +9.198,+0.991
1651975080,+3.22, +1.646, +9.202,+0.991
1651975140,+3.22, +1.636, +9.210,+0.991
1651975200,+3.21, +1.657, +9.202,+0.991
1651975260,+3.21, +1.636, +9.201,+0.990
1651975320,+3.21, +1.646, +9.208,+0.991
1651975380,+3.21, +1.636, +9.208,+0.990
1651975440,+3.21, +1.657, +9.209,+0.991
1651975500,+3.22, +1.668, +9.186,+0.990
1651975560,+3.21, +1.646, +9.212,+0.991
1651975620,+3.22, +1.625, +9.204,+0.990
1651975680,+3.22, +1.636, +9.220,+0.991
1651975740,+3.21, +1.646, +9.201,+0.991
1651975800,+3.22, +1.636, +9.217,+0.991
1651975860,+3.21, +1.646, +9.206,+0.991
1651975920,+3.22, +1.657, +9.193,+0.991
1651975980,+3.21, +1.625, +9.214,+0.991
1651976040,+3.21, +1.614, +9.216,+0.991
1651976100,+3.21, +1.636, +9.214,+0.991
1651976160,+3.21, +1.657, +9.202,+0.991
1651976220,+3.21, +1.657, +9.205,+0.991
1651976280,+3.21, +1.625, +9.210,+0.991
1651976340,+3.21, +1.625, +9.211,+0.991
1651976400,+3.21, +1.614, +9.209,+0.991
1651976460,+3.21, +1.646, +9.200,+0.991
1651976520,+3.22, +1.604, +9.215,+0.991
1651976580,+3.22, +1.593, +9.231,+0.991
1651976640,+3.22, +1.593, +9.232,+0.991
1651976700,+3.22, +1.625, +9.218,+0.991
1651976760,+3.22, +1.614, +9.219,+0.991
1651976820,+3.21, +1.614, +9.218,+0.991
1651976880,+3.21, +1.593, +9.227,+0.991
1651976940,+3.21, +1.593, +9.222,+0.991
1651977000,+3.22, +1.593, +9.226,+0.991
1651977060,+3.22, +1.561, +9.236,+0.991
1651977120,+3.22, +1.593, +9.208,+0.990
1651977180,+3.22, +1.625, +9.207,+0.990
1651977240,+3.21, +1.604, +9.216,+0.991
1651977300,+3.22, +1.593, +9.221,+0.991
1651977360,+3.21, +1.593, +9.216,+0.990
1651977420,+3.22, +1.582, +9.237,+0.992
1651977480,+3.22, +1.582, +9.219,+0.991
1651977540,+3.21, +1.593, +9.234,+0.991
1651977600,+3.22, +1.604, +9.213,+0.991
1651977660,+3.21, +1.614, +9.212,+0.991
1651977720,+3.22, +1.625, +9.213,+0.991
1651977780,+3.21, +1.614, +9.217,+0.991
1651977840,+3.22, +1.604, +9.213,+0.991
1651977900,+3.21, +1.604, +9.205,+0.990
1651977960,+3.21, +1.529, +9.240,+0.991
1651978020,+3.21, +1.571, +9.229,+0.991
1651978080,+3.21, +1.593, +9.224,+0.991
1651978140,+3.22, +1.604, +9.220,+0.991
1651978200,+3.22, +1.582, +9.224,+0.991
1651978260,+3.21, +1.593, +9.222,+0.991
1651978320,+3.21, +1.593, +9.218,+0.991
1651978380,+3.21, +1.604, +9.205,+0.990
1651978440,+3.22, +1.529, +9.123,+0.990
1651978500,+3.22, +1.475, +9.163,+0.990
1651978560,+3.22, +1.454, +9.209,+0.991
1651978620,+3.22, +1.486, +9.224,+0.991
1651978680,+3.21, +1.496, +9.228,+0.991
1651978740,+3.21, +1.518, +9.199,+0.991
1651978800,+3.21, +1.529, +9.202,+0.991
1651978860,+3.22, +1.550, +9.220,+0.991
1651978920,+3.22, +1.507, +9.237,+0.991
1651978980,+3.22, +1.561, +9.206,+0.991
1651979040,+3.22, +1.571, +9.222,+0.991
1651979100,+3.21, +1.561, +9.218,+0.991
1651979160,+3.21, +1.582, +9.218,+0.991
1651979220,+3.22, +1.604, +9.208,+0.991
1651979280,+3.21, +1.582, +9.220,+0.991
1651979340,+3.21, +1.571, +9.217,+0.991
1651979400,+3.21, +1.561, +9.225,+0.991
1651979460,+3.21, +1.582, +9.226,+0.991
1651979520,+3.21, +1.582, +9.217,+0.991
1651979580,+3.21, +1.539, +9.245,+0.991
1651979640,+3.21, +1.582, +9.229,+0.991
1651979700,+3.21, +1.582, +9.228,+0.991
1651979760,+3.21, +1.582, +9.231,+0.991
1651979820,+3.22, +1.593, +9.217,+0.991
1651979880,+3.21, +1.593, +9.224,+0.991
1651979940,+3.21, +1.582, +9.224,+0.991
1651980000,+3.22, +1.604, +9.201,+0.990
1651980060,+3.21, +1.593, +9.220,+0.991
1651980120,+3.21, +1.614, +9.215,+0.991
1651980180,+3.21, +1.571, +9.236,+0.991
1651980240,+3.22, +1.604, +9.219,+0.991
1651980300,+3.21, +1.593, +9.226,+0.991
1651980360,+3.21, +1.593, +9.225,+0.991
1651980420,+3.21, +1.604, +9.219,+0.991
1651980480,+3.21, +1.614, +9.220,+0.991
1651980540,+3.22, +1.593, +9.211,+0.990
1651980600,+3.21, +1.614, +9.206,+0.991
1651980660,+3.21, +1.614, +9.214,+0.991
1651980720,+3.21, +1.614, +9.226,+0.991
1651980780,+3.21, +1.604, +9.213,+0.990
1651980840,+3.21, +1.593, +9.230,+0.991
1651980900,+3.22, +1.604, +9.219,+0.991
1651980960,+3.21, +1.614, +9.211,+0.991
1651981020,+3.21, +1.571, +9.238,+0.991
1651981080,+3.21, +1.604, +9.211,+0.991
1651981140,+3.21, +1.593, +9.223,+0.991
1651981200,+3.21, +1.614, +9.212,+0.991
1651981260,+3.21, +1.593, +9.228,+0.991
1651981320,+3.21, +1.571, +9.223,+0.990
1651981380,+3.21, +1.604, +9.215,+0.991
1651981440,+3.21, +1.561, +9.236,+0.991
1651981500,+3.22, +1.593, +9.212,+0.990
1651981560,+3.22, +1.625, +9.204,+0.991
1651981620,+3.21, +1.582, +9.214,+0.991
1651981680,+3.21, +1.593, +9.227,+0.991
1651981740,+3.21, +1.571, +9.236,+0.992
1651981800,+3.21, +1.582, +9.211,+0.990
1651981860,+3.21, +1.571, +9.225,+0.991
1651981920,+3.21, +1.593, +9.215,+0.991
1651981980,+3.21, +1.582, +9.229,+0.991
1651982040,+3.21, +1.561, +9.229,+0.990
1651982100,+3.21, +1.593, +9.231,+0.991
1651982160,+3.21, +1.614, +9.207,+0.991
1651982220,+3.21, +1.571, +9.238,+0.992
1651982280,+3.21, +1.561, +9.233,+0.991
1651982340,+3.21, +1.593, +9.209,+0.991
1651982400,+3.21, +1.571, +9.212,+0.990
1651982460,+3.21, +1.625, +9.198,+0.991
1651982520,+3.21, +1.582, +9.204,+0.990
1651982580,+3.21, +1.561, +9.226,+0.991
1651982640,+3.21, +1.561, +9.219,+0.991
1651982700,+3.21, +1.561, +9.216,+0.991
1651982760,+3.21, +1.550, +9.233,+0.991
1651982820,+3.21, +1.550, +9.225,+0.991
1651982880,+3.22, +1.550, +9.219,+0.990
1651982940,+3.21, +1.561, +9.233,+0.991
1651983000,+3.21, +1.539, +9.238,+0.991
1651983060,+3.21, +1.550, +9.241,+0.991
1651983120,+3.21, +1.571, +9.220,+0.991
1651983180,+3.21, +1.561, +9.213,+0.990
1651983240,+3.21, +1.571, +9.209,+0.991
1651983300,+3.21, +1.550, +9.226,+0.991
1651983360,+3.21, +1.571, +9.224,+0.991
1651983420,+3.21, +1.582, +9.215,+0.991
1651983480,+3.21, +1.582, +9.222,+0.991
1651983540,+3.21, +1.550, +9.222,+0.991
1651983600,+3.21, +1.550, +9.239,+0.991
1651983660,+3.22, +1.550, +9.219,+0.990
1651983720,+3.21, +1.582, +9.210,+0.991
1651983780,+3.21, +1.582, +9.214,+0.991
1651983840,+3.21, +1.561, +9.227,+0.991
1651983900,+3.21, +1.582, +9.213,+0.991
1651983960,+3.21, +1.539, +9.226,+0.990
1651984020,+3.21, +1.571, +9.228,+0.991
1651984080,+3.21, +1.582, +9.218,+0.991
1651984140,+3.21, +1.539, +9.229,+0.991
1651984200,+3.21, +1.571, +9.215,+0.991
1651984260,+3.21, +1.550, +9.232,+0.991
1651984320,+3.21, +1.604, +9.212,+0.991
1651984380,+3.21, +1.561, +9.228,+0.991
1651984440,+3.21, +1.571, +9.216,+0.991
1651984500,+3.21, +1.539, +9.237,+0.991
1651984560,+3.21, +1.561, +9.220,+0.991
1651984620,+3.21, +1.571, +9.219,+0.991
1651984680,+3.21, +1.550, +9.240,+0.991
1651984740,+3.21, +1.571, +9.211,+0.990
1651984800,+3.21, +1.561, +9.222,+0.991
1651984860,+3.21, +1.539, +9.237,+0.991
1651984920,+3.21, +1.550, +9.240,+0.991
1651984980,+3.21, +1.571, +9.233,+0.991
1651985040,+3.21, +1.593, +9.208,+0.991
1651985100,+3.21, +1.539, +9.240,+0.991
1651985160,+3.21, +1.561, +9.222,+0.991
1651985220,+3.21, +1.571, +9.225,+0.991
1651985280,+3.21, +1.582, +9.226,+0.992
1651985340,+3.22, +1.571, +9.219,+0.991
1651985400,+3.21, +1.571, +9.210,+0.990
1651985460,+3.21, +1.561, +9.221,+0.991
1651985520,+3.21, +1.539, +9.229,+0.991
1651985580,+3.21, +1.561, +9.212,+0.990
1651985640,+3.21, +1.571, +9.220,+0.991
1651985700,+3.21, +1.539, +9.237,+0.991
1651985760,+3.21, +1.550, +9.234,+0.991
1651985820,+3.21, +1.518, +9.228,+0.990
1651985880,+3.21, +1.561, +9.221,+0.991
1651985940,+3.21, +1.561, +9.220,+0.991
1651986000,+3.21, +1.582, +9.216,+0.991
1651986060,+3.21, +1.571, +9.219,+0.991
1651986120,+3.21, +1.561, +9.232,+0.991
1651986180,+3.21, +1.571, +9.214,+0.990
1651986240,+3.21, +1.529, +9.245,+0.992
1651986300,+3.21, +1.561, +9.238,+0.992
1651986360,+3.21, +1.571, +9.217,+0.991
1651986420,+3.21, +1.518, +9.227,+0.990
1651986480,+3.21, +1.571, +9.209,+0.991
1651986540,+3.21, +1.561, +9.219,+0.991
1651986600,+3.21, +1.593, +9.209,+0.991
1651986660,+3.21, +1.571, +9.224,+0.991
1651986720,+3.22, +1.561, +9.219,+0.991
1651986780,+3.21, +1.539, +9.240,+0.991
1651986840,+3.21, +1.550, +9.227,+0.991
1651986900,+3.21, +1.582, +9.214,+0.991
1651986960,+3.21, +1.518, +9.231,+0.990
1651987020,+3.21, +1.561, +9.226,+0.991
1651987080,+3.21, +1.561, +9.222,+0.991
1651987140,+3.21, +1.539, +9.233,+0.991
1651987200,+3.21, +1.561, +9.239,+0.992
1651987260,+3.21, +1.561, +9.220,+0.991
1651987320,+3.21, +1.539, +9.235,+0.991
1651987380,+3.22, +1.582, +9.213,+0.991
1651987440,+3.21, +1.550, +9.225,+0.991
1651987500,+3.21, +1.550, +9.218,+0.990
1651987560,+3.21, +1.582, +9.218,+0.991
1651987620,+3.21, +1.539, +9.223,+0.990
1651987680,+3.21, +1.561, +9.219,+0.991
1651987740,+3.21, +1.571, +9.215,+0.991
1651987800,+3.21, +1.550, +9.219,+0.991
1651987860,+3.22, +1.561, +9.225,+0.991
1651987920,+3.21, +1.561, +9.222,+0.991
1651987980,+3.21, +1.561, +9.227,+0.991
1651988040,+3.22, +1.529, +9.223,+0.990
1651988100,+3.21, +1.550, +9.231,+0.991
1651988160,+3.21, +1.571, +9.214,+0.991
1651988220,+3.21, +1.561, +9.212,+0.991
1651988280,+3.21, +1.550, +9.221,+0.991
1651988340,+3.21, +1.550, +9.222,+0.991
1651988400,+3.21, +1.571, +9.208,+0.991
1651988460,+3.21, +1.550, +9.221,+0.991
1651988520,+3.21, +1.550, +9.224,+0.991
1651988580,+3.21, +1.571, +9.220,+0.991
1651988640,+3.21, +1.539, +9.219,+0.991
1651988700,+3.21, +1.539, +9.222,+0.991
1651988760,+3.21, +1.550, +9.222,+0.991
1651988820,+3.21, +1.529, +9.240,+0.991
1651988880,+3.21, +1.539, +9.228,+0.991
1651988940,+3.21, +1.529, +9.234,+0.991
1651989000,+3.21, +1.550, +9.215,+0.991
1651989060,+3.21, +1.529, +9.241,+0.991
1651989120,+3.21, +1.529, +9.221,+0.990
1651989180,+3.21, +1.550, +9.211,+0.991
1651989240,+3.21, +1.539, +9.224,+0.991
1651989300,+3.21, +1.550, +9.223,+0.991
1651989360,+3.21, +1.561, +9.213,+0.991
1651989420,+3.21, +1.529, +9.222,+0.990
1651989480,+3.21, +1.539, +9.225,+0.991
1651989540,+3.21, +1.550, +9.222,+0.991
1651989600,+3.21, +1.507, +9.223,+0.990
1651989660,+3.21, +1.582, +9.214,+0.991
1651989720,+3.21, +1.550, +9.220,+0.991
1651989780,+3.21, +1.571, +9.209,+0.991
1651989840,+3.21, +1.571, +9.210,+0.991
1651989900,+3.21, +1.550, +9.218,+0.991
1651989960,+3.21, +1.539, +9.237,+0.992
1651990020,+3.21, +1.561, +9.230,+0.992
1651990080,+3.21, +1.561, +9.219,+0.991
1651990140,+3.21, +1.550, +9.228,+0.991
1651990200,+3.22, +1.518, +9.233,+0.991
1651990260,+3.21, +1.539, +9.237,+0.991
1651990320,+3.21, +1.539, +9.229,+0.991
1651990380,+3.21, +1.529, +9.227,+0.991
1651990440,+3.21, +1.539, +9.224,+0.991
1651990500,+3.21, +1.561, +9.216,+0.991
1651990560,+3.21, +1.518, +9.239,+0.991
1651990620,+3.21, +1.529, +9.212,+0.990
1651990680,+3.21, +1.561, +9.231,+0.992
1651990740,+3.21, +1.561, +9.226,+0.992
1651990800,+3.21, +1.539, +9.229,+0.991
1651990860,+3.21, +1.539, +9.231,+0.991
1651990920,+3.21, +1.539, +9.224,+0.991
1651990980,+3.21, +1.561, +9.213,+0.991
1651991040,+3.21, +1.550, +9.220,+0.991
1651991100,+3.21, +1.539, +9.228,+0.991
1651991160,+3.21, +1.571, +9.205,+0.990
1651991220,+3.21, +1.561, +9.219,+0.991
1651991280,+3.21, +1.539, +9.224,+0.991
1651991340,+3.21, +1.539, +9.232,+0.991
1651991400,+3.21, +1.550, +9.225,+0.991
1651991460,+3.21, +1.561, +9.214,+0.991
1651991520,+3.21, +1.561, +9.219,+0.991
1651991580,+3.21, +1.571, +9.209,+0.991
1651991640,+3.21, +1.539, +9.231,+0.991
1651991700,+3.21, +1.539, +9.226,+0.991
1651991760,+3.21, +1.550, +9.213,+0.991
1651991820,+3.21, +1.561, +9.209,+0.991
1651991880,+3.21, +1.571, +9.207,+0.991
1651991940,+3.21, +1.550, +9.208,+0.990
1651992000,+3.21, +1.582, +9.209,+0.991
1651992060,+3.21, +1.550, +9.220,+0.991
1651992120,+3.21, +1.550, +9.218,+0.991
1651992180,+3.21, +1.571, +9.210,+0.991
1651992240,+3.21, +1.561, +9.198,+0.990
1651992300,+3.21, +1.539, +9.232,+0.991
1651992360,+3.21, +1.539, +9.223,+0.991
1651992420,+3.21, +1.550, +9.212,+0.990
1651992480,+3.21, +1.529, +9.233,+0.991
1651992540,+3.21, +1.561, +9.222,+0.991
1651992600,+3.21, +1.561, +9.199,+0.990
1651992660,+3.21, +1.561, +9.208,+0.991
1651992720,+3.21, +1.571, +9.207,+0.990
1651992780,+3.21, +1.518, +9.228,+0.991
1651992840,+3.21, +1.561, +9.232,+0.992
1651992900,+3.21, +1.539, +9.217,+0.991
1651992960,+3.21, +1.550, +9.217,+0.991
1651993020,+3.21, +1.571, +9.203,+0.991
1651993080,+3.21, +1.561, +9.223,+0.991
1651993140,+3.21, +1.550, +9.219,+0.991
1651993200,+3.21, +1.561, +9.208,+0.991
1651993260,+3.21, +1.539, +9.220,+0.991
1651993320,+3.21, +1.539, +9.209,+0.990
1651993380,+3.21, +1.561, +9.211,+0.991
1651993440,+3.21, +1.561, +9.214,+0.991
1651993500,+3.21, +1.529, +9.228,+0.991
1651993560,+3.21, +1.529, +9.229,+0.991
1651993620,+3.21, +1.561, +9.200,+0.991
1651993680,+3.21, +1.539, +9.221,+0.991
1651993740,+3.22, +1.571, +9.211,+0.991
1651993800,+3.21, +1.529, +9.227,+0.991
1651993860,+3.21, +1.582, +9.211,+0.991
1651993920,+3.21, +1.571, +9.208,+0.991
1651993980,+3.21, +1.539, +9.216,+0.991
1651994040,+3.21, +1.571, +9.211,+0.991
1651994100,+3.21, +1.550, +9.210,+0.990
1651994160,+3.21, +1.539, +9.212,+0.990
1651994220,+3.21, +1.518, +9.226,+0.991
1651994280,+3.21, +1.571, +9.213,+0.991
1651994340,+3.21, +1.561, +9.211,+0.991
1651994400,+3.21, +1.561, +9.212,+0.991
1651994460,+3.21, +1.550, +9.222,+0.991
1651994520,+3.21, +1.529, +9.233,+0.991
1651994580,+3.21, +1.529, +9.231,+0.991
1651994640,+3.21, +1.561, +9.204,+0.991
1651994700,+3.21, +1.539, +9.226,+0.991
1651994760,+3.21, +1.539, +9.201,+0.990
1651994820,+3.21, +1.561, +9.221,+0.991
1651994880,+3.21, +1.539, +9.207,+0.991
1651994940,+3.21, +1.539, +9.223,+0.991
1651995000,+3.21, +1.550, +9.214,+0.991
1651995060,+3.21, +1.571, +9.213,+0.992
1651995120,+3.21, +1.539, +9.212,+0.991
1651995180,+3.21, +1.550, +9.214,+0.991
1651995240,+3.21, +1.539, +9.211,+0.991
1651995300,+3.21, +1.571, +9.202,+0.991
1651995360,+3.21, +1.571, +9.206,+0.991
1651995420,+3.21, +1.561, +9.212,+0.991
1651995480,+3.21, +1.571, +9.209,+0.991
1651995540,+3.21, +1.571, +9.199,+0.991
1651995600,+3.21, +1.539, +9.221,+0.991
1651995660,+3.21, +1.561, +9.204,+0.991
1651995720,+3.21, +1.529, +9.217,+0.991
1651995780,+3.22, +1.518, +9.223,+0.991
1651995840,+3.21, +1.529, +9.215,+0.990
1651995900,+3.21, +1.529, +9.224,+0.991
1651995960,+3.21, +1.539, +9.216,+0.991
1651996020,+3.21, +1.550, +9.209,+0.990
1651996080,+3.21, +1.561, +9.214,+0.991
1651996140,+3.21, +1.561, +9.210,+0.991
1651996200,+3.21, +1.529, +9.210,+0.990
1651996260,+3.21, +1.539, +9.219,+0.991
1651996320,+3.21, +1.539, +9.210,+0.990
1651996380,+3.21, +1.539, +9.223,+0.991
1651996440,+3.21, +1.550, +9.209,+0.991
1651996500,+3.21, +1.550, +9.203,+0.991
1651996560,+3.21, +1.550, +9.216,+0.991
1651996620,+3.21, +1.550, +9.213,+0.991
1651996680,+3.21, +1.539, +9.223,+0.991
1651996740,+3.21, +1.550, +9.225,+0.991
1651996800,+3.21, +1.518, +9.213,+0.990
1651996860,+3.21, +1.539, +9.206,+0.990
1651996920,+3.21, +1.561, +9.208,+0.991
1651996980,+3.21, +1.571, +9.201,+0.991
1651997040,+3.21, +1.539, +9.227,+0.991
1651997100,+3.21, +1.561, +9.219,+0.992
1651997160,+3.21, +1.529, +9.214,+0.991
1651997220,+3.21, +1.550, +9.208,+0.990
1651997280,+3.21, +1.571, +9.212,+0.992
1651997340,+3.21, +1.561, +9.205,+0.991
1651997400,+3.21, +1.507, +9.220,+0.991
1651997460,+3.21, +1.561, +9.208,+0.991
1651997520,+3.21, +1.561, +9.210,+0.991
1651997580,+3.21, +1.550, +9.216,+0.991
1651997640,+3.21, +1.561, +9.204,+0.991
1651997700,+3.21, +1.561, +9.197,+0.990
1651997760,+3.21, +1.550, +9.205,+0.991
1651997820,+3.21, +1.518, +9.223,+0.991
1651997880,+3.21, +1.561, +9.208,+0.991
1651997940,+3.21, +1.561, +9.212,+0.991
1651998000,+3.22, +1.561, +9.206,+0.991
1651998060,+3.21, +1.539, +9.221,+0.991
1651998120,+3.21, +1.550, +9.213,+0.991
1651998180,+3.21, +1.518, +9.220,+0.991
1651998240,+3.21, +1.571, +9.200,+0.991
1651998300,+3.21, +1.550, +9.209,+0.991
1651998360,+3.21, +1.561, +9.199,+0.991
1651998420,+3.21, +1.550, +9.210,+0.991
1651998480,+3.21, +1.539, +9.216,+0.991
1651998540,+3.21, +1.550, +9.208,+0.991
1651998600,+3.21, +1.561, +9.204,+0.991
1651998660,+3.21, +1.539, +9.215,+0.991
1651998720,+3.21, +1.550, +9.214,+0.991
1651998780,+3.21, +1.550, +9.212,+0.991
1651998840,+3.21, +1.550, +9.216,+0.991
1651998900,+3.21, +1.561, +9.204,+0.991
1651998960,+3.21, +1.561, +9.210,+0.991
1651999020,+3.21, +1.561, +9.202,+0.991
1651999080,+3.21, +1.561, +9.190,+0.990
1651999140,+3.21, +1.571, +9.208,+0.991
1651999200,+3.21, +1.561, +9.221,+0.992
1651999260,+3.21, +1.561, +9.183,+0.990
1651999320,+3.21, +1.561, +9.215,+0.992
1651999380,+3.21, +1.550, +9.211,+0.991
1651999440,+3.21, +1.518, +9.223,+0.991
1651999500,+3.21, +1.550, +9.204,+0.991
1651999560,+3.21, +1.561, +9.202,+0.991
1651999620,+3.21, +1.550, +9.205,+0.991
1651999680,+3.21, +1.518, +9.225,+0.991
1651999740,+3.21, +1.561, +9.200,+0.991
1651999800,+3.21, +1.550, +9.209,+0.991
1651999860,+3.21, +1.464, +9.248,+0.991
1651999920,+3.21, +1.550, +9.206,+0.991
1651999980,+3.21, +1.539, +9.209,+0.991
1652000040,+3.21, +1.561, +9.203,+0.991
1652000100,+3.21, +1.550, +9.208,+0.991
1652000160,+3.21, +1.571, +9.201,+0.991
1652000220,+3.21, +1.539, +9.204,+0.990
1652000280,+3.21, +1.582, +9.205,+0.992
1652000340,+3.21, +1.539, +9.210,+0.991
1652000400,+3.21, +1.561, +9.224,+0.992
1652000460,+3.21, +1.571, +9.198,+0.991
1652000520,+3.21, +1.539, +9.203,+0.990
1652000580,+3.21, +1.539, +9.213,+0.991
1652000640,+3.21, +1.539, +9.207,+0.991
1652000700,+3.21, +1.550, +9.207,+0.991
1652000760,+3.21, +1.561, +9.205,+0.991
1652000820,+3.21, +1.604, +9.178,+0.990
1652000880,+3.21, +1.561, +9.188,+0.990
1652000940,+3.21, +1.550, +9.198,+0.990
1652001000,+3.21, +1.582, +9.202,+0.991
1652001060,+3.21, +1.561, +9.203,+0.991
1652001120,+3.21, +1.561, +9.205,+0.991
1652001180,+3.21, +1.561, +9.212,+0.991
1652001240,+3.21, +1.571, +9.190,+0.990
1652001300,+3.21, +1.550, +9.194,+0.990
1652001360,+3.21, +1.561, +9.197,+0.991
1652001420,+3.21, +1.496, +9.231,+0.991
1652001480,+3.21, +1.571, +9.197,+0.991
1652001540,+3.21, +1.550, +9.206,+0.991
1652001600,+3.21, +1.561, +9.207,+0.991
1652001660,+3.21, +1.529, +9.210,+0.991
1652001720,+3.21, +1.561, +9.203,+0.990
1652001780,+3.21, +1.571, +9.206,+0.991
1652001840,+3.21, +1.561, +9.203,+0.991
1652001900,+3.21, +1.582, +9.201,+0.991
1652001960,+3.21, +1.561, +9.201,+0.991
1652002020,+3.21, +1.561, +9.208,+0.991
1652002080,+3.21, +1.561, +9.199,+0.991
1652002140,+3.21, +1.571, +9.186,+0.991
1652002200,+3.21, +1.550, +9.203,+0.990
1652002260,+3.21, +1.539, +9.197,+0.990
1652002320,+3.21, +1.593, +9.180,+0.991
1652002380,+3.21, +1.561, +9.201,+0.991
1652002440,+3.21, +1.550, +9.186,+0.990
1652002500,+3.21, +1.550, +9.217,+0.991
1652002560,+3.21, +1.561, +9.197,+0.991
1652002620,+3.21, +1.561, +9.208,+0.992
1652002680,+3.21, +1.561, +9.195,+0.991
1652002740,+3.21, +1.529, +9.196,+0.990
1652002800,+3.21, +1.571, +9.200,+0.991
1652002860,+3.21, +1.561, +9.185,+0.990
1652002920,+3.21, +1.561, +9.199,+0.991
1652002980,+3.21, +1.582, +9.185,+0.991
1652003040,+3.21, +1.604, +9.183,+0.991
1652003100,+3.21, +1.550, +9.215,+0.991
1652003160,+3.21, +1.561, +9.197,+0.991
1652003220,+3.21, +1.571, +9.191,+0.991
1652003280,+3.21, +1.571, +9.192,+0.991
1652003340,+3.21, +1.561, +9.204,+0.991
1652003400,+3.21, +1.561, +9.200,+0.991
1652003460,+3.21, +1.550, +9.204,+0.991
1652003520,+3.21, +1.571, +9.195,+0.991
1652003580,+3.21, +1.571, +9.195,+0.991
1652003640,+3.21, +1.550, +9.202,+0.991
1652003700,+3.21, +1.571, +9.195,+0.991
1652003760,+3.21, +1.582, +9.188,+0.991
1652003820,+3.21, +1.539, +9.195,+0.990
1652003880,+3.21, +1.582, +9.198,+0.991
1652003940,+3.21, +1.561, +9.190,+0.990
1652004000,+3.21, +1.571, +9.194,+0.991
1652004060,+3.21, +1.550, +9.209,+0.991
1652004120,+3.21, +1.571, +9.185,+0.990
1652004180,+3.21, +1.571, +9.190,+0.991
1652004240,+3.21, +1.486, +9.229,+0.991
1652004300,+3.21, +1.561, +9.199,+0.991
1652004360,+3.21, +1.561, +9.197,+0.991
1652004420,+3.21, +1.550, +9.211,+0.991
1652004480,+3.21, +1.561, +9.204,+0.991
1652004540,+3.21, +1.561, +9.202,+0.991
1652004600,+3.21, +1.561, +9.212,+0.991
1652004660,+3.21, +1.550, +9.201,+0.990
1652004720,+3.21, +1.582, +9.190,+0.991
1652004780,+3.21, +1.529, +9.214,+0.991
1652004840,+3.21, +1.582, +9.195,+0.991
1652004900,+3.21, +1.571, +9.217,+0.992
1652004960,+3.21, +1.561, +9.197,+0.991
1652005020,+3.21, +1.550, +9.205,+0.991
1652005080,+3.21, +1.561, +9.193,+0.991
1652005140,+3.21, +1.582, +9.193,+0.991
1652005200,+3.21, +1.550, +9.202,+0.991
1652005260,+3.21, +1.550, +9.203,+0.991
1652005320,+3.21, +1.561, +9.188,+0.990
1652005380,+3.21, +1.561, +9.195,+0.990
1652005440,+3.21, +1.571, +9.192,+0.991
1652005500,+3.21, +1.550, +9.204,+0.991
1652005560,+3.21, +1.593, +9.188,+0.991
1652005620,+3.21, +1.561, +9.199,+0.991
1652005680,+3.21, +1.571, +9.196,+0.991
1652005740,+3.21, +1.539, +9.204,+0.991
1652005800,+3.21, +1.571, +9.190,+0.991
1652005860,+3.21, +1.571, +9.184,+0.991
1652005920,+3.21, +1.593, +9.186,+0.991
1652005980,+3.21, +1.561, +9.193,+0.991
1652006040,+3.21, +1.582, +9.189,+0.991
1652006100,+3.21, +1.539, +9.211,+0.991
1652006160,+3.21, +1.561, +9.200,+0.991
1652006220,+3.21, +1.571, +9.192,+0.991
1652006280,+3.21, +1.550, +9.207,+0.991
1652006340,+3.21, +1.561, +9.199,+0.991
1652006400,+3.21, +1.571, +9.196,+0.991
1652006460,+3.21, +1.571, +9.186,+0.990
1652006520,+3.21, +1.496, +9.218,+0.991
1652006580,+3.21, +1.539, +9.217,+0.991
1652006640,+3.21, +1.561, +9.204,+0.991
1652006700,+3.21, +1.561, +9.184,+0.990
1652006760,+3.21, +1.561, +9.206,+0.992
1652006820,+3.21, +1.582, +9.195,+0.991
1652006880,+3.21, +1.539, +9.203,+0.991
1652006940,+3.21, +1.571, +9.190,+0.991
1652007000,+3.21, +1.593, +9.179,+0.991
1652007060,+3.21, +1.550, +9.203,+0.991
1652007120,+3.21, +1.561, +9.202,+0.991
1652007180,+3.21, +1.518, +9.212,+0.991
1652007240,+3.21, +1.539, +9.198,+0.990
1652007300,+3.21, +1.561, +9.197,+0.991
1652007360,+3.21, +1.571, +9.194,+0.991
1652007420,+3.21, +1.571, +9.192,+0.991
1652007480,+3.21, +1.561, +9.197,+0.991
1652007540,+3.21, +1.496, +9.220,+0.991
1652007600,+3.21, +1.561, +9.201,+0.991
1652007660,+3.21, +1.529, +9.209,+0.991
1652007720,+3.21, +1.550, +9.198,+0.991
1652007780,+3.21, +1.529, +9.205,+0.990
1652007840,+3.21, +1.496, +9.223,+0.991
1652007900,+3.21, +1.561, +9.206,+0.992
1652007960,+3.21, +1.529, +9.208,+0.991
1652008020,+3.21, +1.539, +9.200,+0.991
1652008080,+3.21, +1.561, +9.203,+0.991
1652008140,+3.21, +1.561, +9.199,+0.991
1652008200,+3.21, +1.571, +9.187,+0.991
1652008260,+3.21, +1.571, +9.196,+0.991
1652008320,+3.21, +1.539, +9.210,+0.991
1652008380,+3.21, +1.550, +9.208,+0.991
1652008440,+3.21, +1.571, +9.189,+0.991
1652008500,+3.21, +1.496, +9.219,+0.991
1652008560,+3.21, +1.561, +9.202,+0.991
1652008620,+3.21, +1.518, +9.213,+0.991
1652008680,+3.21, +1.550, +9.202,+0.991
1652008740,+3.21, +1.561, +9.205,+0.991
1652008800,+3.21, +1.561, +9.199,+0.991
1652008860,+3.21, +1.561, +9.192,+0.991
1652008920,+3.21, +1.561, +9.190,+0.990
1652008980,+3.21, +1.604, +9.170,+0.990
1652009040,+3.21, +1.561, +9.209,+0.991
1652009100,+3.21, +1.571, +9.191,+0.991
1652009160,+3.21, +1.604, +9.177,+0.991
1652009220,+3.21, +1.561, +9.188,+0.990
1652009280,+3.21, +1.539, +9.201,+0.991
1652009340,+3.21, +1.571, +9.195,+0.991
1652009400,+3.21, +1.582, +9.200,+0.991
1652009460,+3.21, +1.582, +9.189,+0.991
1652009520,+3.21, +1.539, +9.222,+0.992
1652009580,+3.21, +1.571, +9.194,+0.991
1652009640,+3.21, +1.582, +9.196,+0.991
1652009700,+3.21, +1.539, +9.219,+0.991
1652009760,+3.21, +1.561, +9.199,+0.991
1652009820,+3.21, +1.550, +9.196,+0.990
1652009880,+3.21, +1.571, +9.205,+0.991
1652009940,+3.21, +1.561, +9.206,+0.991
1652010000,+3.21, +1.593, +9.193,+0.991
1652010060,+3.21, +1.571, +9.197,+0.991
1652010120,+3.21, +1.571, +9.208,+0.991
1652010180,+3.21, +1.582, +9.187,+0.990
1652010240,+3.21, +1.539, +9.234,+0.992
1652010300,+3.21, +1.582, +9.200,+0.991
1652010360,+3.21, +1.593, +9.190,+0.991
1652010420,+3.21, +1.571, +9.209,+0.991
1652010480,+3.21, +1.550, +9.207,+0.991
1652010540,+3.21, +1.561, +9.210,+0.991
1652010600,+3.21, +1.539, +9.223,+0.991
1652010660,+3.21, +1.582, +9.197,+0.991
1652010720,+3.21, +1.571, +9.209,+0.991
1652010780,+3.21, +1.571, +9.189,+0.990
1652010840,+3.21, +1.550, +9.203,+0.991
1652010900,+3.21, +1.571, +9.202,+0.991
1652010960,+3.21, +1.561, +9.208,+0.991
1652011020,+3.21, +1.561, +9.210,+0.991
1652011080,+3.21, +1.561, +9.199,+0.991
1652011140,+3.21, +1.582, +9.191,+0.991
1652011200,+3.21, +1.593, +9.200,+0.991
1652011260,+3.21, +1.593, +9.192,+0.991
1652011320,+3.21, +1.561, +9.220,+0.992
1652011380,+3.21, +1.571, +9.205,+0.991
1652011440,+3.21, +1.593, +9.200,+0.991
1652011500,+3.21, +1.571, +9.201,+0.991
1652011560,+3.21, +1.539, +9.207,+0.991
1652011620,+3.21, +1.561, +9.199,+0.991
1652011680,+3.21, +1.593, +9.194,+0.991
1652011740,+3.21, +1.561, +9.210,+0.991
1652011800,+3.21, +1.571, +9.206,+0.991
1652011860,+3.21, +1.593, +9.195,+0.991
1652011920,+3.21, +1.571, +9.190,+0.990
1652011980,+3.21, +1.571, +9.207,+0.991
1652012040,+3.21, +1.571, +9.201,+0.991
1652012100,+3.21, +1.582, +9.201,+0.991
1652012160,+3.21, +1.561, +9.202,+0.991
1652012220,+3.21, +1.582, +9.204,+0.991
1652012280,+3.21, +1.571, +9.197,+0.991
1652012340,+3.21, +1.604, +9.184,+0.991
1652012400,+3.21, +1.550, +9.213,+0.991
1652012460,+3.21, +1.604, +9.186,+0.991
1652012520,+3.21, +1.550, +9.220,+0.991
1652012580,+3.21, +1.561, +9.204,+0.991
1652012640,+3.21, +1.571, +9.194,+0.991
1652012700,+3.21, +1.571, +9.196,+0.991
1652012760,+3.21, +1.582, +9.202,+0.991
1652012820,+3.21, +1.571, +9.196,+0.991
1652012880,+3.21, +1.539, +9.218,+0.991
1652012940,+3.21, +1.604, +9.186,+0.991
1652013000,+3.21, +1.571, +9.209,+0.991
1652013060,+3.21, +1.593, +9.190,+0.991
1652013120,+3.21, +1.582, +9.192,+0.991
1652013180,+3.21, +1.614, +9.184,+0.991
1652013240,+3.21, +1.582, +9.194,+0.991
1652013300,+3.21, +1.582, +9.197,+0.991
1652013360,+3.21, +1.593, +9.185,+0.990
1652013420,+3.21, +1.571, +9.196,+0.991
1652013480,+3.21, +1.571, +9.199,+0.991
1652013540,+3.21, +1.571, +9.202,+0.991
1652013600,+3.21, +1.593, +9.195,+0.991
1652013660,+3.21, +1.582, +9.207,+0.991
1652013720,+3.21, +1.561, +9.207,+0.991
1652013780,+3.21, +1.571, +9.212,+0.991
1652013840,+3.21, +1.571, +9.201,+0.991
1652013900,+3.21, +1.571, +9.194,+0.991
1652013960,+3.21, +1.582, +9.190,+0.991
1652014020,+3.21, +1.571, +9.192,+0.991
1652014080,+3.21, +1.571, +9.188,+0.990
1652014140,+3.21, +1.593, +9.195,+0.991
1652014200,+3.21, +1.593, +9.197,+0.991
1652014260,+3.21, +1.593, +9.196,+0.991
1652014320,+3.21, +1.571, +9.201,+0.991
1652014380,+3.21, +1.593, +9.184,+0.991
1652014440,+3.21, +1.561, +9.202,+0.991
1652014500,+3.21, +1.550, +9.198,+0.990
1652014560,+3.21, +1.561, +9.204,+0.991
1652014620,+3.21, +1.561, +9.208,+0.991
1652014680,+3.21, +1.571, +9.205,+0.991
1652014740,+3.21, +1.561, +9.215,+0.991
1652014800,+3.21, +1.550, +9.211,+0.991
1652014860,+3.21, +1.571, +9.194,+0.991
1652014920,+3.21, +1.561, +9.216,+0.991
1652014980,+3.21, +1.571, +9.203,+0.991
1652015040,+3.21, +1.614, +9.196,+0.992
1652015100,+3.21, +1.582, +9.193,+0.990
1652015160,+3.21, +1.582, +9.197,+0.991
1652015220,+3.21, +1.582, +9.197,+0.991
1652015280,+3.21, +1.561, +9.207,+0.991
1652015340,+3.21, +1.571, +9.202,+0.991
1652015400,+3.21, +1.561, +9.212,+0.991
1652015460,+3.21, +1.593, +9.197,+0.991
1652015520,+3.21, +1.571, +9.196,+0.990
1652015580,+3.21, +1.593, +9.189,+0.990
1652015640,+3.21, +1.593, +9.212,+0.991
1652015700,+3.21, +1.593, +9.193,+0.991
1652015760,+3.21, +1.518, +9.218,+0.990
1652015820,+3.21, +1.571, +9.202,+0.991
1652015880,+3.21, +1.593, +9.211,+0.991
1652015940,+3.21, +1.571, +9.210,+0.991
1652016000,+3.21, +1.582, +9.209,+0.991
1652016060,+3.21, +1.529, +9.215,+0.991
1652016120,+3.21, +1.571, +9.215,+0.991
1652016180,+3.21, +1.561, +9.216,+0.991
1652016240,+3.21, +1.550, +9.206,+0.991
1652016300,+3.21, +1.582, +9.192,+0.990
1652016360,+3.21, +1.593, +9.201,+0.991
1652016420,+3.21, +1.582, +9.202,+0.991
1652016480,+3.21, +1.604, +9.207,+0.991
1652016540,+3.21, +1.561, +9.209,+0.991
1652016600,+3.21, +1.582, +9.218,+0.992
1652016660,+3.21, +1.604, +9.195,+0.991
1652016720,+3.21, +1.593, +9.209,+0.991
1652016780,+3.21, +1.571, +9.212,+0.991
1652016840,+3.21, +1.593, +9.205,+0.991
1652016900,+3.21, +1.571, +9.215,+0.991
1652016960,+3.21, +1.614, +9.184,+0.991
1652017020,+3.21, +1.593, +9.202,+0.991
1652017080,+3.21, +1.571, +9.209,+0.991
1652017140,+3.21, +1.593, +9.207,+0.991
1652017200,+3.21, +1.582, +9.202,+0.991
1652017260,+3.21, +1.550, +9.223,+0.991
1652017320,+3.21, +1.561, +9.228,+0.992
1652017380,+3.21, +1.593, +9.203,+0.991
1652017440,+3.21, +1.593, +9.210,+0.991
1652017500,+3.21, +1.582, +9.210,+0.991
1652017560,+3.21, +1.561, +9.199,+0.990
1652017620,+3.21, +1.593, +9.207,+0.991
1652017680,+3.21, +1.593, +9.199,+0.991
1652017740,+3.21, +1.593, +9.201,+0.991
1652017800,+3.21, +1.625, +9.200,+0.992
1652017860,+3.21, +1.604, +9.200,+0.991
1652017920,+3.21, +1.625, +9.179,+0.990
1652017980,+3.21, +1.625, +9.180,+0.991
1652018040,+3.21, +1.614, +9.180,+0.991
1652018100,+3.21, +1.582, +9.202,+0.990
1652018160,+3.21, +1.593, +9.198,+0.991
1652018220,+3.21, +1.593, +9.202,+0.991
1652018280,+3.21, +1.604, +9.199,+0.991
1652018340,+3.21, +1.571, +9.210,+0.991
1652018400,+3.21, +1.571, +9.211,+0.991
1652018460,+3.21, +1.571, +9.212,+0.991
1652018520,+3.21, +1.571, +9.216,+0.991
1652018580,+3.21, +1.604, +9.185,+0.990
1652018640,+3.21, +1.614, +9.198,+0.991
1652018700,+3.21, +1.571, +9.212,+0.991
1652018760,+3.21, +1.582, +9.203,+0.990
1652018820,+3.21, +1.571, +9.212,+0.991
1652018880,+3.21, +1.625, +9.197,+0.991
1652018940,+3.21, +1.539, +9.233,+0.991
1652019000,+3.21, +1.614, +9.193,+0.991
1652019060,+3.21, +1.604, +9.198,+0.991
1652019120,+3.21, +1.604, +9.204,+0.991
1652019180,+3.21, +1.593, +9.210,+0.991
1652019240,+3.21, +1.571, +9.218,+0.991
1652019300,+3.21, +1.625, +9.191,+0.991
1652019360,+3.21, +1.604, +9.201,+0.991
1652019420,+3.21, +1.614, +9.207,+0.991
1652019480,+3.21, +1.614, +9.194,+0.991
1652019540,+3.21, +1.614, +9.199,+0.991
1652019600,+3.21, +1.614, +9.203,+0.991
1652019660,+3.21, +1.614, +9.199,+0.991
1652019720,+3.21, +1.604, +9.202,+0.991
1652019780,+3.21, +1.582, +9.203,+0.990
1652019840,+3.21, +1.604, +9.194,+0.991
1652019900,+3.21, +1.614, +9.199,+0.991
1652019960,+3.21, +1.625, +9.192,+0.991
1652020020,+3.21, +1.604, +9.206,+0.991
1652020080,+3.21, +1.614, +9.180,+0.990
1652020140,+3.21, +1.593, +9.205,+0.991
1652020200,+3.21, +1.636, +9.186,+0.991
1652020260,+3.21, +1.614, +9.196,+0.991
1652020320,+3.21, +1.614, +9.181,+0.990
1652020380,+3.21, +1.625, +9.191,+0.990
1652020440,+3.21, +1.636, +9.197,+0.991
1652020500,+3.21, +1.636, +9.190,+0.991
1652020560,+3.21, +1.636, +9.184,+0.991
1652020620,+3.21, +1.614, +9.202,+0.991
1652020680,+3.21, +1.614, +9.194,+0.990
1652020740,+3.21, +1.625, +9.208,+0.991
1652020800,+3.21, +1.646, +9.176,+0.991
1652020860,+3.21, +1.646, +9.174,+0.990
1652020920,+3.21, +1.636, +9.196,+0.991
1652020980,+3.21, +1.625, +9.199,+0.991
1652021040,+3.21, +1.636, +9.183,+0.991
1652021100,+3.21, +1.636, +9.181,+0.991
1652021160,+3.21, +1.636, +9.203,+0.992
1652021220,+3.21, +1.646, +9.182,+0.991
1652021280,+3.21, +1.625, +9.189,+0.991
1652021340,+3.21, +1.646, +9.193,+0.991
1652021400,+3.21, +1.657, +9.166,+0.990
1652021460,+3.21, +1.657, +9.175,+0.990
1652021520,+3.21, +1.668, +9.162,+0.990
1652021580,+3.21, +1.668, +9.175,+0.991
1652021640,+3.21, +1.657, +9.179,+0.991
1652021700,+3.21, +1.657, +9.176,+0.991
1652021760,+3.21, +1.636, +9.183,+0.990
1652021820,+3.21, +1.668, +9.166,+0.990
1652021880,+3.21, +1.636, +9.180,+0.990
1652021940,+3.21, +1.668, +9.176,+0.991
1652022000,+3.21, +1.657, +9.176,+0.991
1652022060,+3.21, +1.668, +9.172,+0.991
1652022120,+3.21, +1.646, +9.186,+0.991
1652022180,+3.21, +1.636, +9.184,+0.990
1652022240,+3.21, +1.668, +9.175,+0.991
1652022300,+3.21, +1.668, +9.178,+0.991
1652022360,+3.21, +1.668, +9.171,+0.990
1652022420,+3.21, +1.657, +9.176,+0.991
1652022480,+3.21, +1.678, +9.170,+0.991
