7392-928226
OS REV: 1.11 Sensor Cal: 1496933196
Time (sec),  BV (Volts),  T (deg C),  DO (mg/l),  Q ()
1652454540,+3.18, +1.443, +9.405,+0.990
1652454600,+3.18, +1.443, +9.408,+0.991
1652454660,+3.18, +1.421, +9.410,+0.990
1652454720,+3.18, +1.421, +9.421,+0.991
1652454780,+3.18, +1.432, +9.410,+0.990
1652454840,+3.18, +1.421, +9.412,+0.990
1652454900,+3.18, +1.432, +9.410,+0.990
1652454960,+3.18, +1.432, +9.404,+0.990
1652455020,+3.18, +1.454, +9.408,+0.991
1652455080,+3.18, +1.454, +9.415,+0.991
1652455140,+3.18, +1.464, +9.396,+0.990
1652455200,+3.18, +1.475, +9.380,+0.990
1652455260,+3.18, +1.454, +9.388,+0.990
1652455320,+3.18, +1.464, +9.382,+0.990
1652455380,+3.18, +1.454, +9.406,+0.991
1652455440,+3.18, +1.486, +9.398,+0.991
1652455500,+3.18, +1.475, +9.401,+0.991
1652455560,+3.18, +1.475, +9.400,+0.991
1652455620,+3.18, +1.507, +9.375,+0.990
1652455680,+3.18, +1.486, +9.398,+0.991
1652455740,+3.18, +1.486, +9.383,+0.990
1652455800,+3.18, +1.486, +9.394,+0.990
1652455860,+3.18, +1.507, +9.404,+0.991
1652455920,+3.18, +1.529, +9.378,+0.991
1652455980,+3.18, +1.496, +9.392,+0.991
1652456040,+3.18, +1.507, +9.391,+0.991
1652456100,+3.18, +1.518, +9.380,+0.991
1652456160,+3.18, +1.507, +9.389,+0.991
1652456220,+3.18, +1.496, +9.412,+0.992
1652456280,+3.18, +1.529, +9.384,+0.991
1652456340,+3.18, +1.507, +9.379,+0.990
1652456400,+3.18, +1.561, +9.368,+0.991
1652456460,+3.18, +1.518, +9.384,+0.991
1652456520,+3.18, +1.518, +9.382,+0.991
1652456580,+3.18, +1.507, +9.397,+0.991
1652456640,+3.18, +1.550, +9.374,+0.991
1652456700,+3.18, +1.539, +9.377,+0.991
1652456760,+3.18, +1.507, +9.388,+0.991
1652456820,+3.18, +1.529, +9.383,+0.991
1652456880,+3.18, +1.561, +9.368,+0.990
1652456940,+3.18, +1.529, +9.389,+0.991
1652457000,+3.18, +1.561, +9.373,+0.991
1652457060,+3.18, +1.529, +9.388,+0.991
1652457120,+3.18, +1.561, +9.365,+0.991
1652457180,+3.18, +1.550, +9.385,+0.991
1652457240,+3.18, +1.561, +9.376,+0.991
1652457300,+3.18, +1.561, +9.382,+0.991
1652457360,+3.18, +1.550, +9.379,+0.991
1652457420,+3.18, +1.561, +9.374,+0.991
1652457480,+3.18, +1.529, +9.394,+0.991
1652457540,+3.18, +1.529, +9.389,+0.991
1652457600,+3.18, +1.539, +9.383,+0.991
1652457660,+3.18, +1.561, +9.377,+0.991
1652457720,+3.18, +1.571, +9.376,+0.991
1652457780,+3.18, +1.604, +9.371,+0.991
1652457840,+3.18, +1.582, +9.376,+0.992
1652457900,+3.18, +1.593, +9.361,+0.991
1652457960,+3.18, +1.604, +9.356,+0.990
1652458020,+3.18, +1.582, +9.356,+0.990
1652458080,+3.18, +1.561, +9.382,+0.991
1652458140,+3.18, +1.593, +9.366,+0.991
1652458200,+3.18, +1.582, +9.367,+0.991
1652458260,+3.18, +1.625, +9.351,+0.991
1652458320,+3.18, +1.593, +9.370,+0.991
1652458380,+3.18, +1.593, +9.369,+0.991
1652458440,+3.18, +1.593, +9.380,+0.992
1652458500,+3.18, +1.625, +9.354,+0.991
1652458560,+3.18, +1.625, +9.368,+0.991
1652458620,+3.18, +1.614, +9.370,+0.992
1652458680,+3.18, +1.593, +9.387,+0.992
1652458740,+3.18, +1.614, +9.379,+0.992
1652458800,+3.18, +1.593, +9.372,+0.991
1652458860,+3.18, +1.625, +9.360,+0.991
1652458920,+3.18, +1.646, +9.344,+0.990
1652458980,+3.18, +1.636, +9.370,+0.992
1652459040,+3.18, +1.625, +9.365,+0.991
1652459100,+3.18, +1.614, +9.378,+0.991
1652459160,+3.18, +1.636, +9.355,+0.991
1652459220,+3.18, +1.625, +9.363,+0.991
1652459280,+3.18, +1.646, +9.361,+0.991
1652459340,+3.18, +1.657, +9.355,+0.991
1652459400,+3.18, +1.614, +9.385,+0.991
1652459460,+3.18, +1.646, +9.365,+0.991
1652459520,+3.18, +1.668, +9.341,+0.990
1652459580,+3.18, +1.646, +9.357,+0.991
1652459640,+3.18, +1.678, +9.349,+0.991
1652459700,+3.18, +1.657, +9.356,+0.991
1652459760,+3.18, +1.668, +9.356,+0.991
1652459820,+3.18, +1.668, +9.363,+0.991
1652459880,+3.18, +1.678, +9.352,+0.991
1652459940,+3.18, +1.678, +9.364,+0.991
1652460000,+3.18, +1.700, +9.339,+0.991
1652460060,+3.18, +1.700, +9.342,+0.991
1652460120,+3.18, +1.732, +9.343,+0.991
1652460180,+3.18, +1.689, +9.355,+0.991
1652460240,+3.18, +1.710, +9.347,+0.991
1652460300,+3.18, +1.732, +9.333,+0.991
1652460360,+3.18, +1.710, +9.353,+0.991
1652460420,+3.18, +1.721, +9.349,+0.991
1652460480,+3.18, +1.742, +9.334,+0.991
1652460540,+3.18, +1.732, +9.353,+0.991
1652460600,+3.18, +1.753, +9.340,+0.991
1652460660,+3.18, +1.764, +9.323,+0.991
1652460720,+3.18, +1.710, +9.349,+0.991
1652460780,+3.18, +1.742, +9.355,+0.991
1652460840,+3.18, +1.732, +9.350,+0.991
1652460900,+3.18, +1.785, +9.325,+0.991
1652460960,+3.18, +1.732, +9.350,+0.991
1652461020,+3.18, +1.785, +9.331,+0.991
1652461080,+3.18, +1.774, +9.339,+0.991
1652461140,+3.18, +1.774, +9.340,+0.991
1652461200,+3.18, +1.796, +9.338,+0.991
1652461260,+3.18, +1.796, +9.325,+0.991
1652461320,+3.18, +1.828, +9.320,+0.991
1652461380,+3.18, +1.806, +9.332,+0.991
1652461440,+3.18, +1.817, +9.328,+0.991
1652461500,+3.18, +1.838, +9.316,+0.991
1652461560,+3.18, +1.806, +9.325,+0.991
1652461620,+3.18, +1.849, +9.296,+0.990
1652461680,+3.18, +1.828, +9.329,+0.991
1652461740,+3.18, +1.838, +9.318,+0.991
1652461800,+3.18, +1.881, +9.309,+0.991
1652461860,+3.18, +1.870, +9.309,+0.991
1652461920,+3.18, +1.881, +9.323,+0.992
1652461980,+3.18, +1.881, +9.320,+0.991
1652462040,+3.18, +1.881, +9.304,+0.991
1652462100,+3.18, +1.913, +9.292,+0.991
1652462160,+3.18, +1.891, +9.312,+0.991
1652462220,+3.18, +1.891, +9.314,+0.991
1652462280,+3.18, +1.934, +9.297,+0.991
1652462340,+3.18, +1.913, +9.295,+0.991
1652462400,+3.18, +1.923, +9.304,+0.991
1652462460,+3.18, +1.923, +9.302,+0.991
1652462520,+3.18, +1.934, +9.301,+0.991
1652462580,+3.18, +1.913, +9.303,+0.991
1652462640,+3.18, +1.934, +9.305,+0.991
1652462700,+3.18, +1.945, +9.297,+0.991
1652462760,+3.18, +1.913, +9.318,+0.991
1652462820,+3.18, +1.955, +9.303,+0.991
1652462880,+3.18, +1.955, +9.288,+0.990
1652462940,+3.18, +1.955, +9.287,+0.991
1652463000,+3.18, +1.976, +9.288,+0.991
1652463060,+3.18, +1.987, +9.287,+0.991
1652463120,+3.18, +1.966, +9.292,+0.991
1652463180,+3.18, +1.987, +9.285,+0.991
1652463240,+3.18, +2.008, +9.278,+0.991
1652463300,+3.18, +1.987, +9.295,+0.991
1652463360,+3.18, +1.976, +9.296,+0.991
1652463420,+3.18, +1.998, +9.288,+0.991
1652463480,+3.18, +2.019, +9.297,+0.992
1652463540,+3.18, +2.061, +9.277,+0.992
1652463600,+3.18, +2.061, +9.270,+0.991
1652463660,+3.18, +2.061, +9.253,+0.990
1652463720,+3.18, +2.061, +9.276,+0.991
1652463780,+3.18, +2.040, +9.280,+0.991
1652463840,+3.18, +2.072, +9.272,+0.991
1652463900,+3.18, +2.104, +9.265,+0.991
1652463960,+3.18, +2.104, +9.258,+0.991
1652464020,+3.18, +2.157, +9.246,+0.991
1652464080,+3.18, +2.072, +9.272,+0.991
1652464140,+3.18, +2.104, +9.260,+0.991
1652464200,+3.18, +2.125, +9.251,+0.991
1652464260,+3.18, +2.178, +9.242,+0.991
1652464320,+3.18, +2.157, +9.251,+0.991
1652464380,+3.18, +2.178, +9.235,+0.991
1652464440,+3.18, +2.178, +9.246,+0.991
1652464500,+3.18, +2.188, +9.236,+0.991
1652464560,+3.18, +2.188, +9.246,+0.991
1652464620,+3.18, +2.220, +9.229,+0.991
1652464680,+3.18, +2.230, +9.225,+0.991
1652464740,+3.18, +2.199, +9.242,+0.991
1652464800,+3.18, +2.252, +9.219,+0.991
1652464860,+3.18, +2.199, +9.249,+0.991
1652464920,+3.18, +2.220, +9.249,+0.992
1652464980,+3.18, +2.252, +9.233,+0.991
1652465040,+3.18, +2.252, +9.231,+0.991
1652465100,+3.18, +2.220, +9.237,+0.991
1652465160,+3.18, +2.294, +9.211,+0.991
1652465220,+3.18, +2.304, +9.206,+0.991
1652465280,+3.18, +2.273, +9.220,+0.991
1652465340,+3.18, +2.294, +9.219,+0.991
1652465400,+3.18, +2.346, +9.205,+0.991
1652465460,+3.18, +2.325, +9.206,+0.991
1652465520,+3.18, +2.325, +9.229,+0.992
1652465580,+3.18, +2.346, +9.198,+0.991
1652465640,+3.18, +2.346, +9.198,+0.990
1652465700,+3.18, +2.378, +9.189,+0.991
1652465760,+3.18, +2.378, +9.199,+0.991
1652465820,+3.18, +2.378, +9.204,+0.991
1652465880,+3.18, +2.368, +9.205,+0.991
1652465940,+3.18, +2.410, +9.195,+0.991
1652466000,+3.18, +2.420, +9.203,+0.992
1652466060,+3.18, +2.420, +9.190,+0.991
1652466120,+3.18, +2.441, +9.202,+0.992
1652466180,+3.18, +2.462, +9.172,+0.991
1652466240,+3.18, +2.452, +9.183,+0.991
1652466300,+3.18, +2.462, +9.174,+0.991
1652466360,+3.18, +2.473, +9.176,+0.991
1652466420,+3.18, +2.452, +9.187,+0.991
1652466480,+3.18, +2.473, +9.171,+0.991
1652466540,+3.18, +2.483, +9.174,+0.991
1652466600,+3.18, +2.473, +9.179,+0.991
1652466660,+3.18, +2.494, +9.178,+0.991
1652466720,+3.18, +2.483, +9.174,+0.991
1652466780,+3.18, +2.473, +9.192,+0.991
1652466840,+3.18, +2.462, +9.181,+0.991
1652466900,+3.18, +2.504, +9.173,+0.991
1652466960,+3.18, +2.515, +9.170,+0.991
1652467020,+3.18, +2.515, +9.184,+0.992
1652467080,+3.18, +2.536, +9.181,+0.992
1652467140,+3.18, +2.536, +9.183,+0.991
1652467200,+3.18, +2.546, +9.162,+0.991
1652467260,+3.18, +2.525, +9.170,+0.991
1652467320,+3.18, +2.546, +9.155,+0.991
1652467380,+3.18, +2.578, +9.159,+0.992
1652467440,+3.18, +2.567, +9.161,+0.991
1652467500,+3.18, +2.578, +9.158,+0.992
1652467560,+3.18, +2.515, +9.180,+0.991
1652467620,+3.18, +2.557, +9.155,+0.990
1652467680,+3.18, +2.567, +9.156,+0.991
1652467740,+3.18, +2.567, +9.163,+0.991
1652467800,+3.18, +2.578, +9.155,+0.991
1652467860,+3.18, +2.578, +9.163,+0.991
1652467920,+3.18, +2.588, +9.167,+0.992
1652467980,+3.18, +2.578, +9.169,+0.992
1652468040,+3.18, +2.609, +9.155,+0.991
1652468100,+3.18, +2.609, +9.147,+0.991
1652468160,+3.18, +2.620, +9.145,+0.991
1652468220,+3.18, +2.609, +9.158,+0.991
1652468280,+3.18, +2.630, +9.150,+0.991
1652468340,+3.18, +2.630, +9.142,+0.991
1652468400,+3.18, +2.609, +9.164,+0.991
1652468460,+3.18, +2.640, +9.143,+0.991
1652468520,+3.18, +2.640, +9.138,+0.991
1652468580,+3.18, +2.672, +9.129,+0.991
1652468640,+3.18, +2.672, +9.127,+0.991
1652468700,+3.18, +2.693, +9.116,+0.990
1652468760,+3.18, +2.672, +9.129,+0.991
1652468820,+3.18, +2.703, +9.112,+0.991
1652468880,+3.18, +2.651, +9.135,+0.991
1652468940,+3.18, +2.693, +9.131,+0.991
1652469000,+3.18, +2.724, +9.116,+0.991
1652469060,+3.18, +2.703, +9.124,+0.991
1652469120,+3.18, +2.703, +9.122,+0.991
1652469180,+3.18, +2.714, +9.117,+0.991
1652469240,+3.18, +2.693, +9.130,+0.991
1652469300,+3.18, +2.724, +9.113,+0.991
1652469360,+3.18, +2.682, +9.134,+0.991
1652469420,+3.18, +2.714, +9.120,+0.991
1652469480,+3.18, +2.745, +9.110,+0.991
1652469540,+3.18, +2.703, +9.128,+0.991
1652469600,+3.18, +2.766, +9.102,+0.991
1652469660,+3.18, +2.735, +9.114,+0.991
1652469720,+3.18, +2.745, +9.116,+0.991
1652469780,+3.18, +2.735, +9.128,+0.991
1652469840,+3.18, +2.735, +9.121,+0.991
1652469900,+3.18, +2.755, +9.110,+0.991
1652469960,+3.18, +2.755, +9.112,+0.991
1652470020,+3.18, +2.776, +9.097,+0.991
1652470080,+3.18, +2.787, +9.113,+0.991
1652470140,+3.18, +2.829, +9.089,+0.991
1652470200,+3.18, +2.787, +9.100,+0.991
1652470260,+3.18, +2.787, +9.105,+0.991
1652470320,+3.18, +2.787, +9.102,+0.990
1652470380,+3.18, +2.808, +9.099,+0.991
1652470440,+3.18, +2.797, +9.128,+0.992
1652470500,+3.18, +2.808, +9.095,+0.991
1652470560,+3.18, +2.787, +9.110,+0.991
1652470620,+3.18, +2.808, +9.096,+0.990
1652470680,+3.18, +2.787, +9.110,+0.991
1652470740,+3.18, +2.808, +9.112,+0.991
1652470800,+3.18, +2.776, +9.121,+0.991
1652470860,+3.18, +2.829, +9.084,+0.990
1652470920,+3.18, +2.808, +9.092,+0.991
1652470980,+3.18, +2.797, +9.105,+0.991
1652471040,+3.18, +2.808, +9.092,+0.991
1652471100,+3.18, +2.808, +9.098,+0.991
1652471160,+3.18, +2.818, +9.105,+0.991
1652471220,+3.18, +2.776, +9.110,+0.991
1652471280,+3.18, +2.829, +9.087,+0.991
1652471340,+3.18, +2.829, +9.092,+0.991
1652471400,+3.18, +2.829, +9.104,+0.991
1652471460,+3.18, +2.797, +9.097,+0.991
1652471520,+3.18, +2.808, +9.116,+0.992
1652471580,+3.18, +2.829, +9.095,+0.991
1652471640,+3.18, +2.808, +9.107,+0.991
1652471700,+3.18, +2.776, +9.113,+0.991
1652471760,+3.18, +2.818, +9.107,+0.992
1652471820,+3.18, +2.818, +9.090,+0.990
1652471880,+3.18, +2.839, +9.095,+0.991
1652471940,+3.18, +2.808, +9.106,+0.991
1652472000,+3.18, +2.829, +9.102,+0.992
1652472060,+3.18, +2.849, +9.080,+0.991
1652472120,+3.18, +2.818, +9.094,+0.991
1652472180,+3.18, +2.818, +9.103,+0.991
1652472240,+3.18, +2.829, +9.081,+0.990
1652472300,+3.18, +2.797, +9.102,+0.991
1652472360,+3.18, +2.808, +9.095,+0.990
1652472420,+3.18, +2.797, +9.095,+0.990
1652472480,+3.18, +2.818, +9.094,+0.990
1652472540,+3.18, +2.839, +9.075,+0.990
1652472600,+3.18, +2.870, +9.067,+0.990
1652472660,+3.18, +2.818, +9.096,+0.991
1652472720,+3.18, +2.839, +9.096,+0.991
1652472780,+3.18, +2.829, +9.088,+0.990
1652472840,+3.18, +2.808, +9.091,+0.990
1652472900,+3.18, +2.839, +9.085,+0.990
1652472960,+3.18, +2.818, +9.089,+0.990
1652473020,+3.18, +2.818, +9.088,+0.990
1652473080,+3.18, +2.839, +9.074,+0.990
1652473140,+3.18, +2.839, +9.080,+0.991
1652473200,+3.18, +2.808, +9.092,+0.990
1652473260,+3.18, +2.829, +9.092,+0.991
1652473320,+3.18, +2.818, +9.075,+0.990
1652473380,+3.18, +2.808, +9.077,+0.990
1652473440,+3.18, +2.829, +9.083,+0.990
1652473500,+3.18, +2.808, +9.081,+0.990
1652473560,+3.18, +2.818, +9.089,+0.990
1652473620,+3.18, +2.808, +9.084,+0.990
1652473680,+3.18, +2.797, +9.089,+0.990
1652473740,+3.18, +2.829, +9.077,+0.991
1652473800,+3.18, +2.829, +9.088,+0.991
1652473860,+3.18, +2.839, +9.074,+0.991
1652473920,+3.18, +2.839, +9.072,+0.990
1652473980,+3.18, +2.797, +9.082,+0.990
1652474040,+3.18, +2.776, +9.095,+0.990
1652474100,+3.18, +2.766, +9.095,+0.990
1652474160,+3.18, +2.766, +9.098,+0.991
1652474220,+3.18, +2.787, +9.083,+0.990
1652474280,+3.18, +2.776, +9.082,+0.990
1652474340,+3.18, +2.766, +9.096,+0.990
1652474400,+3.18, +2.797, +9.088,+0.990
1652474460,+3.18, +2.755, +9.099,+0.990
1652474520,+3.18, +2.776, +9.085,+0.990
1652474580,+3.18, +2.745, +9.112,+0.991
1652474640,+3.18, +2.745, +9.100,+0.990
1652474700,+3.18, +2.766, +9.097,+0.990
1652474760,+3.18, +2.755, +9.096,+0.990
1652474820,+3.18, +2.766, +9.093,+0.991
1652474880,+3.18, +2.745, +9.105,+0.990
1652474940,+3.18, +2.755, +9.100,+0.990
1652475000,+3.18, +2.755, +9.086,+0.990
1652475060,+3.18, +2.745, +9.093,+0.990
1652475120,+3.18, +2.745, +9.101,+0.991
1652475180,+3.18, +2.745, +9.102,+0.990
1652475240,+3.18, +2.755, +9.090,+0.990
1652475300,+3.18, +2.745, +9.095,+0.990
1652475360,+3.18, +2.724, +9.110,+0.991
1652475420,+3.18, +2.693, +9.113,+0.990
1652475480,+3.18, +2.714, +9.101,+0.990
1652475540,+3.18, +2.703, +9.105,+0.990
1652475600,+3.18, +2.703, +9.105,+0.991
1652475660,+3.18, +2.693, +9.118,+0.991
1652475720,+3.18, +2.703, +9.104,+0.991
1652475780,+3.18, +2.703, +9.098,+0.990
1652475840,+3.18, +2.672, +9.123,+0.991
1652475900,+3.18, +2.651, +9.122,+0.990
1652475960,+3.18, +2.640, +9.126,+0.990
1652476020,+3.18, +2.672, +9.104,+0.990
1652476080,+3.18, +2.620, +9.152,+0.992
1652476140,+3.18, +2.651, +9.126,+0.991
1652476200,+3.18, +2.661, +9.120,+0.991
1652476260,+3.18, +2.651, +9.131,+0.991
1652476320,+3.18, +2.672, +9.118,+0.991
1652476380,+3.18, +2.599, +9.139,+0.991
1652476440,+3.18, +2.630, +9.125,+0.990
1652476500,+3.18, +2.620, +9.138,+0.991
1652476560,+3.18, +2.630, +9.133,+0.991
1652476620,+3.18, +2.609, +9.139,+0.991
1652476680,+3.18, +2.588, +9.145,+0.991
1652476740,+3.18, +2.588, +9.149,+0.991
1652476800,+3.18, +2.588, +9.135,+0.991
1652476860,+3.18, +2.567, +9.156,+0.991
1652476920,+3.18, +2.620, +9.137,+0.992
1652476980,+3.18, +2.578, +9.147,+0.991
1652477040,+3.18, +2.578, +9.140,+0.991
1652477100,+3.18, +2.557, +9.135,+0.990
1652477160,+3.18, +2.525, +9.161,+0.991
1652477220,+3.18, +2.557, +9.125,+0.990
1652477280,+3.18, +2.557, +9.149,+0.991
1652477340,+3.18, +2.567, +9.139,+0.991
1652477400,+3.18, +2.525, +9.154,+0.991
1652477460,+3.18, +2.525, +9.140,+0.990
1652477520,+3.18, +2.504, +9.154,+0.991
1652477580,+3.18, +2.546, +9.149,+0.992
1652477640,+3.18, +2.515, +9.144,+0.990
1652477700,+3.18, +2.515, +9.146,+0.991
1652477760,+3.18, +2.525, +9.137,+0.991
1652477820,+3.18, +2.504, +9.152,+0.991
1652477880,+3.18, +2.504, +9.153,+0.991
1652477940,+3.18, +2.494, +9.148,+0.991
1652478000,+3.18, +2.494, +9.143,+0.990
1652478060,+3.18, +2.452, +9.166,+0.991
1652478120,+3.18, +2.452, +9.163,+0.991
1652478180,+3.18, +2.441, +9.179,+0.991
1652478240,+3.18, +2.420, +9.162,+0.990
1652478300,+3.18, +2.389, +9.184,+0.991
1652478360,+3.18, +2.378, +9.187,+0.991
1652478420,+3.18, +2.410, +9.171,+0.991
1652478480,+3.18, +2.420, +9.168,+0.991
1652478540,+3.18, +2.410, +9.169,+0.990
1652478600,+3.18, +2.410, +9.175,+0.991
1652478660,+3.18, +2.368, +9.201,+0.991
1652478720,+3.18, +2.399, +9.162,+0.990
1652478780,+3.18, +2.399, +9.175,+0.991
1652478840,+3.18, +2.357, +9.180,+0.990
1652478900,+3.18, +2.410, +9.163,+0.990
1652478960,+3.18, +2.368, +9.181,+0.991
1652479020,+3.18, +2.378, +9.173,+0.991
1652479080,+3.18, +2.368, +9.181,+0.991
1652479140,+3.18, +2.336, +9.190,+0.990
1652479200,+3.18, +2.346, +9.185,+0.991
1652479260,+3.18, +2.346, +9.180,+0.991
1652479320,+3.18, +2.357, +9.194,+0.991
1652479380,+3.18, +2.325, +9.199,+0.991
1652479440,+3.18, +2.325, +9.189,+0.990
1652479500,+3.18, +2.315, +9.192,+0.990
1652479560,+3.18, +2.315, +9.197,+0.991
1652479620,+3.18, +2.325, +9.179,+0.990
1652479680,+3.18, +2.304, +9.196,+0.991
1652479740,+3.18, +2.283, +9.213,+0.991
1652479800,+3.18, +2.273, +9.217,+0.991
1652479860,+3.18, +2.273, +9.216,+0.992
1652479920,+3.18, +2.262, +9.208,+0.990
1652479980,+3.18, +2.262, +9.204,+0.991
1652480040,+3.18, +2.241, +9.216,+0.991
1652480100,+3.18, +2.230, +9.221,+0.991
1652480160,+3.18, +2.230, +9.218,+0.991
1652480220,+3.18, +2.252, +9.204,+0.991
1652480280,+3.18, +2.241, +9.214,+0.991
1652480340,+3.18, +2.241, +9.219,+0.991
1652480400,+3.18, +2.220, +9.224,+0.991
1652480460,+3.18, +2.241, +9.218,+0.991
1652480520,+3.18, +2.262, +9.198,+0.991
1652480580,+3.18, +2.241, +9.207,+0.991
1652480640,+3.18, +2.241, +9.230,+0.992
1652480700,+3.18, +2.230, +9.214,+0.991
1652480760,+3.18, +2.241, +9.212,+0.991
1652480820,+3.18, +2.220, +9.217,+0.991
1652480880,+3.18, +2.209, +9.223,+0.991
1652480940,+3.18, +2.230, +9.214,+0.991
1652481000,+3.18, +2.230, +9.211,+0.991
1652481060,+3.18, +2.220, +9.204,+0.990
1652481120,+3.18, +2.220, +9.232,+0.992
1652481180,+3.18, +2.241, +9.203,+0.991
1652481240,+3.18, +2.209, +9.221,+0.991
1652481300,+3.18, +2.178, +9.237,+0.991
1652481360,+3.18, +2.199, +9.216,+0.991
1652481420,+3.18, +2.199, +9.223,+0.991
1652481480,+3.18, +2.188, +9.228,+0.991
1652481540,+3.18, +2.188, +9.232,+0.991
1652481600,+3.18, +2.209, +9.226,+0.991
1652481660,+3.18, +2.188, +9.233,+0.991
1652481720,+3.18, +2.178, +9.224,+0.991
1652481780,+3.18, +2.188, +9.221,+0.991
1652481840,+3.18, +2.188, +9.231,+0.991
1652481900,+3.18, +2.178, +9.223,+0.991
1652481960,+3.18, +2.157, +9.223,+0.990
1652482020,+3.18, +2.104, +9.237,+0.991
1652482080,+3.18, +2.051, +9.234,+0.990
1652482140,+3.18, +1.987, +9.239,+0.990
1652482200,+3.18, +1.913, +9.274,+0.990
1652482260,+3.18, +1.913, +9.282,+0.990
1652482320,+3.18, +1.902, +9.287,+0.990
1652482380,+3.18, +1.998, +9.271,+0.991
1652482440,+3.18, +2.008, +9.270,+0.991
1652482500,+3.18, +1.987, +9.284,+0.991
1652482560,+3.18, +2.061, +9.249,+0.991
1652482620,+3.18, +2.072, +9.260,+0.991
1652482680,+3.18, +2.093, +9.250,+0.991
1652482740,+3.18, +2.072, +9.244,+0.990
1652482800,+3.18, +2.082, +9.249,+0.991
1652482860,+3.18, +2.082, +9.264,+0.991
1652482920,+3.18, +2.104, +9.246,+0.991
1652482980,+3.18, +2.082, +9.254,+0.991
1652483040,+3.18, +2.093, +9.254,+0.991
1652483100,+3.18, +2.072, +9.252,+0.991
1652483160,+3.18, +2.093, +9.262,+0.992
1652483220,+3.18, +2.072, +9.263,+0.991
1652483280,+3.18, +2.093, +9.232,+0.990
1652483340,+3.18, +2.093, +9.239,+0.991
1652483400,+3.18, +2.061, +9.266,+0.991
1652483460,+3.18, +2.082, +9.265,+0.991
1652483520,+3.18, +2.051, +9.261,+0.990
1652483580,+3.18, +2.082, +9.244,+0.991
1652483640,+3.18, +2.082, +9.255,+0.991
1652483700,+3.18, +2.061, +9.256,+0.991
1652483760,+3.18, +2.051, +9.247,+0.990
1652483820,+3.18, +2.061, +9.264,+0.991
1652483880,+3.18, +2.051, +9.260,+0.991
1652483940,+3.18, +2.051, +9.257,+0.991
1652484000,+3.18, +2.051, +9.263,+0.991
1652484060,+3.18, +2.040, +9.276,+0.991
1652484120,+3.18, +2.051, +9.252,+0.991
1652484180,+3.18, +2.051, +9.267,+0.991
1652484240,+3.18, +2.008, +9.271,+0.991
1652484300,+3.18, +2.040, +9.261,+0.991
1652484360,+3.18, +2.040, +9.266,+0.991
1652484420,+3.18, +2.008, +9.273,+0.991
1652484480,+3.18, +2.051, +9.265,+0.992
1652484540,+3.18, +2.029, +9.288,+0.992
1652484600,+3.18, +1.955, +9.307,+0.991
1652484660,+3.18, +2.019, +9.271,+0.991
1652484720,+3.18, +2.019, +9.274,+0.991
1652484780,+3.18, +2.008, +9.286,+0.992
1652484840,+3.18, +2.029, +9.269,+0.991
1652484900,+3.18, +2.019, +9.257,+0.990
1652484960,+3.18, +2.019, +9.270,+0.991
1652485020,+3.18, +2.019, +9.262,+0.991
1652485080,+3.18, +1.998, +9.283,+0.991
1652485140,+3.18, +1.987, +9.275,+0.991
1652485200,+3.18, +1.998, +9.265,+0.990
1652485260,+3.18, +2.029, +9.269,+0.992
1652485320,+3.18, +1.998, +9.282,+0.992
1652485380,+3.18, +1.998, +9.286,+0.991
1652485440,+3.18, +1.976, +9.274,+0.990
1652485500,+3.18, +1.998, +9.270,+0.991
1652485560,+3.18, +1.998, +9.263,+0.990
1652485620,+3.18, +1.966, +9.278,+0.991
1652485680,+3.18, +1.987, +9.276,+0.991
1652485740,+3.18, +1.976, +9.276,+0.991
1652485800,+3.18, +1.955, +9.283,+0.991
1652485860,+3.18, +1.976, +9.294,+0.992
1652485920,+3.18, +1.955, +9.286,+0.991
1652485980,+3.18, +1.955, +9.286,+0.991
1652486040,+3.18, +1.966, +9.280,+0.991
1652486100,+3.18, +1.976, +9.288,+0.991
1652486160,+3.18, +1.966, +9.295,+0.991
1652486220,+3.18, +1.945, +9.302,+0.991
1652486280,+3.18, +1.987, +9.283,+0.991
1652486340,+3.18, +1.945, +9.283,+0.990
1652486400,+3.18, +1.966, +9.292,+0.991
1652486460,+3.18, +1.966, +9.284,+0.991
1652486520,+3.18, +1.934, +9.304,+0.991
1652486580,+3.18, +1.913, +9.304,+0.991
1652486640,+3.18, +1.934, +9.311,+0.992
1652486700,+3.18, +1.934, +9.300,+0.991
1652486760,+3.18, +1.966, +9.278,+0.991
1652486820,+3.18, +1.902, +9.317,+0.991
1652486880,+3.18, +1.902, +9.301,+0.990
1652486940,+3.18, +1.934, +9.308,+0.991
1652487000,+3.18, +1.945, +9.299,+0.991
1652487060,+3.18, +1.955, +9.287,+0.991
1652487120,+3.18, +1.945, +9.298,+0.991
1652487180,+3.18, +1.945, +9.302,+0.991
1652487240,+3.18, +1.923, +9.296,+0.990
1652487300,+3.18, +1.923, +9.297,+0.990
1652487360,+3.18, +1.923, +9.306,+0.991
1652487420,+3.18, +1.913, +9.304,+0.991
1652487480,+3.18, +1.934, +9.295,+0.991
1652487540,+3.18, +1.923, +9.306,+0.991
1652487600,+3.18, +1.934, +9.292,+0.991
1652487660,+3.18, +1.891, +9.315,+0.991
1652487720,+3.18, +1.913, +9.298,+0.991
1652487780,+3.18, +1.923, +9.316,+0.992
1652487840,+3.18, +1.902, +9.314,+0.991
1652487900,+3.18, +1.913, +9.307,+0.991
1652487960,+3.18, +1.934, +9.303,+0.991
1652488020,+3.18, +1.934, +9.296,+0.991
1652488080,+3.18, +1.945, +9.295,+0.991
1652488140,+3.18, +1.881, +9.310,+0.990
1652488200,+3.18, +1.913, +9.304,+0.991
1652488260,+3.18, +1.923, +9.306,+0.991
1652488320,+3.18, +1.913, +9.311,+0.991
1652488380,+3.18, +1.923, +9.292,+0.991
1652488440,+3.18, +1.881, +9.307,+0.990
1652488500,+3.18, +1.923, +9.287,+0.990
1652488560,+3.18, +1.891, +9.309,+0.991
1652488620,+3.18, +1.881, +9.313,+0.991
1652488680,+3.18, +1.891, +9.312,+0.991
1652488740,+3.18, +1.913, +9.304,+0.991
1652488800,+3.18, +1.923, +9.314,+0.992
1652488860,+3.18, +1.881, +9.311,+0.991
1652488920,+3.18, +1.913, +9.290,+0.991
1652488980,+3.18, +1.913, +9.311,+0.991
1652489040,+3.18, +1.891, +9.306,+0.991
1652489100,+3.18, +1.913, +9.297,+0.991
1652489160,+3.18, +1.891, +9.298,+0.990
1652489220,+3.18, +1.902, +9.305,+0.991
1652489280,+3.18, +1.902, +9.311,+0.991
1652489340,+3.18, +1.913, +9.292,+0.990
1652489400,+3.18, +1.902, +9.306,+0.991
1652489460,+3.18, +1.891, +9.295,+0.990
1652489520,+3.18, +1.870, +9.319,+0.991
1652489580,+3.18, +1.870, +9.310,+0.990
1652489640,+3.18, +1.902, +9.295,+0.991
1652489700,+3.18, +1.870, +9.339,+0.992
1652489760,+3.18, +1.923, +9.292,+0.991
1652489820,+3.18, +1.902, +9.305,+0.991
1652489880,+3.18, +1.870, +9.320,+0.991
1652489940,+3.18, +1.891, +9.305,+0.991
1652490000,+3.18, +1.902, +9.303,+0.991
1652490060,+3.18, +1.902, +9.306,+0.991
1652490120,+3.18, +1.891, +9.298,+0.991
1652490180,+3.18, +1.870, +9.322,+0.991
1652490240,+3.18, +1.870, +9.315,+0.991
1652490300,+3.18, +1.881, +9.310,+0.991
1652490360,+3.18, +1.891, +9.309,+0.991
1652490420,+3.18, +1.891, +9.310,+0.991
1652490480,+3.18, +1.881, +9.297,+0.991
1652490540,+3.18, +1.881, +9.302,+0.991
1652490600,+3.18, +1.891, +9.295,+0.991
1652490660,+3.18, +1.891, +9.305,+0.991
1652490720,+3.18, +1.849, +9.323,+0.991
1652490780,+3.18, +1.849, +9.314,+0.991
1652490840,+3.18, +1.881, +9.300,+0.991
1652490900,+3.18, +1.860, +9.324,+0.991
1652490960,+3.18, +1.870, +9.304,+0.991
1652491020,+3.18, +1.860, +9.305,+0.991
1652491080,+3.18, +1.828, +9.338,+0.992
1652491140,+3.18, +1.860, +9.307,+0.991
1652491200,+3.18, +1.849, +9.314,+0.991
1652491260,+3.18, +1.881, +9.298,+0.991
1652491320,+3.18, +1.881, +9.297,+0.991
1652491380,+3.18, +1.860, +9.310,+0.991
1652491440,+3.18, +1.849, +9.317,+0.991
1652491500,+3.18, +1.870, +9.301,+0.991
1652491560,+3.18, +1.838, +9.320,+0.991
1652491620,+3.18, +1.860, +9.313,+0.991
1652491680,+3.18, +1.860, +9.304,+0.991
1652491740,+3.18, +1.870, +9.301,+0.991
1652491800,+3.18, +1.838, +9.323,+0.991
1652491860,+3.18, +1.860, +9.305,+0.991
1652491920,+3.18, +1.881, +9.308,+0.991
1652491980,+3.18, +1.891, +9.301,+0.991
1652492040,+3.18, +1.849, +9.307,+0.991
1652492100,+3.18, +1.849, +9.307,+0.991
1652492160,+3.18, +1.838, +9.321,+0.991
1652492220,+3.18, +1.881, +9.300,+0.991
1652492280,+3.18, +1.828, +9.326,+0.991
1652492340,+3.18, +1.828, +9.326,+0.991
1652492400,+3.18, +1.838, +9.313,+0.991
1652492460,+3.18, +1.838, +9.311,+0.991
1652492520,+3.18, +1.796, +9.324,+0.991
1652492580,+3.18, +1.849, +9.301,+0.991
1652492640,+3.18, +1.849, +9.311,+0.991
1652492700,+3.18, +1.828, +9.324,+0.991
1652492760,+3.18, +1.838, +9.319,+0.991
1652492820,+3.18, +1.796, +9.326,+0.991
1652492880,+3.18, +1.838, +9.308,+0.991
1652492940,+3.18, +1.817, +9.325,+0.991
1652493000,+3.18, +1.828, +9.320,+0.991
1652493060,+3.18, +1.828, +9.309,+0.991
1652493120,+3.18, +1.838, +9.302,+0.991
1652493180,+3.18, +1.806, +9.312,+0.990
1652493240,+3.18, +1.817, +9.306,+0.990
1652493300,+3.18, +1.817, +9.313,+0.991
1652493360,+3.18, +1.806, +9.323,+0.991
1652493420,+3.18, +1.817, +9.316,+0.991
1652493480,+3.18, +1.817, +9.313,+0.991
1652493540,+3.18, +1.817, +9.311,+0.990
1652493600,+3.18, +1.817, +9.316,+0.991
1652493660,+3.18, +1.774, +9.334,+0.991
1652493720,+3.18, +1.806, +9.308,+0.991
1652493780,+3.18, +1.806, +9.325,+0.991
1652493840,+3.18, +1.785, +9.322,+0.991
1652493900,+3.18, +1.796, +9.322,+0.991
1652493960,+3.18, +1.785, +9.325,+0.991
1652494020,+3.18, +1.796, +9.313,+0.991
1652494080,+3.18, +1.796, +9.313,+0.991
1652494140,+3.18, +1.774, +9.324,+0.991
1652494200,+3.18, +1.753, +9.358,+0.991
1652494260,+3.18, +1.785, +9.324,+0.991
1652494320,+3.18, +1.764, +9.332,+0.990
1652494380,+3.18, +1.764, +9.335,+0.991
1652494440,+3.18, +1.785, +9.327,+0.991
1652494500,+3.18, +1.785, +9.333,+0.991
1652494560,+3.18, +1.796, +9.324,+0.991
1652494620,+3.18, +1.764, +9.327,+0.991
1652494680,+3.18, +1.785, +9.309,+0.990
1652494740,+3.18, +1.753, +9.334,+0.991
1652494800,+3.18, +1.764, +9.329,+0.991
1652494860,+3.18, +1.764, +9.340,+0.991
1652494920,+3.18, +1.764, +9.331,+0.991
1652494980,+3.18, +1.764, +9.338,+0.991
1652495040,+3.18, +1.764, +9.332,+0.991
1652495100,+3.18, +1.742, +9.337,+0.990
1652495160,+3.18, +1.764, +9.327,+0.991
1652495220,+3.18, +1.764, +9.344,+0.991
1652495280,+3.18, +1.732, +9.344,+0.991
1652495340,+3.18, +1.732, +9.345,+0.991
1652495400,+3.18, +1.742, +9.349,+0.992
1652495460,+3.18, +1.753, +9.338,+0.991
1652495520,+3.18, +1.785, +9.314,+0.991
1652495580,+3.18, +1.764, +9.341,+0.992
1652495640,+3.18, +1.742, +9.342,+0.991
1652495700,+3.18, +1.721, +9.342,+0.991
1652495760,+3.18, +1.721, +9.343,+0.991
1652495820,+3.18, +1.742, +9.354,+0.992
1652495880,+3.18, +1.721, +9.334,+0.991
1652495940,+3.18, +1.732, +9.341,+0.991
1652496000,+3.18, +1.721, +9.344,+0.991
1652496060,+3.18, +1.721, +9.332,+0.990
1652496120,+3.18, +1.732, +9.349,+0.991
1652496180,+3.18, +1.753, +9.317,+0.990
1652496240,+3.18, +1.721, +9.348,+0.991
1652496300,+3.18, +1.721, +9.335,+0.990
1652496360,+3.18, +1.732, +9.335,+0.991
1652496420,+3.18, +1.710, +9.354,+0.991
1652496480,+3.18, +1.721, +9.349,+0.991
1652496540,+3.18, +1.689, +9.360,+0.991
1652496600,+3.18, +1.721, +9.348,+0.991
1652496660,+3.18, +1.710, +9.339,+0.991
1652496720,+3.18, +1.721, +9.338,+0.991
1652496780,+3.18, +1.700, +9.346,+0.991
1652496840,+3.18, +1.721, +9.348,+0.991
1652496900,+3.18, +1.721, +9.351,+0.992
1652496960,+3.18, +1.710, +9.343,+0.991
1652497020,+3.18, +1.732, +9.344,+0.991
1652497080,+3.18, +1.721, +9.331,+0.991
1652497140,+3.18, +1.700, +9.352,+0.991
1652497200,+3.18, +1.710, +9.343,+0.991
1652497260,+3.18, +1.700, +9.363,+0.991
1652497320,+3.18, +1.689, +9.347,+0.991
1652497380,+3.18, +1.710, +9.346,+0.991
1652497440,+3.18, +1.721, +9.341,+0.991
1652497500,+3.18, +1.710, +9.345,+0.991
1652497560,+3.18, +1.657, +9.369,+0.991
1652497620,+3.18, +1.710, +9.359,+0.992
1652497680,+3.18, +1.721, +9.342,+0.991
1652497740,+3.18, +1.689, +9.358,+0.991
1652497800,+3.18, +1.721, +9.337,+0.991
1652497860,+3.18, +1.710, +9.344,+0.991
1652497920,+3.18, +1.700, +9.350,+0.991
1652497980,+3.18, +1.668, +9.356,+0.991
1652498040,+3.18, +1.700, +9.349,+0.991
1652498100,+3.18, +1.732, +9.333,+0.991
1652498160,+3.18, +1.700, +9.350,+0.991
1652498220,+3.18, +1.689, +9.356,+0.991
1652498280,+3.18, +1.689, +9.353,+0.991
1652498340,+3.18, +1.668, +9.361,+0.991
1652498400,+3.18, +1.700, +9.337,+0.990
1652498460,+3.18, +1.721, +9.328,+0.990
1652498520,+3.18, +1.689, +9.362,+0.991
1652498580,+3.18, +1.710, +9.343,+0.991
1652498640,+3.18, +1.678, +9.355,+0.991
1652498700,+3.18, +1.700, +9.356,+0.991
1652498760,+3.18, +1.689, +9.364,+0.991
1652498820,+3.18, +1.678, +9.354,+0.990
1652498880,+3.18, +1.700, +9.367,+0.992
1652498940,+3.18, +1.700, +9.357,+0.992
1652499000,+3.18, +1.700, +9.350,+0.991
1652499060,+3.18, +1.646, +9.368,+0.991
1652499120,+3.18, +1.657, +9.358,+0.991
1652499180,+3.18, +1.678, +9.358,+0.991
1652499240,+3.18, +1.668, +9.364,+0.991
1652499300,+3.18, +1.689, +9.346,+0.990
1652499360,+3.18, +1.689, +9.346,+0.990
1652499420,+3.18, +1.689, +9.351,+0.991
1652499480,+3.18, +1.657, +9.358,+0.990
1652499540,+3.18, +1.668, +9.353,+0.990
1652499600,+3.18, +1.657, +9.362,+0.991
1652499660,+3.18, +1.668, +9.362,+0.991
1652499720,+3.18, +1.678, +9.372,+0.992
1652499780,+3.18, +1.668, +9.357,+0.991
1652499840,+3.18, +1.668, +9.369,+0.991
1652499900,+3.18, +1.668, +9.367,+0.991
1652499960,+3.18, +1.678, +9.360,+0.991
1652500020,+3.18, +1.657, +9.371,+0.991
1652500080,+3.18, +1.657, +9.373,+0.991
1652500140,+3.18, +1.657, +9.367,+0.991
1652500200,+3.18, +1.657, +9.375,+0.991
1652500260,+3.18, +1.668, +9.350,+0.990
1652500320,+3.18, +1.668, +9.375,+0.991
1652500380,+3.18, +1.636, +9.367,+0.991
1652500440,+3.18, +1.678, +9.363,+0.991
1652500500,+3.18, +1.657, +9.368,+0.991
1652500560,+3.18, +1.657, +9.372,+0.991
1652500620,+3.18, +1.678, +9.359,+0.991
1652500680,+3.18, +1.657, +9.379,+0.991
1652500740,+3.18, +1.657, +9.372,+0.991
1652500800,+3.18, +1.636, +9.379,+0.991
1652500860,+3.18, +1.678, +9.349,+0.990
1652500920,+3.18, +1.668, +9.364,+0.991
1652500980,+3.18, +1.646, +9.374,+0.991
1652501040,+3.18, +1.657, +9.381,+0.992
1652501100,+3.18, +1.668, +9.370,+0.991
1652501160,+3.18, +1.657, +9.365,+0.991
1652501220,+3.18, +1.646, +9.376,+0.991
1652501280,+3.18, +1.657, +9.367,+0.991
1652501340,+3.18, +1.657, +9.368,+0.991
1652501400,+3.18, +1.668, +9.375,+0.991
1652501460,+3.18, +1.657, +9.365,+0.991
1652501520,+3.18, +1.657, +9.374,+0.991
1652501580,+3.18, +1.614, +9.382,+0.991
1652501640,+3.18, +1.636, +9.391,+0.992
1652501700,+3.18, +1.657, +9.359,+0.990
1652501760,+3.18, +1.646, +9.378,+0.991
1652501820,+3.18, +1.614, +9.385,+0.991
1652501880,+3.18, +1.646, +9.373,+0.991
1652501940,+3.18, +1.657, +9.378,+0.991
1652502000,+3.18, +1.646, +9.374,+0.991
1652502060,+3.18, +1.625, +9.392,+0.991
1652502120,+3.18, +1.636, +9.372,+0.991
1652502180,+3.18, +1.646, +9.376,+0.991
1652502240,+3.18, +1.657, +9.374,+0.991
1652502300,+3.18, +1.636, +9.387,+0.991
1652502360,+3.18, +1.614, +9.396,+0.992
1652502420,+3.18, +1.636, +9.367,+0.991
1652502480,+3.18, +1.646, +9.370,+0.991
1652502540,+3.18, +1.614, +9.396,+0.992
1652502600,+3.18, +1.614, +9.385,+0.991
1652502660,+3.18, +1.625, +9.380,+0.991
1652502720,+3.18, +1.604, +9.388,+0.991
1652502780,+3.18, +1.636, +9.382,+0.991
1652502840,+3.18, +1.582, +9.391,+0.990
1652502900,+3.18, +1.636, +9.383,+0.991
1652502960,+3.18, +1.625, +9.386,+0.991
1652503020,+3.18, +1.604, +9.394,+0.991
1652503080,+3.18, +1.571, +9.405,+0.991
1652503140,+3.18, +1.646, +9.373,+0.991
1652503200,+3.18, +1.614, +9.369,+0.990
1652503260,+3.18, +1.571, +9.402,+0.991
1652503320,+3.18, +1.582, +9.392,+0.991
1652503380,+3.18, +1.582, +9.396,+0.991
1652503440,+3.18, +1.604, +9.373,+0.991
1652503500,+3.18, +1.593, +9.393,+0.991
1652503560,+3.18, +1.604, +9.382,+0.991
1652503620,+3.18, +1.582, +9.394,+0.991
1652503680,+3.18, +1.571, +9.405,+0.992
1652503740,+3.18, +1.604, +9.389,+0.991
1652503800,+3.18, +1.636, +9.369,+0.991
1652503860,+3.18, +1.582, +9.362,+0.989
1652503920,+3.18, +1.593, +9.402,+0.992
1652503980,+3.18, +1.582, +9.398,+0.991
1652504040,+3.18, +1.593, +9.392,+0.991
1652504100,+3.18, +1.582, +9.392,+0.991
1652504160,+3.18, +1.593, +9.391,+0.991
1652504220,+3.18, +1.571, +9.400,+0.991
1652504280,+3.18, +1.561, +9.398,+0.991
1652504340,+3.18, +1.582, +9.389,+0.991
1652504400,+3.18, +1.582, +9.389,+0.991
1652504460,+3.18, +1.561, +9.405,+0.991
1652504520,+3.18, +1.550, +9.399,+0.991
1652504580,+3.18, +1.529, +9.413,+0.991
1652504640,+3.18, +1.571, +9.392,+0.991
1652504700,+3.18, +1.550, +9.396,+0.990
1652504760,+3.18, +1.550, +9.394,+0.990
1652504820,+3.18, +1.582, +9.391,+0.991
1652504880,+3.18, +1.539, +9.405,+0.991
1652504940,+3.18, +1.550, +9.394,+0.991
1652505000,+3.18, +1.561, +9.400,+0.991
1652505060,+3.18, +1.550, +9.397,+0.991
1652505120,+3.18, +1.550, +9.391,+0.991
1652505180,+3.18, +1.529, +9.397,+0.990
1652505240,+3.18, +1.529, +9.402,+0.991
1652505300,+3.18, +1.529, +9.396,+0.991
1652505360,+3.18, +1.550, +9.404,+0.991
1652505420,+3.18, +1.539, +9.395,+0.991
1652505480,+3.18, +1.464, +9.447,+0.992
1652505540,+3.18, +1.550, +9.403,+0.992
1652505600,+3.18, +1.550, +9.395,+0.991
1652505660,+3.18, +1.529, +9.400,+0.990
1652505720,+3.18, +1.561, +9.384,+0.991
1652505780,+3.18, +1.539, +9.402,+0.991
1652505840,+3.18, +1.539, +9.387,+0.990
1652505900,+3.18, +1.496, +9.413,+0.991
1652505960,+3.18, +1.529, +9.397,+0.991
1652506020,+3.18, +1.518, +9.396,+0.991
1652506080,+3.18, +1.507, +9.403,+0.991
1652506140,+3.18, +1.529, +9.389,+0.990
1652506200,+3.18, +1.529, +9.392,+0.990
1652506260,+3.18, +1.518, +9.420,+0.992
1652506320,+3.18, +1.539, +9.401,+0.991
1652506380,+3.18, +1.496, +9.414,+0.991
1652506440,+3.18, +1.529, +9.400,+0.991
1652506500,+3.18, +1.518, +9.420,+0.992
1652506560,+3.18, +1.518, +9.393,+0.990
1652506620,+3.18, +1.529, +9.393,+0.991
1652506680,+3.18, +1.507, +9.399,+0.991
1652506740,+3.18, +1.507, +9.405,+0.991
1652506800,+3.18, +1.507, +9.401,+0.991
1652506860,+3.18, +1.496, +9.413,+0.991
1652506920,+3.18, +1.507, +9.404,+0.991
1652506980,+3.18, +1.486, +9.414,+0.991
1652507040,+3.18, +1.496, +9.418,+0.991
1652507100,+3.18, +1.486, +9.413,+0.991
1652507160,+3.18, +1.496, +9.417,+0.991
1652507220,+3.18, +1.496, +9.417,+0.991
1652507280,+3.18, +1.507, +9.405,+0.991
1652507340,+3.18, +1.475, +9.417,+0.991
1652507400,+3.18, +1.486, +9.402,+0.991
1652507460,+3.18, +1.507, +9.397,+0.991
1652507520,+3.18, +1.496, +9.418,+0.992
1652507580,+3.18, +1.496, +9.422,+0.992
1652507640,+3.18, +1.454, +9.429,+0.991
1652507700,+3.18, +1.496, +9.410,+0.991
1652507760,+3.18, +1.486, +9.407,+0.991
1652507820,+3.18, +1.529, +9.402,+0.991
1652507880,+3.18, +1.486, +9.410,+0.991
1652507940,+3.18, +1.486, +9.404,+0.991
1652508000,+3.18, +1.475, +9.414,+0.991
1652508060,+3.18, +1.486, +9.410,+0.991
1652508120,+3.18, +1.496, +9.397,+0.990
1652508180,+3.18, +1.486, +9.403,+0.990
1652508240,+3.18, +1.475, +9.415,+0.991
1652508300,+3.18, +1.454, +9.423,+0.991
1652508360,+3.18, +1.507, +9.396,+0.991
1652508420,+3.18, +1.486, +9.399,+0.991
1652508480,+3.18, +1.432, +9.436,+0.991
1652508540,+3.18, +1.496, +9.410,+0.991
1652508600,+3.18, +1.475, +9.404,+0.990
1652508660,+3.18, +1.454, +9.416,+0.991
1652508720,+3.18, +1.486, +9.415,+0.991
1652508780,+3.18, +1.464, +9.404,+0.990
1652508840,+3.18, +1.443, +9.427,+0.991
1652508900,+3.18, +1.454, +9.416,+0.991
1652508960,+3.18, +1.475, +9.422,+0.991
1652509020,+3.18, +1.507, +9.395,+0.991
1652509080,+3.18, +1.464, +9.409,+0.990
1652509140,+3.18, +1.454, +9.404,+0.990
1652509200,+3.18, +1.464, +9.414,+0.991
1652509260,+3.18, +1.464, +9.423,+0.991
1652509320,+3.18, +1.464, +9.408,+0.990
1652509380,+3.17, +1.443, +9.416,+0.991
1652509440,+3.18, +1.475, +9.410,+0.991
1652509500,+3.18, +1.486, +9.407,+0.991
1652509560,+3.18, +1.464, +9.416,+0.991
1652509620,+3.18, +1.421, +9.441,+0.991
1652509680,+3.18, +1.454, +9.400,+0.990
1652509740,+3.18, +1.464, +9.406,+0.991
1652509800,+3.18, +1.464, +9.415,+0.991
1652509860,+3.18, +1.475, +9.420,+0.992
1652509920,+3.18, +1.454, +9.407,+0.991
1652509980,+3.18, +1.464, +9.426,+0.991
1652510040,+3.18, +1.454, +9.423,+0.991
1652510100,+3.18, +1.475, +9.418,+0.992
1652510160,+3.18, +1.400, +9.425,+0.990
1652510220,+3.18, +1.421, +9.435,+0.991
1652510280,+3.18, +1.454, +9.424,+0.991
1652510340,+3.18, +1.421, +9.435,+0.991
1652510400,+3.18, +1.475, +9.408,+0.991
1652510460,+3.18, +1.411, +9.416,+0.990
1652510520,+3.18, +1.464, +9.415,+0.991
1652510580,+3.18, +1.443, +9.425,+0.991
1652510640,+3.18, +1.443, +9.408,+0.990
1652510700,+3.18, +1.411, +9.427,+0.991
1652510760,+3.18, +1.454, +9.426,+0.991
1652510820,+3.18, +1.475, +9.414,+0.991
1652510880,+3.18, +1.454, +9.408,+0.991
1652510940,+3.18, +1.443, +9.411,+0.991
1652511000,+3.18, +1.443, +9.416,+0.991
1652511060,+3.18, +1.464, +9.409,+0.991
1652511120,+3.18, +1.443, +9.415,+0.991
1652511180,+3.18, +1.454, +9.419,+0.991
1652511240,+3.18, +1.443, +9.423,+0.991
1652511300,+3.18, +1.454, +9.404,+0.990
1652511360,+3.18, +1.454, +9.416,+0.991
1652511420,+3.18, +1.464, +9.402,+0.991
1652511480,+3.18, +1.454, +9.419,+0.991
1652511540,+3.18, +1.443, +9.425,+0.991
1652511600,+3.18, +1.432, +9.420,+0.991
1652511660,+3.18, +1.443, +9.406,+0.990
1652511720,+3.18, +1.432, +9.413,+0.991
1652511780,+3.18, +1.378, +9.452,+0.992
1652511840,+3.18, +1.432, +9.407,+0.991
1652511900,+3.18, +1.464, +9.400,+0.990
1652511960,+3.18, +1.432, +9.414,+0.991
1652512020,+3.18, +1.432, +9.417,+0.991
1652512080,+3.18, +1.421, +9.418,+0.991
1652512140,+3.18, +1.443, +9.408,+0.991
1652512200,+3.18, +1.464, +9.406,+0.991
1652512260,+3.18, +1.454, +9.409,+0.991
1652512320,+3.18, +1.475, +9.415,+0.991
1652512380,+3.18, +1.432, +9.419,+0.991
1652512440,+3.18, +1.432, +9.432,+0.992
1652512500,+3.18, +1.421, +9.420,+0.991
1652512560,+3.18, +1.411, +9.427,+0.991
1652512620,+3.18, +1.432, +9.423,+0.991
1652512680,+3.18, +1.411, +9.421,+0.991
1652512740,+3.18, +1.443, +9.407,+0.991
1652512800,+3.18, +1.411, +9.426,+0.991
1652512860,+3.18, +1.432, +9.416,+0.991
1652512920,+3.18, +1.454, +9.408,+0.991
1652512980,+3.18, +1.443, +9.420,+0.991
1652513040,+3.18, +1.400, +9.433,+0.991
1652513100,+3.18, +1.443, +9.411,+0.991
1652513160,+3.18, +1.432, +9.418,+0.991
1652513220,+3.18, +1.432, +9.422,+0.991
1652513280,+3.18, +1.443, +9.411,+0.991
1652513340,+3.18, +1.443, +9.406,+0.990
1652513400,+3.18, +1.432, +9.421,+0.991
1652513460,+3.18, +1.443, +9.416,+0.991
1652513520,+3.18, +1.400, +9.426,+0.991
1652513580,+3.18, +1.443, +9.409,+0.991
1652513640,+3.18, +1.454, +9.409,+0.991
1652513700,+3.18, +1.486, +9.401,+0.991
1652513760,+3.18, +1.443, +9.417,+0.991
1652513820,+3.18, +1.464, +9.410,+0.992
1652513880,+3.18, +1.389, +9.440,+0.991
1652513940,+3.18, +1.400, +9.445,+0.991
1652514000,+3.18, +1.421, +9.417,+0.990
1652514060,+3.18, +1.443, +9.419,+0.991
1652514120,+3.18, +1.421, +9.437,+0.992
1652514180,+3.18, +1.454, +9.407,+0.991
1652514240,+3.18, +1.443, +9.414,+0.991
1652514300,+3.18, +1.454, +9.412,+0.991
1652514360,+3.18, +1.432, +9.421,+0.991
1652514420,+3.18, +1.443, +9.411,+0.991
1652514480,+3.18, +1.464, +9.412,+0.991
1652514540,+3.18, +1.443, +9.424,+0.991
1652514600,+3.18, +1.432, +9.434,+0.992
1652514660,+3.18, +1.454, +9.424,+0.992
1652514720,+3.18, +1.464, +9.413,+0.991
1652514780,+3.18, +1.454, +9.412,+0.991
1652514840,+3.18, +1.443, +9.419,+0.991
1652514900,+3.18, +1.443, +9.406,+0.991
1652514960,+3.18, +1.464, +9.407,+0.991
1652515020,+3.18, +1.443, +9.413,+0.991
1652515080,+3.18, +1.432, +9.421,+0.991
1652515140,+3.18, +1.411, +9.434,+0.991
1652515200,+3.18, +1.464, +9.410,+0.991
1652515260,+3.18, +1.486, +9.397,+0.991
1652515320,+3.18, +1.443, +9.419,+0.991
1652515380,+3.18, +1.454, +9.414,+0.991
1652515440,+3.18, +1.486, +9.395,+0.991
1652515500,+3.17, +1.464, +9.414,+0.991
1652515560,+3.18, +1.443, +9.409,+0.991
1652515620,+3.18, +1.454, +9.417,+0.991
1652515680,+3.18, +1.443, +9.418,+0.991
1652515740,+3.18, +1.443, +9.416,+0.991
1652515800,+3.18, +1.421, +9.415,+0.990
1652515860,+3.18, +1.443, +9.414,+0.991
1652515920,+3.18, +1.475, +9.408,+0.991
1652515980,+3.18, +1.443, +9.421,+0.991
1652516040,+3.18, +1.421, +9.440,+0.991
1652516100,+3.18, +1.454, +9.417,+0.991
1652516160,+3.18, +1.475, +9.400,+0.991
1652516220,+3.18, +1.454, +9.412,+0.991
1652516280,+3.18, +1.443, +9.411,+0.991
1652516340,+3.18, +1.443, +9.426,+0.991
1652516400,+3.18, +1.421, +9.444,+0.992
1652516460,+3.18, +1.454, +9.424,+0.992
1652516520,+3.18, +1.443, +9.422,+0.991
1652516580,+3.18, +1.443, +9.421,+0.991
1652516640,+3.18, +1.421, +9.411,+0.990
1652516700,+3.18, +1.421, +9.423,+0.991
1652516760,+3.18, +1.443, +9.431,+0.992
1652516820,+3.18, +1.464, +9.416,+0.991
1652516880,+3.18, +1.486, +9.405,+0.991
1652516940,+3.18, +1.443, +9.417,+0.991
1652517000,+3.18, +1.454, +9.413,+0.991
1652517060,+3.18, +1.464, +9.413,+0.991
1652517120,+3.18, +1.454, +9.416,+0.991
1652517180,+3.18, +1.421, +9.421,+0.991
1652517240,+3.18, +1.421, +9.429,+0.991
1652517300,+3.18, +1.454, +9.417,+0.991
1652517360,+3.18, +1.496, +9.411,+0.992
1652517420,+3.18, +1.432, +9.426,+0.991
1652517480,+3.18, +1.464, +9.411,+0.991
1652517540,+3.18, +1.464, +9.412,+0.991
1652517600,+3.18, +1.464, +9.407,+0.991
1652517660,+3.18, +1.443, +9.421,+0.991
1652517720,+3.18, +1.454, +9.421,+0.991
1652517780,+3.18, +1.454, +9.404,+0.991
1652517840,+3.18, +1.454, +9.401,+0.991
1652517900,+3.18, +1.443, +9.413,+0.991
1652517960,+3.18, +1.443, +9.426,+0.991
1652518020,+3.18, +1.464, +9.426,+0.992
1652518080,+3.18, +1.464, +9.423,+0.992
1652518140,+3.18, +1.432, +9.411,+0.990
1652518200,+3.18, +1.411, +9.436,+0.991
1652518260,+3.18, +1.421, +9.429,+0.991
1652518320,+3.18, +1.464, +9.395,+0.990
1652518380,+3.18, +1.475, +9.405,+0.991
1652518440,+3.18, +1.464, +9.426,+0.992
1652518500,+3.18, +1.454, +9.420,+0.991
1652518560,+3.18, +1.475, +9.407,+0.991
1652518620,+3.18, +1.454, +9.416,+0.991
1652518680,+3.18, +1.454, +9.411,+0.991
1652518740,+3.18, +1.432, +9.425,+0.991
1652518800,+3.18, +1.454, +9.422,+0.992
1652518860,+3.18, +1.464, +9.418,+0.992
1652518920,+3.18, +1.432, +9.432,+0.991
1652518980,+3.18, +1.432, +9.420,+0.991
1652519040,+3.18, +1.475, +9.402,+0.991
1652519100,+3.18, +1.443, +9.414,+0.991
1652519160,+3.18, +1.443, +9.414,+0.991
1652519220,+3.18, +1.464, +9.418,+0.991
1652519280,+3.18, +1.443, +9.419,+0.991
1652519340,+3.18, +1.454, +9.401,+0.990
1652519400,+3.18, +1.443, +9.425,+0.991
1652519460,+3.18, +1.432, +9.425,+0.991
1652519520,+3.18, +1.464, +9.413,+0.991
1652519580,+3.18, +1.464, +9.401,+0.991
1652519640,+3.18, +1.411, +9.437,+0.991
1652519700,+3.18, +1.454, +9.417,+0.991
1652519760,+3.18, +1.475, +9.391,+0.990
1652519820,+3.18, +1.464, +9.416,+0.991
1652519880,+3.18, +1.421, +9.433,+0.991
1652519940,+3.18, +1.443, +9.428,+0.991
1652520000,+3.18, +1.454, +9.404,+0.990
1652520060,+3.18, +1.454, +9.418,+0.991
1652520120,+3.18, +1.454, +9.411,+0.991
1652520180,+3.18, +1.454, +9.421,+0.991
1652520240,+3.18, +1.432, +9.434,+0.991
1652520300,+3.18, +1.432, +9.413,+0.990
1652520360,+3.18, +1.464, +9.414,+0.991
1652520420,+3.18, +1.454, +9.415,+0.991
1652520480,+3.18, +1.421, +9.439,+0.991
1652520540,+3.18, +1.400, +9.449,+0.991
1652520600,+3.18, +1.432, +9.426,+0.991
1652520660,+3.18, +1.443, +9.424,+0.991
1652520720,+3.18, +1.421, +9.443,+0.992
1652520780,+3.18, +1.400, +9.445,+0.991
1652520840,+3.18, +1.454, +9.417,+0.991
1652520900,+3.18, +1.378, +9.448,+0.991
1652520960,+3.18, +1.432, +9.424,+0.990
1652521020,+3.18, +1.475, +9.406,+0.991
1652521080,+3.18, +1.443, +9.428,+0.991
1652521140,+3.18, +1.454, +9.433,+0.992
1652521200,+3.18, +1.432, +9.435,+0.991
1652521260,+3.18, +1.464, +9.408,+0.991
1652521320,+3.18, +1.432, +9.426,+0.991
1652521380,+3.18, +1.443, +9.424,+0.991
1652521440,+3.18, +1.443, +9.416,+0.990
1652521500,+3.18, +1.454, +9.422,+0.991
1652521560,+3.18, +1.421, +9.432,+0.991
1652521620,+3.18, +1.443, +9.418,+0.991
1652521680,+3.18, +1.443, +9.425,+0.991
1652521740,+3.18, +1.454, +9.419,+0.991
1652521800,+3.18, +1.432, +9.437,+0.992
1652521860,+3.18, +1.443, +9.434,+0.992
1652521920,+3.18, +1.464, +9.415,+0.991
1652521980,+3.18, +1.421, +9.421,+0.990
1652522040,+3.18, +1.475, +9.413,+0.991
1652522100,+3.18, +1.464, +9.418,+0.992
1652522160,+3.18, +1.389, +9.443,+0.991
1652522220,+3.18, +1.432, +9.426,+0.991
1652522280,+3.18, +1.432, +9.435,+0.991
1652522340,+3.18, +1.411, +9.430,+0.991
1652522400,+3.18, +1.432, +9.431,+0.991
1652522460,+3.18, +1.443, +9.428,+0.991
1652522520,+3.18, +1.432, +9.429,+0.991
1652522580,+3.18, +1.454, +9.393,+0.990
1652522640,+3.18, +1.443, +9.415,+0.991
1652522700,+3.18, +1.421, +9.424,+0.990
1652522760,+3.18, +1.443, +9.426,+0.991
1652522820,+3.18, +1.443, +9.416,+0.991
1652522880,+3.18, +1.443, +9.422,+0.991
1652522940,+3.18, +1.443, +9.407,+0.991
1652523000,+3.18, +1.454, +9.399,+0.991
1652523060,+3.18, +1.432, +9.429,+0.992
1652523120,+3.18, +1.411, +9.430,+0.991
1652523180,+3.18, +1.421, +9.433,+0.991
1652523240,+3.18, +1.464, +9.407,+0.991
1652523300,+3.18, +1.443, +9.429,+0.991
1652523360,+3.18, +1.411, +9.420,+0.991
1652523420,+3.18, +1.432, +9.420,+0.991
1652523480,+3.18, +1.454, +9.415,+0.991
1652523540,+3.18, +1.432, +9.410,+0.990
1652523600,+3.18, +1.443, +9.418,+0.991
1652523660,+3.18, +1.454, +9.406,+0.991
1652523720,+3.18, +1.411, +9.420,+0.991
1652523780,+3.18, +1.421, +9.421,+0.991
1652523840,+3.18, +1.432, +9.424,+0.991
1652523900,+3.18, +1.421, +9.421,+0.991
1652523960,+3.18, +1.443, +9.418,+0.991
1652524020,+3.18, +1.443, +9.417,+0.991
1652524080,+3.18, +1.454, +9.392,+0.990
1652524140,+3.18, +1.411, +9.432,+0.991
1652524200,+3.18, +1.443, +9.406,+0.991
1652524260,+3.18, +1.443, +9.408,+0.991
1652524320,+3.18, +1.454, +9.415,+0.991
1652524380,+3.18, +1.443, +9.415,+0.991
1652524440,+3.18, +1.464, +9.410,+0.991
1652524500,+3.18, +1.443, +9.421,+0.992
1652524560,+3.18, +1.432, +9.432,+0.992
1652524620,+3.18, +1.454, +9.417,+0.991
1652524680,+3.18, +1.421, +9.416,+0.991
1652524740,+3.18, +1.411, +9.420,+0.991
1652524800,+3.18, +1.421, +9.427,+0.991
1652524860,+3.18, +1.432, +9.414,+0.991
1652524920,+3.18, +1.421, +9.417,+0.991
1652524980,+3.18, +1.421, +9.420,+0.991
1652525040,+3.18, +1.443, +9.417,+0.991
1652525100,+3.18, +1.443, +9.418,+0.991
1652525160,+3.18, +1.443, +9.427,+0.992
1652525220,+3.18, +1.411, +9.419,+0.991
1652525280,+3.18, +1.389, +9.434,+0.991
1652525340,+3.18, +1.411, +9.428,+0.991
1652525400,+3.18, +1.400, +9.422,+0.990
1652525460,+3.18, +1.432, +9.418,+0.991
1652525520,+3.18, +1.443, +9.425,+0.992
1652525580,+3.18, +1.443, +9.414,+0.991
1652525640,+3.18, +1.443, +9.416,+0.991
1652525700,+3.18, +1.421, +9.430,+0.991
1652525760,+3.18, +1.443, +9.411,+0.991
1652525820,+3.18, +1.432, +9.418,+0.991
1652525880,+3.18, +1.432, +9.419,+0.991
1652525940,+3.18, +1.421, +9.410,+0.990
1652526000,+3.18, +1.400, +9.428,+0.991
1652526060,+3.18, +1.432, +9.421,+0.991
1652526120,+3.18, +1.443, +9.418,+0.991
1652526180,+3.18, +1.432, +9.411,+0.991
1652526240,+3.18, +1.443, +9.415,+0.991
1652526300,+3.17, +1.443, +9.402,+0.990
1652526360,+3.18, +1.432, +9.420,+0.991
1652526420,+3.18, +1.411, +9.421,+0.991
1652526480,+3.18, +1.443, +9.421,+0.991
1652526540,+3.18, +1.421, +9.424,+0.991
1652526600,+3.18, +1.400, +9.429,+0.991
1652526660,+3.18, +1.421, +9.427,+0.991
1652526720,+3.18, +1.411, +9.435,+0.991
1652526780,+3.18, +1.454, +9.419,+0.991
1652526840,+3.18, +1.421, +9.414,+0.991
1652526900,+3.18, +1.432, +9.411,+0.991
1652526960,+3.18, +1.443, +9.421,+0.991
1652527020,+3.18, +1.443, +9.422,+0.991
1652527080,+3.18, +1.421, +9.429,+0.991
1652527140,+3.18, +1.432, +9.412,+0.991
1652527200,+3.18, +1.432, +9.412,+0.990
1652527260,+3.18, +1.421, +9.419,+0.991
1652527320,+3.18, +1.421, +9.430,+0.991
1652527380,+3.18, +1.443, +9.418,+0.991
1652527440,+3.18, +1.443, +9.422,+0.991
1652527500,+3.18, +1.421, +9.421,+0.991
1652527560,+3.18, +1.411, +9.434,+0.991
1652527620,+3.18, +1.421, +9.432,+0.991
1652527680,+3.18, +1.411, +9.426,+0.991
1652527740,+3.18, +1.411, +9.428,+0.991
1652527800,+3.18, +1.432, +9.417,+0.991
1652527860,+3.18, +1.421, +9.435,+0.991
1652527920,+3.18, +1.400, +9.442,+0.991
1652527980,+3.18, +1.411, +9.440,+0.992
1652528040,+3.18, +1.400, +9.436,+0.991
1652528100,+3.18, +1.421, +9.432,+0.991
1652528160,+3.18, +1.411, +9.434,+0.991
1652528220,+3.18, +1.421, +9.426,+0.991
1652528280,+3.18, +1.411, +9.412,+0.990
1652528340,+3.18, +1.421, +9.426,+0.991
1652528400,+3.18, +1.421, +9.426,+0.991
1652528460,+3.18, +1.411, +9.429,+0.991
1652528520,+3.18, +1.421, +9.425,+0.991
1652528580,+3.18, +1.411, +9.431,+0.991
1652528640,+3.18, +1.378, +9.437,+0.991
1652528700,+3.18, +1.432, +9.423,+0.991
1652528760,+3.18, +1.421, +9.425,+0.991
1652528820,+3.18, +1.411, +9.425,+0.991
1652528880,+3.18, +1.432, +9.423,+0.991
1652528940,+3.18, +1.400, +9.427,+0.991
1652529000,+3.18, +1.400, +9.431,+0.991
1652529060,+3.18, +1.411, +9.433,+0.992
1652529120,+3.18, +1.421, +9.426,+0.991
1652529180,+3.18, +1.400, +9.438,+0.991
1652529240,+3.18, +1.357, +9.447,+0.991
1652529300,+3.18, +1.432, +9.411,+0.991
1652529360,+3.18, +1.421, +9.424,+0.991
1652529420,+3.18, +1.400, +9.439,+0.991
1652529480,+3.18, +1.443, +9.415,+0.991
1652529540,+3.18, +1.421, +9.417,+0.991
1652529600,+3.18, +1.400, +9.425,+0.991
1652529660,+3.18, +1.400, +9.427,+0.991
1652529720,+3.18, +1.411, +9.433,+0.991
1652529780,+3.18, +1.411, +9.423,+0.991
1652529840,+3.18, +1.411, +9.432,+0.991
1652529900,+3.18, +1.400, +9.438,+0.991
1652529960,+3.18, +1.411, +9.433,+0.991
1652530020,+3.18, +1.378, +9.434,+0.991
1652530080,+3.18, +1.400, +9.429,+0.991
1652530140,+3.18, +1.389, +9.442,+0.991
1652530200,+3.18, +1.400, +9.432,+0.991
1652530260,+3.18, +1.421, +9.417,+0.991
1652530320,+3.18, +1.421, +9.421,+0.991
1652530380,+3.18, +1.432, +9.421,+0.991
1652530440,+3.18, +1.411, +9.427,+0.991
1652530500,+3.18, +1.400, +9.452,+0.992
1652530560,+3.18, +1.400, +9.432,+0.991
1652530620,+3.18, +1.400, +9.440,+0.992
1652530680,+3.18, +1.400, +9.436,+0.991
1652530740,+3.18, +1.400, +9.416,+0.990
1652530800,+3.18, +1.389, +9.434,+0.991
1652530860,+3.18, +1.421, +9.425,+0.991
1652530920,+3.18, +1.421, +9.422,+0.991
1652530980,+3.18, +1.400, +9.429,+0.991
1652531040,+3.18, +1.411, +9.422,+0.990
1652531100,+3.18, +1.378, +9.460,+0.992
1652531160,+3.18, +1.368, +9.444,+0.991
1652531220,+3.18, +1.421, +9.425,+0.991
1652531280,+3.18, +1.389, +9.437,+0.991
1652531340,+3.18, +1.411, +9.419,+0.991
1652531400,+3.18, +1.368, +9.436,+0.991
1652531460,+3.18, +1.411, +9.436,+0.991
1652531520,+3.18, +1.400, +9.435,+0.991
1652531580,+3.18, +1.432, +9.424,+0.991
1652531640,+3.18, +1.411, +9.431,+0.991
1652531700,+3.18, +1.411, +9.426,+0.991
1652531760,+3.18, +1.400, +9.434,+0.991
1652531820,+3.18, +1.421, +9.427,+0.991
1652531880,+3.18, +1.400, +9.424,+0.991
1652531940,+3.18, +1.400, +9.438,+0.991
1652532000,+3.18, +1.411, +9.431,+0.991
1652532060,+3.18, +1.411, +9.428,+0.991
1652532120,+3.18, +1.411, +9.442,+0.992
1652532180,+3.18, +1.389, +9.447,+0.991
1652532240,+3.18, +1.411, +9.438,+0.991
1652532300,+3.18, +1.400, +9.430,+0.991
1652532360,+3.18, +1.400, +9.424,+0.991
1652532420,+3.18, +1.411, +9.437,+0.991
1652532480,+3.18, +1.400, +9.431,+0.991
1652532540,+3.18, +1.421, +9.432,+0.991
1652532600,+3.18, +1.400, +9.434,+0.991
1652532660,+3.18, +1.421, +9.430,+0.991
1652532720,+3.18, +1.411, +9.439,+0.991
1652532780,+3.18, +1.443, +9.418,+0.991
1652532840,+3.18, +1.378, +9.453,+0.991
1652532900,+3.18, +1.421, +9.431,+0.991
1652532960,+3.18, +1.421, +9.424,+0.991
1652533020,+3.18, +1.443, +9.414,+0.991
1652533080,+3.18, +1.432, +9.425,+0.991
1652533140,+3.18, +1.432, +9.420,+0.991
1652533200,+3.18, +1.421, +9.424,+0.991
1652533260,+3.18, +1.421, +9.437,+0.991
1652533320,+3.18, +1.411, +9.439,+0.991
1652533380,+3.18, +1.432, +9.419,+0.991
1652533440,+3.17, +1.411, +9.436,+0.991
1652533500,+3.18, +1.389, +9.449,+0.991
1652533560,+3.18, +1.421, +9.429,+0.991
1652533620,+3.18, +1.411, +9.427,+0.990
1652533680,+3.18, +1.411, +9.441,+0.991
1652533740,+3.18, +1.454, +9.412,+0.991
1652533800,+3.18, +1.421, +9.434,+0.991
1652533860,+3.18, +1.389, +9.429,+0.990
1652533920,+3.18, +1.464, +9.415,+0.991
1652533980,+3.18, +1.411, +9.439,+0.991
1652534040,+3.18, +1.432, +9.417,+0.991
1652534100,+3.18, +1.475, +9.414,+0.991
1652534160,+3.18, +1.421, +9.426,+0.990
1652534220,+3.18, +1.443, +9.429,+0.991
1652534280,+3.18, +1.454, +9.408,+0.990
1652534340,+3.18, +1.421, +9.442,+0.991
1652534400,+3.18, +1.443, +9.424,+0.991
1652534460,+3.18, +1.443, +9.428,+0.991
1652534520,+3.18, +1.432, +9.429,+0.991
1652534580,+3.18, +1.443, +9.431,+0.991
1652534640,+3.18, +1.454, +9.427,+0.991
1652534700,+3.18, +1.454, +9.428,+0.991
1652534760,+3.18, +1.486, +9.412,+0.991
1652534820,+3.18, +1.443, +9.431,+0.991
1652534880,+3.18, +1.464, +9.418,+0.991
1652534940,+3.18, +1.454, +9.436,+0.992
1652535000,+3.18, +1.421, +9.455,+0.992
1652535060,+3.18, +1.486, +9.427,+0.992
1652535120,+3.18, +1.454, +9.434,+0.991
1652535180,+3.18, +1.454, +9.424,+0.991
1652535240,+3.18, +1.464, +9.423,+0.991
1652535300,+3.18, +1.454, +9.431,+0.991
1652535360,+3.18, +1.475, +9.429,+0.991
1652535420,+3.18, +1.475, +9.429,+0.991
1652535480,+3.18, +1.475, +9.417,+0.991
1652535540,+3.18, +1.507, +9.419,+0.991
1652535600,+3.18, +1.486, +9.410,+0.991
1652535660,+3.18, +1.464, +9.433,+0.991
1652535720,+3.18, +1.518, +9.410,+0.991
1652535780,+3.18, +1.496, +9.414,+0.991
1652535840,+3.18, +1.464, +9.424,+0.991
1652535900,+3.18, +1.486, +9.416,+0.991
1652535960,+3.18, +1.486, +9.418,+0.991
1652536020,+3.18, +1.486, +9.414,+0.991
1652536080,+3.18, +1.475, +9.430,+0.991
1652536140,+3.18, +1.454, +9.436,+0.991
1652536200,+3.18, +1.507, +9.426,+0.992
1652536260,+3.18, +1.475, +9.430,+0.991
1652536320,+3.18, +1.496, +9.423,+0.991
1652536380,+3.18, +1.518, +9.412,+0.991
1652536440,+3.18, +1.486, +9.430,+0.991
1652536500,+3.18, +1.529, +9.419,+0.991
1652536560,+3.18, +1.486, +9.420,+0.990
1652536620,+3.18, +1.507, +9.423,+0.991
1652536680,+3.18, +1.518, +9.418,+0.991
1652536740,+3.18, +1.518, +9.426,+0.991
1652536800,+3.18, +1.507, +9.413,+0.990
1652536860,+3.18, +1.507, +9.412,+0.990
1652536920,+3.17, +1.529, +9.417,+0.991
1652536980,+3.18, +1.529, +9.426,+0.992
1652537040,+3.18, +1.529, +9.426,+0.992
1652537100,+3.18, +1.529, +9.416,+0.991
1652537160,+3.18, +1.507, +9.422,+0.991
1652537220,+3.18, +1.518, +9.414,+0.991
1652537280,+3.18, +1.539, +9.404,+0.990
1652537340,+3.18, +1.539, +9.400,+0.990
1652537400,+3.18, +1.550, +9.397,+0.990
1652537460,+3.18, +1.529, +9.408,+0.990
1652537520,+3.18, +1.529, +9.411,+0.991
1652537580,+3.18, +1.582, +9.397,+0.991
1652537640,+3.18, +1.561, +9.402,+0.991
1652537700,+3.18, +1.550, +9.408,+0.991
1652537760,+3.18, +1.561, +9.407,+0.991
1652537820,+3.18, +1.550, +9.408,+0.991
1652537880,+3.18, +1.582, +9.401,+0.991
1652537940,+3.18, +1.561, +9.412,+0.991
1652538000,+3.18, +1.582, +9.405,+0.991
1652538060,+3.18, +1.561, +9.407,+0.991
1652538120,+3.18, +1.561, +9.412,+0.991
1652538180,+3.18, +1.571, +9.408,+0.991
1652538240,+3.18, +1.593, +9.395,+0.991
1652538300,+3.17, +1.582, +9.408,+0.991
1652538360,+3.18, +1.604, +9.402,+0.991
1652538420,+3.18, +1.604, +9.403,+0.991
1652538480,+3.18, +1.593, +9.409,+0.991
1652538540,+3.18, +1.593, +9.405,+0.991
1652538600,+3.18, +1.625, +9.380,+0.990
1652538660,+3.18, +1.614, +9.397,+0.991
1652538720,+3.18, +1.604, +9.402,+0.991
1652538780,+3.18, +1.593, +9.415,+0.991
1652538840,+3.18, +1.604, +9.394,+0.991
1652538900,+3.18, +1.625, +9.388,+0.991
1652538960,+3.18, +1.636, +9.390,+0.991
1652539020,+3.18, +1.604, +9.399,+0.991
1652539080,+3.18, +1.604, +9.397,+0.991
1652539140,+3.18, +1.604, +9.396,+0.990
1652539200,+3.18, +1.625, +9.401,+0.991
1652539260,+3.18, +1.614, +9.402,+0.991
1652539320,+3.18, +1.625, +9.397,+0.991
1652539380,+3.18, +1.636, +9.397,+0.991
1652539440,+3.18, +1.646, +9.378,+0.990
1652539500,+3.18, +1.636, +9.381,+0.990
1652539560,+3.17, +1.678, +9.375,+0.990
1652539620,+3.18, +1.668, +9.374,+0.990
1652539680,+3.18, +1.657, +9.385,+0.991
1652539740,+3.18, +1.604, +9.392,+0.990
1652539800,+3.18, +1.678, +9.376,+0.990
1652539860,+3.18, +1.678, +9.386,+0.991
1652539920,+3.18, +1.657, +9.384,+0.990
1652539980,+3.18, +1.689, +9.378,+0.991
1652540040,+3.18, +1.668, +9.389,+0.991
1652540100,+3.18, +1.678, +9.381,+0.991
1652540160,+3.18, +1.678, +9.376,+0.990
1652540220,+3.18, +1.700, +9.370,+0.990
1652540280,+3.18, +1.700, +9.376,+0.990
1652540340,+3.18, +1.710, +9.375,+0.991
1652540400,+3.18, +1.732, +9.356,+0.990
1652540460,+3.18, +1.657, +9.382,+0.990
1652540520,+3.18, +1.700, +9.377,+0.990
1652540580,+3.18, +1.710, +9.380,+0.990
1652540640,+3.18, +1.721, +9.362,+0.990
1652540700,+3.18, +1.721, +9.357,+0.990
1652540760,+3.18, +1.732, +9.361,+0.990
1652540820,+3.18, +1.732, +9.378,+0.991
1652540880,+3.18, +1.764, +9.362,+0.991
