7392-928226
OS REV: 1.11 Sensor Cal: 1496933196
Time (sec),  BV (Volts),  T (deg C),  DO (mg/l),  Q ()
1652108940,+3.21, +1.636, +9.160,+0.991
1652109000,+3.21, +1.625, +9.168,+0.991
1652109060,+3.21, +1.636, +9.167,+0.991
1652109120,+3.21, +1.646, +9.164,+0.991
1652109180,+3.21, +1.636, +9.175,+0.991
1652109240,+3.21, +1.668, +9.160,+0.991
1652109300,+3.21, +1.625, +9.155,+0.990
1652109360,+3.20, +1.604, +9.188,+0.992
1652109420,+3.21, +1.636, +9.161,+0.991
1652109480,+3.21, +1.636, +9.162,+0.991
1652109540,+3.21, +1.646, +9.166,+0.991
1652109600,+3.21, +1.636, +9.154,+0.990
1652109660,+3.21, +1.636, +9.163,+0.991
1652109720,+3.20, +1.657, +9.167,+0.991
1652109780,+3.21, +1.604, +9.164,+0.990
1652109840,+3.21, +1.636, +9.170,+0.991
1652109900,+3.21, +1.604, +9.180,+0.991
1652109960,+3.20, +1.625, +9.172,+0.991
1652110020,+3.21, +1.657, +9.168,+0.991
1652110080,+3.21, +1.646, +9.156,+0.991
1652110140,+3.20, +1.636, +9.170,+0.991
1652110200,+3.20, +1.636, +9.166,+0.991
1652110260,+3.21, +1.625, +9.162,+0.990
1652110320,+3.21, +1.625, +9.167,+0.991
1652110380,+3.21, +1.625, +9.169,+0.991
1652110440,+3.20, +1.646, +9.170,+0.991
1652110500,+3.21, +1.636, +9.167,+0.991
1652110560,+3.21, +1.614, +9.179,+0.991
1652110620,+3.21, +1.614, +9.174,+0.991
1652110680,+3.20, +1.614, +9.160,+0.990
1652110740,+3.21, +1.604, +9.186,+0.991
1652110800,+3.21, +1.636, +9.157,+0.990
1652110860,+3.21, +1.636, +9.173,+0.991
1652110920,+3.21, +1.636, +9.182,+0.991
1652110980,+3.21, +1.625, +9.163,+0.990
1652111040,+3.20, +1.604, +9.178,+0.990
1652111100,+3.20, +1.614, +9.174,+0.991
1652111160,+3.21, +1.646, +9.172,+0.991
1652111220,+3.21, +1.646, +9.153,+0.990
1652111280,+3.21, +1.636, +9.158,+0.990
1652111340,+3.21, +1.636, +9.168,+0.991
1652111400,+3.21, +1.636, +9.172,+0.991
1652111460,+3.21, +1.678, +9.156,+0.991
1652111520,+3.21, +1.625, +9.174,+0.991
1652111580,+3.21, +1.668, +9.165,+0.991
1652111640,+3.21, +1.636, +9.165,+0.991
1652111700,+3.21, +1.657, +9.166,+0.991
1652111760,+3.20, +1.614, +9.179,+0.991
1652111820,+3.20, +1.657, +9.162,+0.991
1652111880,+3.21, +1.657, +9.163,+0.991
1652111940,+3.21, +1.657, +9.153,+0.991
1652112000,+3.21, +1.646, +9.153,+0.990
1652112060,+3.21, +1.668, +9.170,+0.992
1652112120,+3.21, +1.657, +9.161,+0.991
1652112180,+3.21, +1.646, +9.158,+0.991
1652112240,+3.21, +1.668, +9.172,+0.991
1652112300,+3.21, +1.657, +9.172,+0.991
1652112360,+3.21, +1.657, +9.171,+0.991
1652112420,+3.21, +1.668, +9.166,+0.991
1652112480,+3.21, +1.646, +9.171,+0.991
1652112540,+3.21, +1.678, +9.165,+0.991
1652112600,+3.21, +1.678, +9.162,+0.991
1652112660,+3.21, +1.625, +9.175,+0.990
1652112720,+3.21, +1.668, +9.167,+0.991
1652112780,+3.21, +1.689, +9.154,+0.991
1652112840,+3.21, +1.678, +9.161,+0.991
1652112900,+3.21, +1.668, +9.160,+0.990
1652112960,+3.21, +1.668, +9.172,+0.991
1652113020,+3.21, +1.700, +9.157,+0.991
1652113080,+3.21, +1.678, +9.165,+0.991
1652113140,+3.21, +1.700, +9.153,+0.991
1652113200,+3.21, +1.668, +9.162,+0.990
1652113260,+3.20, +1.668, +9.155,+0.991
1652113320,+3.20, +1.646, +9.143,+0.990
1652113380,+3.21, +1.582, +9.159,+0.990
1652113440,+3.21, +1.604, +9.174,+0.991
1652113500,+3.21, +1.614, +9.178,+0.991
1652113560,+3.20, +1.614, +9.186,+0.991
1652113620,+3.21, +1.657, +9.173,+0.991
1652113680,+3.20, +1.604, +8.955,+0.990
1652113740,+3.21, +1.389, +9.106,+0.990
1652113800,+3.21, +1.443, +9.157,+0.991
1652113860,+3.21, +1.518, +9.191,+0.991
1652113920,+3.20, +1.561, +9.183,+0.991
1652113980,+3.21, +1.625, +9.179,+0.991
1652114040,+3.21, +1.657, +9.178,+0.991
1652114100,+3.21, +1.657, +9.177,+0.991
1652114160,+3.21, +1.689, +9.158,+0.991
1652114220,+3.21, +1.700, +9.159,+0.991
1652114280,+3.21, +1.700, +9.177,+0.992
1652114340,+3.20, +1.678, +9.167,+0.991
1652114400,+3.20, +1.721, +9.160,+0.991
1652114460,+3.20, +1.721, +9.161,+0.991
1652114520,+3.20, +1.732, +9.155,+0.991
1652114580,+3.20, +1.732, +9.157,+0.991
1652114640,+3.21, +1.742, +9.142,+0.990
1652114700,+3.21, +1.742, +9.152,+0.991
1652114760,+3.20, +1.753, +9.140,+0.991
1652114820,+3.21, +1.689, +9.180,+0.991
1652114880,+3.21, +1.732, +9.155,+0.991
1652114940,+3.20, +1.721, +9.162,+0.991
1652115000,+3.21, +1.732, +9.157,+0.991
1652115060,+3.20, +1.721, +9.169,+0.991
1652115120,+3.20, +1.764, +9.149,+0.991
1652115180,+3.20, +1.774, +9.139,+0.991
1652115240,+3.21, +1.753, +9.156,+0.991
1652115300,+3.21, +1.774, +9.137,+0.990
1652115360,+3.21, +1.742, +9.155,+0.991
1652115420,+3.21, +1.796, +9.139,+0.991
1652115480,+3.21, +1.785, +9.146,+0.991
1652115540,+3.20, +1.742, +9.160,+0.991
1652115600,+3.20, +1.796, +9.155,+0.991
1652115660,+3.21, +1.774, +9.156,+0.991
1652115720,+3.20, +1.796, +9.149,+0.991
1652115780,+3.20, +1.785, +9.150,+0.991
1652115840,+3.20, +1.806, +9.136,+0.991
1652115900,+3.20, +1.806, +9.134,+0.990
1652115960,+3.20, +1.764, +9.159,+0.990
1652116020,+3.21, +1.806, +9.159,+0.991
1652116080,+3.21, +1.753, +9.178,+0.991
1652116140,+3.21, +1.806, +9.149,+0.991
1652116200,+3.20, +1.849, +9.132,+0.991
1652116260,+3.20, +1.796, +9.140,+0.991
1652116320,+3.21, +1.806, +9.128,+0.990
1652116380,+3.20, +1.806, +9.148,+0.991
1652116440,+3.21, +1.828, +9.144,+0.991
1652116500,+3.20, +1.817, +9.145,+0.991
1652116560,+3.20, +1.806, +9.144,+0.991
1652116620,+3.21, +1.785, +9.148,+0.990
1652116680,+3.20, +1.806, +9.149,+0.991
1652116740,+3.21, +1.806, +9.141,+0.991
1652116800,+3.20, +1.838, +9.137,+0.991
1652116860,+3.21, +1.828, +9.151,+0.991
1652116920,+3.20, +1.838, +9.150,+0.991
1652116980,+3.20, +1.828, +9.140,+0.990
1652117040,+3.21, +1.838, +9.137,+0.991
1652117100,+3.20, +1.860, +9.122,+0.990
1652117160,+3.20, +1.849, +9.139,+0.991
1652117220,+3.21, +1.849, +9.136,+0.991
1652117280,+3.21, +1.860, +9.129,+0.991
1652117340,+3.20, +1.849, +9.138,+0.991
1652117400,+3.21, +1.817, +9.149,+0.991
1652117460,+3.21, +1.860, +9.123,+0.991
1652117520,+3.20, +1.806, +9.150,+0.991
1652117580,+3.21, +1.838, +9.142,+0.991
1652117640,+3.21, +1.806, +9.141,+0.991
1652117700,+3.21, +1.828, +9.120,+0.990
1652117760,+3.21, +1.838, +9.141,+0.991
1652117820,+3.20, +1.849, +9.118,+0.991
1652117880,+3.21, +1.774, +9.038,+0.990
1652117940,+3.20, +1.668, +9.053,+0.990
1652118000,+3.21, +1.636, +9.077,+0.990
1652118060,+3.21, +1.614, +9.122,+0.990
1652118120,+3.21, +1.668, +9.137,+0.991
1652118180,+3.20, +1.668, +9.154,+0.991
1652118240,+3.21, +1.721, +9.142,+0.990
1652118300,+3.20, +1.753, +9.152,+0.991
1652118360,+3.20, +1.785, +9.154,+0.991
1652118420,+3.21, +1.817, +9.148,+0.991
1652118480,+3.21, +1.860, +9.122,+0.991
1652118540,+3.20, +1.828, +9.142,+0.991
1652118600,+3.20, +1.881, +9.128,+0.991
1652118660,+3.21, +1.891, +9.130,+0.991
1652118720,+3.21, +1.891, +9.132,+0.991
1652118780,+3.20, +1.923, +9.116,+0.991
1652118840,+3.20, +1.955, +9.117,+0.991
1652118900,+3.21, +1.955, +9.115,+0.991
1652118960,+3.20, +1.955, +9.114,+0.991
1652119020,+3.21, +2.008, +9.107,+0.991
1652119080,+3.20, +1.998, +9.114,+0.991
1652119140,+3.20, +2.008, +9.117,+0.992
1652119200,+3.20, +2.008, +9.116,+0.991
1652119260,+3.20, +2.019, +9.081,+0.991
1652119320,+3.21, +2.019, +9.094,+0.991
1652119380,+3.21, +2.040, +9.083,+0.990
1652119440,+3.20, +2.019, +9.103,+0.991
1652119500,+3.20, +2.040, +9.090,+0.991
1652119560,+3.21, +2.061, +9.090,+0.991
1652119620,+3.20, +2.072, +9.091,+0.991
1652119680,+3.20, +2.093, +9.076,+0.991
1652119740,+3.20, +2.061, +9.100,+0.991
1652119800,+3.21, +2.093, +9.085,+0.991
1652119860,+3.20, +2.051, +9.097,+0.991
1652119920,+3.21, +2.093, +9.099,+0.992
1652119980,+3.21, +2.125, +9.083,+0.991
1652120040,+3.20, +2.104, +9.092,+0.991
1652120100,+3.21, +2.104, +9.096,+0.991
1652120160,+3.20, +2.104, +9.094,+0.991
1652120220,+3.20, +2.125, +9.075,+0.990
1652120280,+3.20, +2.135, +9.085,+0.991
1652120340,+3.20, +2.157, +9.075,+0.991
1652120400,+3.20, +2.167, +9.062,+0.991
1652120460,+3.20, +2.157, +9.074,+0.991
1652120520,+3.20, +2.167, +9.072,+0.991
1652120580,+3.20, +2.135, +9.073,+0.990
1652120640,+3.20, +2.167, +9.078,+0.991
1652120700,+3.20, +2.209, +9.063,+0.991
1652120760,+3.20, +2.178, +9.060,+0.991
1652120820,+3.20, +2.167, +9.070,+0.991
1652120880,+3.20, +2.135, +9.062,+0.990
1652120940,+3.20, +2.135, +9.050,+0.990
1652121000,+3.20, +2.072, +9.080,+0.991
1652121060,+3.20, +2.082, +9.088,+0.991
1652121120,+3.20, +2.051, +9.108,+0.991
1652121180,+3.20, +2.104, +9.084,+0.990
1652121240,+3.20, +2.104, +9.092,+0.991
1652121300,+3.20, +2.157, +9.070,+0.991
1652121360,+3.20, +2.135, +9.088,+0.991
1652121420,+3.20, +2.157, +9.076,+0.990
1652121480,+3.20, +2.146, +9.093,+0.991
1652121540,+3.20, +2.188, +9.075,+0.991
1652121600,+3.21, +2.199, +9.080,+0.991
1652121660,+3.20, +2.188, +9.076,+0.991
1652121720,+3.20, +2.188, +9.068,+0.991
1652121780,+3.20, +2.241, +9.067,+0.992
1652121840,+3.20, +2.220, +9.076,+0.991
1652121900,+3.20, +2.252, +9.066,+0.991
1652121960,+3.20, +2.230, +9.062,+0.990
1652122020,+3.20, +2.252, +9.068,+0.991
1652122080,+3.20, +2.241, +9.077,+0.991
1652122140,+3.20, +2.273, +9.067,+0.991
1652122200,+3.20, +2.283, +9.045,+0.990
1652122260,+3.21, +2.294, +9.054,+0.991
1652122320,+3.20, +2.283, +9.045,+0.991
1652122380,+3.20, +2.325, +9.029,+0.991
1652122440,+3.20, +2.315, +9.039,+0.991
1652122500,+3.20, +2.304, +9.050,+0.991
1652122560,+3.20, +2.294, +9.054,+0.991
1652122620,+3.21, +2.304, +9.040,+0.991
1652122680,+3.20, +2.273, +9.048,+0.990
1652122740,+3.20, +2.283, +9.063,+0.991
1652122800,+3.20, +2.283, +9.041,+0.990
1652122860,+3.21, +2.294, +9.042,+0.991
1652122920,+3.20, +2.325, +9.049,+0.991
1652122980,+3.20, +2.304, +9.039,+0.991
1652123040,+3.20, +2.304, +9.049,+0.991
1652123100,+3.20, +2.262, +9.061,+0.991
1652123160,+3.20, +2.294, +9.052,+0.991
1652123220,+3.20, +2.304, +9.039,+0.991
1652123280,+3.20, +2.304, +9.047,+0.991
1652123340,+3.20, +2.336, +9.046,+0.991
1652123400,+3.20, +2.325, +9.037,+0.991
1652123460,+3.20, +2.325, +9.036,+0.991
1652123520,+3.20, +2.325, +9.057,+0.992
1652123580,+3.20, +2.357, +9.031,+0.991
1652123640,+3.20, +2.346, +9.049,+0.992
1652123700,+3.20, +2.315, +9.045,+0.991
1652123760,+3.20, +2.357, +9.033,+0.991
1652123820,+3.20, +2.368, +9.036,+0.991
1652123880,+3.20, +2.368, +9.036,+0.991
1652123940,+3.20, +2.368, +9.010,+0.990
1652124000,+3.20, +2.357, +9.038,+0.991
1652124060,+3.20, +2.357, +9.031,+0.991
1652124120,+3.20, +2.346, +9.045,+0.991
1652124180,+3.20, +2.368, +9.032,+0.991
1652124240,+3.20, +2.336, +9.033,+0.990
1652124300,+3.20, +2.357, +9.033,+0.991
1652124360,+3.20, +2.325, +9.048,+0.991
1652124420,+3.20, +2.294, +9.060,+0.991
1652124480,+3.20, +2.315, +9.054,+0.991
1652124540,+3.20, +2.325, +9.042,+0.991
1652124600,+3.20, +2.357, +9.038,+0.991
1652124660,+3.20, +2.346, +9.036,+0.991
1652124720,+3.20, +2.346, +9.044,+0.991
1652124780,+3.20, +2.336, +9.046,+0.991
1652124840,+3.21, +2.336, +9.045,+0.991
1652124900,+3.20, +2.368, +9.044,+0.991
1652124960,+3.20, +2.368, +9.031,+0.990
1652125020,+3.20, +2.399, +9.026,+0.991
1652125080,+3.20, +2.399, +9.022,+0.991
1652125140,+3.20, +2.389, +9.040,+0.991
1652125200,+3.20, +2.431, +9.009,+0.990
1652125260,+3.20, +2.431, +9.025,+0.991
1652125320,+3.20, +2.399, +8.990,+0.990
1652125380,+3.20, +2.357, +8.993,+0.990
1652125440,+3.20, +2.325, +9.038,+0.991
1652125500,+3.20, +2.378, +9.029,+0.991
1652125560,+3.20, +2.399, +9.022,+0.991
1652125620,+3.20, +2.410, +9.035,+0.991
1652125680,+3.20, +2.462, +9.006,+0.990
1652125740,+3.20, +2.420, +9.015,+0.990
1652125800,+3.20, +2.431, +9.034,+0.991
1652125860,+3.20, +2.473, +9.011,+0.991
1652125920,+3.20, +2.462, +9.015,+0.991
1652125980,+3.20, +2.420, +9.015,+0.990
1652126040,+3.20, +2.473, +9.015,+0.991
1652126100,+3.20, +2.420, +9.024,+0.991
1652126160,+3.20, +2.452, +9.016,+0.991
1652126220,+3.20, +2.420, +9.026,+0.991
1652126280,+3.20, +2.441, +9.000,+0.990
1652126340,+3.20, +2.431, +9.024,+0.991
1652126400,+3.20, +2.452, +9.020,+0.991
1652126460,+3.20, +2.431, +9.019,+0.991
1652126520,+3.20, +2.389, +9.031,+0.990
1652126580,+3.20, +2.441, +9.032,+0.992
1652126640,+3.20, +2.462, +9.001,+0.991
1652126700,+3.20, +2.462, +9.008,+0.991
1652126760,+3.20, +2.431, +9.013,+0.991
1652126820,+3.20, +2.378, +9.046,+0.992
1652126880,+3.20, +2.431, +9.023,+0.991
1652126940,+3.20, +2.420, +9.012,+0.991
1652127000,+3.20, +2.399, +9.012,+0.991
1652127060,+3.20, +2.389, +9.021,+0.990
1652127120,+3.20, +2.399, +9.018,+0.990
1652127180,+3.20, +2.410, +9.039,+0.991
1652127240,+3.20, +2.462, +9.007,+0.991
1652127300,+3.21, +2.431, +9.027,+0.991
1652127360,+3.20, +2.473, +9.008,+0.991
1652127420,+3.20, +2.462, +9.001,+0.990
1652127480,+3.20, +2.473, +8.989,+0.990
1652127540,+3.21, +2.441, +9.020,+0.991
1652127600,+3.20, +2.431, +9.020,+0.990
1652127660,+3.20, +2.431, +8.993,+0.989
1652127720,+3.20, +2.389, +9.015,+0.990
1652127780,+3.20, +2.399, +9.018,+0.990
1652127840,+3.20, +2.399, +9.008,+0.990
1652127900,+3.20, +2.378, +9.015,+0.990
1652127960,+3.20, +2.378, +9.023,+0.990
1652128020,+3.20, +2.368, +9.019,+0.990
1652128080,+3.20, +2.378, +9.023,+0.990
1652128140,+3.20, +2.378, +9.020,+0.990
1652128200,+3.20, +2.389, +9.014,+0.990
1652128260,+3.20, +2.378, +9.022,+0.990
1652128320,+3.20, +2.410, +9.022,+0.990
1652128380,+3.20, +2.399, +9.033,+0.991
1652128440,+3.20, +2.420, +9.022,+0.990
1652128500,+3.20, +2.420, +9.018,+0.990
1652128560,+3.20, +2.410, +9.028,+0.991
1652128620,+3.20, +2.399, +9.025,+0.990
1652128680,+3.20, +2.420, +9.016,+0.990
1652128740,+3.20, +2.441, +8.996,+0.990
1652128800,+3.20, +2.389, +8.982,+0.990
1652128860,+3.20, +2.304, +8.950,+0.989
1652128920,+3.20, +2.178, +8.974,+0.989
1652128980,+3.20, +2.104, +9.017,+0.989
1652129040,+3.20, +2.040, +9.039,+0.989
1652129100,+3.20, +2.029, +9.022,+0.989
1652129160,+3.20, +1.998, +9.045,+0.990
1652129220,+3.20, +1.976, +9.054,+0.990
1652129280,+3.20, +1.955, +9.090,+0.990
1652129340,+3.20, +1.998, +9.059,+0.989
1652129400,+3.20, +2.008, +9.069,+0.990
1652129460,+3.21, +2.008, +9.083,+0.990
1652129520,+3.20, +2.008, +9.097,+0.990
1652129580,+3.20, +2.061, +9.080,+0.991
1652129640,+3.20, +2.093, +9.068,+0.990
1652129700,+3.20, +2.125, +9.092,+0.991
1652129760,+3.20, +2.157, +9.079,+0.991
1652129820,+3.20, +2.241, +9.049,+0.991
1652129880,+3.20, +2.241, +9.053,+0.991
1652129940,+3.20, +2.220, +9.048,+0.990
1652130000,+3.20, +2.199, +9.047,+0.990
1652130060,+3.20, +2.188, +9.036,+0.990
1652130120,+3.20, +2.125, +9.082,+0.991
1652130180,+3.20, +2.114, +9.064,+0.990
1652130240,+3.20, +2.157, +9.081,+0.991
1652130300,+3.20, +2.188, +9.074,+0.991
1652130360,+3.20, +2.209, +9.071,+0.991
1652130420,+3.20, +2.241, +9.063,+0.991
1652130480,+3.20, +2.252, +9.055,+0.991
1652130540,+3.20, +2.241, +9.056,+0.991
1652130600,+3.20, +2.230, +9.073,+0.991
1652130660,+3.20, +2.241, +9.068,+0.991
1652130720,+3.20, +2.262, +9.052,+0.991
1652130780,+3.20, +2.273, +9.054,+0.991
1652130840,+3.20, +2.241, +9.066,+0.991
1652130900,+3.20, +2.283, +9.054,+0.991
1652130960,+3.20, +2.273, +9.063,+0.991
1652131020,+3.20, +2.252, +9.054,+0.990
1652131080,+3.20, +2.262, +9.057,+0.991
1652131140,+3.20, +2.252, +9.065,+0.991
1652131200,+3.20, +2.273, +9.056,+0.991
1652131260,+3.20, +2.283, +9.041,+0.991
1652131320,+3.20, +2.167, +8.982,+0.991
1652131380,+3.20, +2.051, +8.996,+0.990
1652131440,+3.20, +1.998, +9.078,+0.991
1652131500,+3.20, +2.029, +9.078,+0.990
1652131560,+3.20, +2.072, +9.084,+0.991
1652131620,+3.21, +2.082, +9.079,+0.990
1652131680,+3.20, +2.125, +9.073,+0.991
1652131740,+3.20, +2.125, +9.089,+0.991
1652131800,+3.20, +2.146, +9.078,+0.991
1652131860,+3.20, +2.125, +9.089,+0.991
1652131920,+3.20, +2.167, +9.085,+0.991
1652131980,+3.20, +2.146, +9.096,+0.991
1652132040,+3.20, +2.188, +9.070,+0.991
1652132100,+3.20, +2.167, +9.082,+0.991
1652132160,+3.20, +2.188, +9.073,+0.991
1652132220,+3.20, +2.157, +9.077,+0.991
1652132280,+3.20, +2.167, +9.073,+0.991
1652132340,+3.20, +2.146, +9.057,+0.991
1652132400,+3.20, +2.072, +9.067,+0.990
1652132460,+3.20, +1.934, +9.109,+0.990
1652132520,+3.20, +1.860, +9.128,+0.990
1652132580,+3.20, +1.828, +9.123,+0.989
1652132640,+3.20, +1.753, +9.173,+0.991
1652132700,+3.20, +1.774, +9.166,+0.990
1652132760,+3.20, +1.806, +9.166,+0.991
1652132820,+3.20, +1.828, +9.163,+0.991
1652132880,+3.20, +1.860, +9.151,+0.991
1652132940,+3.20, +1.881, +9.147,+0.991
1652133000,+3.20, +1.913, +9.140,+0.991
1652133060,+3.20, +1.860, +9.160,+0.991
1652133120,+3.20, +1.902, +9.129,+0.990
1652133180,+3.20, +1.902, +9.127,+0.990
1652133240,+3.20, +1.881, +9.139,+0.990
1652133300,+3.20, +1.891, +9.153,+0.991
1652133360,+3.20, +1.881, +9.159,+0.991
1652133420,+3.20, +1.913, +9.145,+0.991
1652133480,+3.20, +1.902, +9.150,+0.991
1652133540,+3.20, +1.902, +9.136,+0.990
1652133600,+3.20, +1.923, +9.142,+0.991
1652133660,+3.20, +1.902, +9.144,+0.990
1652133720,+3.20, +1.923, +9.130,+0.991
1652133780,+3.20, +1.881, +9.152,+0.991
1652133840,+3.20, +1.923, +9.142,+0.991
1652133900,+3.20, +1.902, +9.137,+0.991
1652133960,+3.20, +1.923, +9.148,+0.991
1652134020,+3.20, +1.881, +9.150,+0.991
1652134080,+3.20, +1.902, +9.154,+0.991
1652134140,+3.20, +1.923, +9.141,+0.991
1652134200,+3.20, +1.913, +9.139,+0.991
1652134260,+3.20, +1.902, +9.150,+0.991
1652134320,+3.20, +1.881, +9.161,+0.991
1652134380,+3.20, +1.913, +9.133,+0.990
1652134440,+3.20, +1.891, +9.148,+0.991
1652134500,+3.20, +1.913, +9.135,+0.990
1652134560,+3.20, +1.881, +9.156,+0.991
1652134620,+3.20, +1.881, +9.139,+0.990
1652134680,+3.20, +1.902, +9.135,+0.991
1652134740,+3.20, +1.902, +9.142,+0.991
1652134800,+3.20, +1.891, +9.141,+0.991
1652134860,+3.20, +1.891, +9.138,+0.990
1652134920,+3.20, +1.923, +9.140,+0.991
1652134980,+3.20, +1.902, +9.151,+0.991
1652135040,+3.20, +1.902, +9.147,+0.991
1652135100,+3.20, +1.902, +9.131,+0.990
1652135160,+3.20, +1.891, +9.155,+0.991
1652135220,+3.20, +1.860, +9.175,+0.992
1652135280,+3.20, +1.934, +9.130,+0.991
1652135340,+3.20, +1.902, +9.148,+0.991
1652135400,+3.20, +1.913, +9.140,+0.991
1652135460,+3.20, +1.913, +9.140,+0.991
1652135520,+3.20, +1.902, +9.156,+0.992
1652135580,+3.20, +1.891, +9.146,+0.991
1652135640,+3.20, +1.902, +9.146,+0.991
1652135700,+3.21, +1.902, +9.137,+0.991
1652135760,+3.20, +1.860, +9.154,+0.991
1652135820,+3.20, +1.891, +9.150,+0.991
1652135880,+3.20, +1.913, +9.126,+0.991
1652135940,+3.20, +1.881, +9.156,+0.991
1652136000,+3.20, +1.870, +9.161,+0.991
1652136060,+3.20, +1.913, +9.142,+0.991
1652136120,+3.20, +1.849, +9.156,+0.990
1652136180,+3.20, +1.891, +9.140,+0.991
1652136240,+3.20, +1.881, +9.151,+0.991
1652136300,+3.20, +1.881, +9.155,+0.991
1652136360,+3.20, +1.870, +9.156,+0.991
1652136420,+3.20, +1.849, +9.168,+0.991
1652136480,+3.20, +1.860, +9.176,+0.992
1652136540,+3.20, +1.849, +9.165,+0.991
1652136600,+3.20, +1.838, +9.170,+0.991
1652136660,+3.20, +1.849, +9.152,+0.991
1652136720,+3.20, +1.828, +9.157,+0.990
1652136780,+3.20, +1.838, +9.142,+0.990
1652136840,+3.20, +1.828, +9.166,+0.991
1652136900,+3.20, +1.817, +9.170,+0.991
1652136960,+3.20, +1.828, +9.158,+0.991
1652137020,+3.20, +1.817, +9.159,+0.990
1652137080,+3.20, +1.817, +9.159,+0.990
1652137140,+3.20, +1.828, +9.154,+0.990
1652137200,+3.20, +1.806, +9.174,+0.991
1652137260,+3.20, +1.796, +9.185,+0.991
1652137320,+3.20, +1.817, +9.170,+0.991
1652137380,+3.20, +1.796, +9.178,+0.991
1652137440,+3.20, +1.796, +9.175,+0.991
1652137500,+3.20, +1.796, +9.176,+0.991
1652137560,+3.20, +1.796, +9.173,+0.991
1652137620,+3.20, +1.796, +9.179,+0.991
1652137680,+3.20, +1.796, +9.179,+0.991
1652137740,+3.20, +1.774, +9.175,+0.991
1652137800,+3.20, +1.764, +9.194,+0.991
1652137860,+3.20, +1.785, +9.175,+0.991
1652137920,+3.20, +1.796, +9.180,+0.991
1652137980,+3.20, +1.806, +9.175,+0.991
1652138040,+3.20, +1.774, +9.194,+0.992
1652138100,+3.20, +1.806, +9.164,+0.991
1652138160,+3.20, +1.796, +9.179,+0.991
1652138220,+3.20, +1.785, +9.174,+0.990
1652138280,+3.20, +1.764, +9.184,+0.991
1652138340,+3.20, +1.774, +9.179,+0.991
1652138400,+3.20, +1.774, +9.182,+0.991
1652138460,+3.20, +1.785, +9.179,+0.991
1652138520,+3.20, +1.806, +9.174,+0.991
1652138580,+3.20, +1.785, +9.179,+0.991
1652138640,+3.20, +1.785, +9.179,+0.991
1652138700,+3.20, +1.796, +9.177,+0.991
1652138760,+3.20, +1.817, +9.170,+0.991
1652138820,+3.20, +1.774, +9.188,+0.991
1652138880,+3.20, +1.785, +9.187,+0.991
1652138940,+3.20, +1.785, +9.181,+0.991
1652139000,+3.20, +1.796, +9.174,+0.991
1652139060,+3.20, +1.785, +9.179,+0.991
1652139120,+3.20, +1.785, +9.185,+0.991
1652139180,+3.20, +1.774, +9.175,+0.990
1652139240,+3.20, +1.742, +9.199,+0.991
1652139300,+3.20, +1.753, +9.184,+0.990
1652139360,+3.20, +1.742, +9.197,+0.991
1652139420,+3.20, +1.742, +9.193,+0.991
1652139480,+3.20, +1.710, +9.205,+0.991
1652139540,+3.20, +1.753, +9.196,+0.991
1652139600,+3.20, +1.732, +9.188,+0.990
1652139660,+3.20, +1.753, +9.186,+0.991
1652139720,+3.20, +1.710, +9.205,+0.991
1652139780,+3.20, +1.700, +9.209,+0.991
1652139840,+3.20, +1.721, +9.212,+0.991
1652139900,+3.20, +1.700, +9.207,+0.991
1652139960,+3.20, +1.668, +9.206,+0.990
1652140020,+3.20, +1.689, +9.220,+0.991
1652140080,+3.20, +1.678, +9.211,+0.991
1652140140,+3.20, +1.710, +9.216,+0.992
1652140200,+3.20, +1.689, +9.217,+0.991
1652140260,+3.20, +1.700, +9.200,+0.990
1652140320,+3.20, +1.657, +9.217,+0.991
1652140380,+3.20, +1.668, +9.202,+0.991
1652140440,+3.20, +1.636, +9.218,+0.990
1652140500,+3.20, +1.678, +9.209,+0.991
1652140560,+3.20, +1.668, +9.220,+0.991
1652140620,+3.20, +1.657, +9.215,+0.991
1652140680,+3.20, +1.657, +9.229,+0.991
1652140740,+3.20, +1.668, +9.225,+0.991
1652140800,+3.20, +1.668, +9.225,+0.992
1652140860,+3.20, +1.689, +9.201,+0.991
1652140920,+3.20, +1.614, +9.227,+0.990
1652140980,+3.20, +1.646, +9.218,+0.991
1652141040,+3.20, +1.646, +9.220,+0.991
1652141100,+3.20, +1.636, +9.217,+0.990
1652141160,+3.20, +1.657, +9.222,+0.991
1652141220,+3.20, +1.657, +9.224,+0.991
1652141280,+3.20, +1.668, +9.217,+0.991
1652141340,+3.20, +1.646, +9.213,+0.990
1652141400,+3.20, +1.657, +9.226,+0.991
1652141460,+3.20, +1.657, +9.215,+0.991
1652141520,+3.21, +1.657, +9.214,+0.991
1652141580,+3.20, +1.657, +9.211,+0.991
1652141640,+3.20, +1.657, +9.213,+0.991
1652141700,+3.20, +1.646, +9.228,+0.991
1652141760,+3.21, +1.657, +9.223,+0.991
1652141820,+3.20, +1.614, +9.222,+0.990
1652141880,+3.20, +1.657, +9.224,+0.991
1652141940,+3.20, +1.668, +9.219,+0.991
1652142000,+3.20, +1.657, +9.218,+0.991
1652142060,+3.20, +1.668, +9.217,+0.991
1652142120,+3.20, +1.657, +9.217,+0.991
1652142180,+3.20, +1.657, +9.223,+0.991
1652142240,+3.20, +1.678, +9.214,+0.991
1652142300,+3.20, +1.646, +9.227,+0.991
1652142360,+3.20, +1.646, +9.225,+0.991
1652142420,+3.20, +1.657, +9.217,+0.991
1652142480,+3.20, +1.668, +9.208,+0.991
1652142540,+3.20, +1.668, +9.213,+0.991
1652142600,+3.20, +1.646, +9.225,+0.991
1652142660,+3.20, +1.678, +9.211,+0.991
1652142720,+3.20, +1.678, +9.222,+0.992
1652142780,+3.20, +1.657, +9.209,+0.990
1652142840,+3.20, +1.710, +9.203,+0.991
1652142900,+3.20, +1.668, +9.210,+0.991
1652142960,+3.20, +1.668, +9.220,+0.991
1652143020,+3.20, +1.636, +9.229,+0.991
1652143080,+3.20, +1.657, +9.219,+0.991
1652143140,+3.20, +1.593, +9.245,+0.991
1652143200,+3.20, +1.646, +9.231,+0.991
1652143260,+3.20, +1.657, +9.222,+0.991
1652143320,+3.20, +1.668, +9.231,+0.992
1652143380,+3.20, +1.668, +9.215,+0.991
1652143440,+3.20, +1.636, +9.226,+0.990
1652143500,+3.20, +1.646, +9.217,+0.991
1652143560,+3.20, +1.646, +9.224,+0.991
1652143620,+3.20, +1.604, +9.235,+0.991
1652143680,+3.20, +1.657, +9.212,+0.991
1652143740,+3.20, +1.689, +9.218,+0.991
1652143800,+3.20, +1.636, +9.229,+0.991
1652143860,+3.20, +1.646, +9.219,+0.991
1652143920,+3.20, +1.625, +9.233,+0.991
1652143980,+3.20, +1.668, +9.207,+0.991
1652144040,+3.20, +1.668, +9.206,+0.991
1652144100,+3.20, +1.668, +9.213,+0.991
1652144160,+3.20, +1.646, +9.227,+0.991
1652144220,+3.20, +1.646, +9.226,+0.991
1652144280,+3.20, +1.614, +9.232,+0.990
1652144340,+3.20, +1.625, +9.233,+0.991
1652144400,+3.20, +1.668, +9.229,+0.992
1652144460,+3.20, +1.646, +9.227,+0.991
1652144520,+3.20, +1.646, +9.222,+0.991
1652144580,+3.20, +1.636, +9.233,+0.991
1652144640,+3.20, +1.636, +9.226,+0.991
1652144700,+3.20, +1.657, +9.207,+0.990
1652144760,+3.20, +1.646, +9.231,+0.991
1652144820,+3.20, +1.657, +9.220,+0.991
1652144880,+3.20, +1.646, +9.216,+0.990
1652144940,+3.20, +1.646, +9.229,+0.991
1652145000,+3.20, +1.646, +9.224,+0.991
1652145060,+3.20, +1.657, +9.222,+0.991
1652145120,+3.20, +1.668, +9.216,+0.991
1652145180,+3.20, +1.657, +9.214,+0.990
1652145240,+3.20, +1.646, +9.228,+0.991
1652145300,+3.20, +1.625, +9.237,+0.991
1652145360,+3.20, +1.657, +9.228,+0.991
1652145420,+3.20, +1.657, +9.221,+0.991
1652145480,+3.20, +1.646, +9.237,+0.991
1652145540,+3.20, +1.636, +9.233,+0.991
1652145600,+3.20, +1.646, +9.246,+0.992
1652145660,+3.20, +1.614, +9.253,+0.991
1652145720,+3.20, +1.625, +9.246,+0.991
1652145780,+3.20, +1.646, +9.224,+0.991
1652145840,+3.20, +1.657, +9.223,+0.991
1652145900,+3.20, +1.657, +9.218,+0.991
1652145960,+3.20, +1.657, +9.224,+0.991
1652146020,+3.20, +1.646, +9.235,+0.991
1652146080,+3.20, +1.636, +9.239,+0.991
1652146140,+3.20, +1.614, +9.250,+0.991
1652146200,+3.20, +1.636, +9.231,+0.991
1652146260,+3.20, +1.668, +9.217,+0.991
1652146320,+3.20, +1.625, +9.233,+0.991
1652146380,+3.20, +1.636, +9.238,+0.991
1652146440,+3.20, +1.636, +9.235,+0.991
1652146500,+3.20, +1.614, +9.244,+0.991
1652146560,+3.20, +1.614, +9.243,+0.991
1652146620,+3.20, +1.646, +9.227,+0.991
1652146680,+3.20, +1.614, +9.233,+0.990
1652146740,+3.20, +1.636, +9.227,+0.991
1652146800,+3.20, +1.636, +9.233,+0.991
1652146860,+3.20, +1.636, +9.230,+0.991
1652146920,+3.20, +1.636, +9.234,+0.991
1652146980,+3.20, +1.636, +9.226,+0.990
1652147040,+3.20, +1.636, +9.231,+0.991
1652147100,+3.20, +1.625, +9.225,+0.990
1652147160,+3.20, +1.625, +9.234,+0.991
1652147220,+3.20, +1.625, +9.229,+0.991
1652147280,+3.20, +1.614, +9.238,+0.991
1652147340,+3.20, +1.668, +9.216,+0.991
1652147400,+3.20, +1.636, +9.235,+0.991
1652147460,+3.20, +1.646, +9.216,+0.990
1652147520,+3.20, +1.636, +9.232,+0.991
1652147580,+3.20, +1.657, +9.235,+0.992
1652147640,+3.20, +1.625, +9.227,+0.991
1652147700,+3.20, +1.614, +9.241,+0.991
1652147760,+3.20, +1.625, +9.242,+0.991
1652147820,+3.20, +1.625, +9.244,+0.991
1652147880,+3.20, +1.604, +9.264,+0.992
1652147940,+3.20, +1.614, +9.241,+0.991
1652148000,+3.20, +1.636, +9.232,+0.991
1652148060,+3.20, +1.614, +9.239,+0.991
1652148120,+3.20, +1.657, +9.213,+0.991
1652148180,+3.20, +1.614, +9.220,+0.990
1652148240,+3.20, +1.593, +9.252,+0.991
1652148300,+3.20, +1.625, +9.238,+0.991
1652148360,+3.20, +1.625, +9.233,+0.991
1652148420,+3.20, +1.636, +9.224,+0.991
1652148480,+3.20, +1.593, +9.249,+0.991
1652148540,+3.20, +1.604, +9.247,+0.991
1652148600,+3.20, +1.625, +9.234,+0.991
1652148660,+3.20, +1.614, +9.239,+0.991
1652148720,+3.20, +1.614, +9.250,+0.992
1652148780,+3.20, +1.625, +9.243,+0.991
1652148840,+3.20, +1.614, +9.227,+0.990
1652148900,+3.20, +1.593, +9.260,+0.991
1652148960,+3.20, +1.625, +9.233,+0.991
1652149020,+3.20, +1.625, +9.242,+0.991
1652149080,+3.20, +1.614, +9.235,+0.991
1652149140,+3.20, +1.614, +9.259,+0.992
1652149200,+3.20, +1.593, +9.269,+0.992
1652149260,+3.20, +1.593, +9.246,+0.991
1652149320,+3.20, +1.593, +9.261,+0.992
1652149380,+3.20, +1.604, +9.244,+0.991
1652149440,+3.20, +1.604, +9.240,+0.990
1652149500,+3.20, +1.614, +9.242,+0.991
1652149560,+3.20, +1.614, +9.235,+0.991
1652149620,+3.20, +1.593, +9.255,+0.991
1652149680,+3.20, +1.625, +9.233,+0.991
1652149740,+3.20, +1.604, +9.244,+0.991
1652149800,+3.20, +1.625, +9.228,+0.991
1652149860,+3.21, +1.593, +9.244,+0.991
1652149920,+3.20, +1.604, +9.241,+0.991
1652149980,+3.20, +1.604, +9.260,+0.992
1652150040,+3.20, +1.571, +9.262,+0.991
1652150100,+3.20, +1.614, +9.249,+0.991
1652150160,+3.20, +1.614, +9.243,+0.991
1652150220,+3.20, +1.657, +9.220,+0.991
1652150280,+3.20, +1.625, +9.240,+0.991
1652150340,+3.20, +1.593, +9.252,+0.991
1652150400,+3.20, +1.582, +9.255,+0.991
1652150460,+3.20, +1.614, +9.241,+0.991
1652150520,+3.20, +1.625, +9.234,+0.991
1652150580,+3.20, +1.636, +9.230,+0.991
1652150640,+3.20, +1.593, +9.250,+0.991
1652150700,+3.20, +1.604, +9.242,+0.991
1652150760,+3.20, +1.539, +9.268,+0.990
1652150820,+3.20, +1.604, +9.243,+0.991
1652150880,+3.20, +1.593, +9.249,+0.991
1652150940,+3.20, +1.604, +9.247,+0.991
1652151000,+3.20, +1.604, +9.242,+0.991
1652151060,+3.20, +1.582, +9.254,+0.991
1652151120,+3.20, +1.561, +9.262,+0.991
1652151180,+3.20, +1.604, +9.241,+0.991
1652151240,+3.20, +1.614, +9.235,+0.991
1652151300,+3.20, +1.604, +9.254,+0.991
1652151360,+3.20, +1.582, +9.249,+0.990
1652151420,+3.20, +1.614, +9.261,+0.992
1652151480,+3.20, +1.604, +9.252,+0.991
1652151540,+3.20, +1.604, +9.242,+0.991
1652151600,+3.20, +1.582, +9.260,+0.991
1652151660,+3.20, +1.571, +9.257,+0.991
1652151720,+3.20, +1.604, +9.249,+0.991
1652151780,+3.20, +1.604, +9.239,+0.991
1652151840,+3.20, +1.571, +9.271,+0.991
1652151900,+3.20, +1.593, +9.257,+0.991
1652151960,+3.20, +1.593, +9.259,+0.991
1652152020,+3.20, +1.593, +9.273,+0.992
1652152080,+3.20, +1.614, +9.247,+0.992
1652152140,+3.20, +1.604, +9.254,+0.991
1652152200,+3.20, +1.604, +9.255,+0.991
1652152260,+3.20, +1.550, +9.265,+0.991
1652152320,+3.20, +1.582, +9.259,+0.991
1652152380,+3.20, +1.582, +9.253,+0.991
1652152440,+3.20, +1.571, +9.264,+0.991
1652152500,+3.20, +1.593, +9.248,+0.991
1652152560,+3.20, +1.593, +9.252,+0.991
1652152620,+3.20, +1.582, +9.268,+0.991
1652152680,+3.20, +1.550, +9.259,+0.991
1652152740,+3.20, +1.604, +9.243,+0.991
1652152800,+3.20, +1.593, +9.254,+0.991
1652152860,+3.20, +1.571, +9.251,+0.990
1652152920,+3.20, +1.518, +9.288,+0.991
1652152980,+3.20, +1.571, +9.264,+0.991
1652153040,+3.20, +1.507, +9.281,+0.990
1652153100,+3.20, +1.582, +9.257,+0.991
1652153160,+3.20, +1.582, +9.249,+0.990
1652153220,+3.20, +1.593, +9.254,+0.991
1652153280,+3.20, +1.550, +9.270,+0.991
1652153340,+3.20, +1.604, +9.249,+0.991
1652153400,+3.20, +1.582, +9.257,+0.991
1652153460,+3.20, +1.604, +9.254,+0.991
1652153520,+3.20, +1.625, +9.235,+0.991
1652153580,+3.20, +1.604, +9.247,+0.991
1652153640,+3.20, +1.593, +9.265,+0.992
1652153700,+3.20, +1.582, +9.260,+0.991
1652153760,+3.20, +1.604, +9.256,+0.991
1652153820,+3.20, +1.604, +9.252,+0.991
1652153880,+3.20, +1.571, +9.253,+0.990
1652153940,+3.20, +1.571, +9.259,+0.991
1652154000,+3.20, +1.571, +9.260,+0.990
1652154060,+3.20, +1.582, +9.273,+0.992
1652154120,+3.20, +1.582, +9.266,+0.991
1652154180,+3.20, +1.604, +9.244,+0.990
1652154240,+3.20, +1.550, +9.263,+0.990
1652154300,+3.20, +1.582, +9.251,+0.991
1652154360,+3.20, +1.571, +9.272,+0.991
1652154420,+3.20, +1.582, +9.245,+0.990
1652154480,+3.20, +1.582, +9.263,+0.991
1652154540,+3.20, +1.571, +9.265,+0.991
1652154600,+3.20, +1.571, +9.266,+0.991
1652154660,+3.20, +1.571, +9.269,+0.991
1652154720,+3.20, +1.582, +9.259,+0.991
1652154780,+3.20, +1.571, +9.277,+0.991
1652154840,+3.20, +1.539, +9.273,+0.991
1652154900,+3.20, +1.582, +9.260,+0.991
1652154960,+3.20, +1.571, +9.255,+0.990
1652155020,+3.20, +1.550, +9.285,+0.991
1652155080,+3.20, +1.593, +9.260,+0.991
1652155140,+3.20, +1.593, +9.262,+0.991
1652155200,+3.20, +1.571, +9.257,+0.990
1652155260,+3.20, +1.561, +9.282,+0.992
1652155320,+3.20, +1.550, +9.269,+0.991
1652155380,+3.20, +1.582, +9.257,+0.991
1652155440,+3.20, +1.582, +9.252,+0.991
1652155500,+3.20, +1.550, +9.259,+0.990
1652155560,+3.20, +1.496, +9.308,+0.992
1652155620,+3.20, +1.550, +9.266,+0.991
1652155680,+3.20, +1.561, +9.268,+0.991
1652155740,+3.20, +1.571, +9.263,+0.991
1652155800,+3.20, +1.593, +9.251,+0.991
1652155860,+3.20, +1.550, +9.274,+0.991
1652155920,+3.20, +1.561, +9.270,+0.991
1652155980,+3.20, +1.571, +9.268,+0.991
1652156040,+3.20, +1.571, +9.261,+0.991
1652156100,+3.20, +1.561, +9.268,+0.991
1652156160,+3.20, +1.561, +9.266,+0.991
1652156220,+3.20, +1.550, +9.267,+0.990
1652156280,+3.20, +1.571, +9.275,+0.991
1652156340,+3.20, +1.571, +9.266,+0.991
1652156400,+3.20, +1.561, +9.276,+0.991
1652156460,+3.20, +1.561, +9.276,+0.991
1652156520,+3.20, +1.582, +9.271,+0.992
1652156580,+3.20, +1.571, +9.253,+0.990
1652156640,+3.20, +1.614, +9.240,+0.990
1652156700,+3.20, +1.561, +9.268,+0.991
1652156760,+3.20, +1.571, +9.269,+0.991
1652156820,+3.20, +1.550, +9.279,+0.991
1652156880,+3.20, +1.571, +9.258,+0.991
1652156940,+3.20, +1.571, +9.251,+0.990
1652157000,+3.20, +1.561, +9.263,+0.991
1652157060,+3.20, +1.529, +9.294,+0.991
1652157120,+3.20, +1.571, +9.260,+0.991
1652157180,+3.20, +1.539, +9.278,+0.991
1652157240,+3.20, +1.561, +9.275,+0.991
1652157300,+3.20, +1.561, +9.269,+0.991
1652157360,+3.20, +1.550, +9.268,+0.991
1652157420,+3.20, +1.582, +9.272,+0.992
1652157480,+3.20, +1.582, +9.260,+0.991
1652157540,+3.20, +1.571, +9.260,+0.991
1652157600,+3.20, +1.571, +9.257,+0.991
1652157660,+3.20, +1.561, +9.262,+0.991
1652157720,+3.20, +1.571, +9.262,+0.991
1652157780,+3.20, +1.561, +9.267,+0.991
1652157840,+3.20, +1.561, +9.260,+0.991
1652157900,+3.20, +1.571, +9.252,+0.991
1652157960,+3.20, +1.550, +9.261,+0.991
1652158020,+3.20, +1.571, +9.260,+0.991
1652158080,+3.20, +1.539, +9.261,+0.991
1652158140,+3.20, +1.550, +9.268,+0.991
1652158200,+3.20, +1.539, +9.275,+0.991
1652158260,+3.20, +1.539, +9.279,+0.991
1652158320,+3.20, +1.561, +9.257,+0.991
1652158380,+3.20, +1.539, +9.275,+0.991
1652158440,+3.20, +1.550, +9.269,+0.991
1652158500,+3.20, +1.571, +9.254,+0.991
1652158560,+3.20, +1.561, +9.273,+0.991
1652158620,+3.20, +1.539, +9.268,+0.991
1652158680,+3.20, +1.539, +9.265,+0.991
1652158740,+3.20, +1.539, +9.262,+0.990
1652158800,+3.20, +1.539, +9.265,+0.991
1652158860,+3.20, +1.518, +9.275,+0.991
1652158920,+3.20, +1.529, +9.281,+0.991
1652158980,+3.20, +1.539, +9.260,+0.990
1652159040,+3.20, +1.507, +9.289,+0.991
1652159100,+3.20, +1.550, +9.261,+0.991
1652159160,+3.20, +1.539, +9.271,+0.991
1652159220,+3.20, +1.529, +9.271,+0.991
1652159280,+3.20, +1.539, +9.260,+0.991
1652159340,+3.20, +1.529, +9.274,+0.991
1652159400,+3.20, +1.518, +9.276,+0.991
1652159460,+3.20, +1.539, +9.270,+0.991
1652159520,+3.20, +1.539, +9.257,+0.990
1652159580,+3.20, +1.529, +9.269,+0.991
1652159640,+3.20, +1.561, +9.253,+0.991
1652159700,+3.20, +1.550, +9.262,+0.991
1652159760,+3.20, +1.550, +9.263,+0.991
1652159820,+3.20, +1.529, +9.271,+0.991
1652159880,+3.20, +1.507, +9.280,+0.991
1652159940,+3.20, +1.507, +9.276,+0.991
1652160000,+3.20, +1.550, +9.252,+0.991
1652160060,+3.20, +1.539, +9.265,+0.991
1652160120,+3.20, +1.507, +9.283,+0.991
1652160180,+3.20, +1.550, +9.251,+0.991
1652160240,+3.20, +1.550, +9.258,+0.991
1652160300,+3.20, +1.571, +9.258,+0.991
1652160360,+3.20, +1.529, +9.274,+0.991
1652160420,+3.20, +1.550, +9.275,+0.992
1652160480,+3.20, +1.539, +9.280,+0.992
1652160540,+3.20, +1.496, +9.281,+0.991
1652160600,+3.20, +1.539, +9.261,+0.991
1652160660,+3.20, +1.507, +9.279,+0.991
1652160720,+3.20, +1.507, +9.264,+0.990
1652160780,+3.20, +1.571, +9.255,+0.991
1652160840,+3.20, +1.518, +9.280,+0.991
1652160900,+3.20, +1.561, +9.266,+0.991
1652160960,+3.20, +1.539, +9.267,+0.991
1652161020,+3.20, +1.539, +9.266,+0.991
1652161080,+3.20, +1.550, +9.270,+0.991
1652161140,+3.20, +1.539, +9.269,+0.991
1652161200,+3.20, +1.529, +9.268,+0.991
1652161260,+3.20, +1.529, +9.267,+0.991
1652161320,+3.20, +1.529, +9.265,+0.991
1652161380,+3.20, +1.518, +9.283,+0.991
1652161440,+3.20, +1.529, +9.269,+0.991
1652161500,+3.20, +1.561, +9.266,+0.992
1652161560,+3.20, +1.529, +9.281,+0.991
1652161620,+3.20, +1.539, +9.262,+0.991
1652161680,+3.20, +1.529, +9.265,+0.991
1652161740,+3.20, +1.518, +9.267,+0.990
1652161800,+3.20, +1.529, +9.275,+0.991
1652161860,+3.20, +1.529, +9.255,+0.990
1652161920,+3.20, +1.518, +9.266,+0.991
1652161980,+3.20, +1.496, +9.272,+0.990
1652162040,+3.20, +1.550, +9.257,+0.991
1652162100,+3.20, +1.529, +9.279,+0.991
1652162160,+3.20, +1.561, +9.257,+0.991
1652162220,+3.20, +1.539, +9.261,+0.991
1652162280,+3.20, +1.539, +9.256,+0.991
1652162340,+3.20, +1.539, +9.272,+0.991
1652162400,+3.20, +1.529, +9.269,+0.991
1652162460,+3.20, +1.529, +9.269,+0.991
1652162520,+3.20, +1.539, +9.281,+0.992
1652162580,+3.20, +1.529, +9.279,+0.992
1652162640,+3.20, +1.539, +9.268,+0.991
1652162700,+3.20, +1.518, +9.266,+0.991
1652162760,+3.20, +1.518, +9.276,+0.991
1652162820,+3.20, +1.550, +9.263,+0.991
1652162880,+3.20, +1.529, +9.266,+0.991
1652162940,+3.20, +1.518, +9.273,+0.991
1652163000,+3.20, +1.518, +9.278,+0.991
1652163060,+3.20, +1.539, +9.257,+0.990
1652163120,+3.20, +1.561, +9.254,+0.991
1652163180,+3.20, +1.529, +9.265,+0.991
1652163240,+3.20, +1.550, +9.266,+0.991
1652163300,+3.20, +1.529, +9.267,+0.991
1652163360,+3.20, +1.529, +9.262,+0.991
1652163420,+3.20, +1.529, +9.266,+0.991
1652163480,+3.20, +1.529, +9.264,+0.991
1652163540,+3.20, +1.518, +9.264,+0.991
1652163600,+3.20, +1.529, +9.275,+0.991
1652163660,+3.20, +1.539, +9.252,+0.990
1652163720,+3.20, +1.496, +9.277,+0.991
1652163780,+3.20, +1.539, +9.264,+0.991
1652163840,+3.20, +1.518, +9.268,+0.991
1652163900,+3.20, +1.507, +9.273,+0.991
1652163960,+3.20, +1.539, +9.259,+0.991
1652164020,+3.20, +1.518, +9.266,+0.991
1652164080,+3.20, +1.539, +9.259,+0.991
1652164140,+3.20, +1.561, +9.257,+0.991
1652164200,+3.20, +1.518, +9.279,+0.991
1652164260,+3.20, +1.507, +9.283,+0.991
1652164320,+3.20, +1.550, +9.256,+0.991
1652164380,+3.20, +1.486, +9.286,+0.991
1652164440,+3.20, +1.539, +9.268,+0.991
1652164500,+3.20, +1.539, +9.269,+0.991
1652164560,+3.20, +1.507, +9.252,+0.990
1652164620,+3.20, +1.550, +9.261,+0.991
1652164680,+3.20, +1.518, +9.263,+0.990
1652164740,+3.20, +1.539, +9.244,+0.990
1652164800,+3.20, +1.507, +9.270,+0.991
1652164860,+3.20, +1.561, +9.255,+0.991
1652164920,+3.20, +1.518, +9.267,+0.991
1652164980,+3.20, +1.518, +9.283,+0.992
1652165040,+3.20, +1.518, +9.269,+0.991
1652165100,+3.20, +1.507, +9.265,+0.990
1652165160,+3.20, +1.529, +9.254,+0.990
1652165220,+3.20, +1.529, +9.267,+0.991
1652165280,+3.20, +1.561, +9.244,+0.991
1652165340,+3.20, +1.550, +9.258,+0.991
1652165400,+3.20, +1.475, +9.284,+0.991
1652165460,+3.20, +1.475, +9.289,+0.991
1652165520,+3.20, +1.529, +9.273,+0.991
1652165580,+3.20, +1.539, +9.263,+0.991
1652165640,+3.20, +1.529, +9.273,+0.991
1652165700,+3.20, +1.539, +9.255,+0.991
1652165760,+3.20, +1.571, +9.244,+0.991
1652165820,+3.20, +1.529, +9.268,+0.991
1652165880,+3.20, +1.529, +9.273,+0.991
1652165940,+3.20, +1.507, +9.276,+0.991
1652166000,+3.20, +1.518, +9.268,+0.991
1652166060,+3.20, +1.539, +9.251,+0.991
1652166120,+3.20, +1.529, +9.258,+0.991
1652166180,+3.20, +1.507, +9.281,+0.991
1652166240,+3.20, +1.529, +9.264,+0.991
1652166300,+3.20, +1.529, +9.262,+0.991
1652166360,+3.20, +1.539, +9.265,+0.991
1652166420,+3.20, +1.539, +9.265,+0.991
1652166480,+3.20, +1.571, +9.249,+0.991
1652166540,+3.20, +1.529, +9.267,+0.991
1652166600,+3.20, +1.529, +9.277,+0.991
1652166660,+3.20, +1.550, +9.267,+0.991
1652166720,+3.20, +1.550, +9.261,+0.991
1652166780,+3.20, +1.550, +9.262,+0.991
1652166840,+3.20, +1.529, +9.264,+0.991
1652166900,+3.20, +1.550, +9.251,+0.991
1652166960,+3.20, +1.507, +9.274,+0.991
1652167020,+3.20, +1.496, +9.277,+0.991
1652167080,+3.20, +1.518, +9.275,+0.991
1652167140,+3.20, +1.529, +9.252,+0.990
1652167200,+3.20, +1.539, +9.259,+0.991
1652167260,+3.20, +1.529, +9.266,+0.991
1652167320,+3.20, +1.571, +9.250,+0.991
1652167380,+3.20, +1.539, +9.273,+0.991
1652167440,+3.20, +1.539, +9.275,+0.991
1652167500,+3.20, +1.529, +9.270,+0.991
1652167560,+3.20, +1.539, +9.255,+0.990
1652167620,+3.20, +1.507, +9.275,+0.991
1652167680,+3.20, +1.550, +9.257,+0.990
1652167740,+3.20, +1.539, +9.261,+0.991
1652167800,+3.20, +1.539, +9.261,+0.991
1652167860,+3.20, +1.529, +9.262,+0.991
1652167920,+3.20, +1.539, +9.260,+0.990
1652167980,+3.20, +1.539, +9.271,+0.991
1652168040,+3.20, +1.518, +9.272,+0.991
1652168100,+3.20, +1.518, +9.265,+0.990
1652168160,+3.20, +1.529, +9.264,+0.991
1652168220,+3.20, +1.539, +9.270,+0.991
1652168280,+3.20, +1.539, +9.260,+0.991
1652168340,+3.20, +1.529, +9.268,+0.991
1652168400,+3.20, +1.539, +9.276,+0.992
1652168460,+3.20, +1.496, +9.276,+0.990
1652168520,+3.20, +1.518, +9.267,+0.990
1652168580,+3.20, +1.539, +9.259,+0.991
1652168640,+3.20, +1.529, +9.269,+0.991
1652168700,+3.20, +1.550, +9.272,+0.991
1652168760,+3.20, +1.539, +9.260,+0.991
1652168820,+3.20, +1.550, +9.274,+0.992
1652168880,+3.20, +1.539, +9.261,+0.991
1652168940,+3.20, +1.518, +9.274,+0.991
1652169000,+3.20, +1.539, +9.259,+0.991
1652169060,+3.20, +1.539, +9.261,+0.990
1652169120,+3.20, +1.582, +9.248,+0.991
1652169180,+3.20, +1.550, +9.260,+0.991
1652169240,+3.20, +1.539, +9.261,+0.991
1652169300,+3.20, +1.550, +9.266,+0.991
1652169360,+3.20, +1.550, +9.263,+0.991
1652169420,+3.20, +1.561, +9.251,+0.991
1652169480,+3.20, +1.561, +9.253,+0.991
1652169540,+3.20, +1.529, +9.279,+0.991
1652169600,+3.20, +1.571, +9.254,+0.991
1652169660,+3.20, +1.550, +9.255,+0.991
1652169720,+3.20, +1.550, +9.266,+0.991
1652169780,+3.20, +1.539, +9.274,+0.991
1652169840,+3.20, +1.539, +9.272,+0.991
1652169900,+3.20, +1.561, +9.257,+0.991
1652169960,+3.20, +1.561, +9.253,+0.991
1652170020,+3.20, +1.561, +9.271,+0.991
1652170080,+3.20, +1.550, +9.269,+0.991
1652170140,+3.20, +1.529, +9.269,+0.991
1652170200,+3.20, +1.539, +9.265,+0.991
1652170260,+3.20, +1.550, +9.265,+0.991
1652170320,+3.20, +1.539, +9.260,+0.991
1652170380,+3.20, +1.550, +9.268,+0.991
1652170440,+3.20, +1.507, +9.268,+0.991
1652170500,+3.20, +1.561, +9.261,+0.991
1652170560,+3.20, +1.539, +9.265,+0.991
1652170620,+3.20, +1.539, +9.264,+0.991
1652170680,+3.20, +1.550, +9.266,+0.991
1652170740,+3.20, +1.561, +9.261,+0.991
1652170800,+3.20, +1.539, +9.269,+0.991
1652170860,+3.20, +1.561, +9.260,+0.991
1652170920,+3.20, +1.539, +9.263,+0.991
1652170980,+3.20, +1.507, +9.279,+0.991
1652171040,+3.20, +1.518, +9.269,+0.991
1652171100,+3.20, +1.539, +9.263,+0.991
1652171160,+3.20, +1.529, +9.272,+0.991
1652171220,+3.20, +1.550, +9.266,+0.991
1652171280,+3.20, +1.529, +9.265,+0.991
1652171340,+3.20, +1.550, +9.271,+0.991
1652171400,+3.20, +1.561, +9.263,+0.991
1652171460,+3.20, +1.539, +9.276,+0.991
1652171520,+3.20, +1.550, +9.260,+0.991
1652171580,+3.20, +1.529, +9.266,+0.991
1652171640,+3.20, +1.571, +9.258,+0.991
1652171700,+3.20, +1.529, +9.269,+0.991
1652171760,+3.20, +1.539, +9.274,+0.991
1652171820,+3.20, +1.550, +9.259,+0.991
1652171880,+3.20, +1.539, +9.279,+0.991
1652171940,+3.20, +1.518, +9.273,+0.991
1652172000,+3.20, +1.529, +9.269,+0.991
1652172060,+3.20, +1.529, +9.279,+0.991
1652172120,+3.20, +1.529, +9.269,+0.991
1652172180,+3.20, +1.550, +9.264,+0.991
1652172240,+3.20, +1.550, +9.251,+0.990
1652172300,+3.20, +1.539, +9.267,+0.991
1652172360,+3.20, +1.561, +9.247,+0.990
1652172420,+3.20, +1.539, +9.272,+0.991
1652172480,+3.20, +1.539, +9.260,+0.991
1652172540,+3.20, +1.561, +9.267,+0.991
1652172600,+3.20, +1.561, +9.253,+0.991
1652172660,+3.20, +1.539, +9.262,+0.991
1652172720,+3.20, +1.550, +9.264,+0.991
1652172780,+3.20, +1.561, +9.259,+0.991
1652172840,+3.20, +1.550, +9.254,+0.990
1652172900,+3.20, +1.550, +9.276,+0.991
1652172960,+3.20, +1.529, +9.263,+0.991
1652173020,+3.20, +1.550, +9.272,+0.992
1652173080,+3.20, +1.518, +9.279,+0.991
1652173140,+3.20, +1.529, +9.264,+0.991
1652173200,+3.20, +1.539, +9.264,+0.991
1652173260,+3.20, +1.550, +9.260,+0.991
1652173320,+3.20, +1.529, +9.284,+0.992
1652173380,+3.20, +1.539, +9.269,+0.991
1652173440,+3.20, +1.529, +9.275,+0.991
1652173500,+3.20, +1.539, +9.264,+0.991
1652173560,+3.20, +1.529, +9.268,+0.991
1652173620,+3.20, +1.529, +9.271,+0.991
1652173680,+3.20, +1.518, +9.275,+0.991
1652173740,+3.20, +1.539, +9.268,+0.991
1652173800,+3.20, +1.539, +9.262,+0.991
1652173860,+3.20, +1.550, +9.273,+0.991
1652173920,+3.20, +1.550, +9.262,+0.991
1652173980,+3.20, +1.550, +9.266,+0.991
1652174040,+3.20, +1.539, +9.260,+0.990
1652174100,+3.20, +1.582, +9.260,+0.991
1652174160,+3.20, +1.518, +9.276,+0.991
1652174220,+3.20, +1.529, +9.271,+0.991
1652174280,+3.20, +1.550, +9.258,+0.991
1652174340,+3.20, +1.539, +9.259,+0.991
1652174400,+3.20, +1.550, +9.264,+0.991
1652174460,+3.20, +1.529, +9.269,+0.991
1652174520,+3.20, +1.475, +9.286,+0.990
1652174580,+3.20, +1.539, +9.260,+0.990
1652174640,+3.20, +1.507, +9.275,+0.990
1652174700,+3.20, +1.571, +9.265,+0.991
1652174760,+3.20, +1.550, +9.268,+0.991
1652174820,+3.20, +1.539, +9.281,+0.991
1652174880,+3.20, +1.550, +9.270,+0.991
1652174940,+3.20, +1.529, +9.287,+0.991
1652175000,+3.20, +1.529, +9.272,+0.991
1652175060,+3.20, +1.550, +9.275,+0.991
1652175120,+3.20, +1.539, +9.264,+0.991
1652175180,+3.20, +1.539, +9.267,+0.991
1652175240,+3.20, +1.550, +9.263,+0.991
1652175300,+3.20, +1.529, +9.280,+0.991
1652175360,+3.20, +1.550, +9.263,+0.991
1652175420,+3.20, +1.550, +9.272,+0.991
1652175480,+3.20, +1.529, +9.269,+0.991
1652175540,+3.20, +1.539, +9.273,+0.991
1652175600,+3.20, +1.529, +9.262,+0.990
1652175660,+3.20, +1.550, +9.258,+0.990
1652175720,+3.20, +1.529, +9.275,+0.991
1652175780,+3.20, +1.550, +9.271,+0.991
1652175840,+3.20, +1.539, +9.257,+0.990
1652175900,+3.20, +1.529, +9.293,+0.992
1652175960,+3.20, +1.539, +9.282,+0.991
1652176020,+3.20, +1.550, +9.268,+0.991
1652176080,+3.20, +1.539, +9.277,+0.991
1652176140,+3.20, +1.539, +9.267,+0.991
1652176200,+3.20, +1.529, +9.275,+0.991
1652176260,+3.20, +1.571, +9.250,+0.991
1652176320,+3.20, +1.550, +9.262,+0.990
1652176380,+3.20, +1.529, +9.285,+0.991
1652176440,+3.20, +1.518, +9.292,+0.991
1652176500,+3.20, +1.539, +9.287,+0.992
1652176560,+3.20, +1.550, +9.273,+0.991
1652176620,+3.20, +1.529, +9.283,+0.991
1652176680,+3.20, +1.507, +9.285,+0.991
1652176740,+3.20, +1.561, +9.277,+0.991
1652176800,+3.20, +1.550, +9.261,+0.991
1652176860,+3.20, +1.550, +9.268,+0.991
1652176920,+3.20, +1.550, +9.275,+0.991
1652176980,+3.20, +1.539, +9.270,+0.991
1652177040,+3.20, +1.539, +9.279,+0.991
1652177100,+3.20, +1.571, +9.268,+0.991
1652177160,+3.20, +1.518, +9.285,+0.991
1652177220,+3.20, +1.529, +9.279,+0.991
1652177280,+3.20, +1.529, +9.280,+0.991
1652177340,+3.20, +1.561, +9.273,+0.991
1652177400,+3.20, +1.571, +9.260,+0.991
1652177460,+3.20, +1.529, +9.277,+0.991
1652177520,+3.20, +1.550, +9.270,+0.991
1652177580,+3.20, +1.550, +9.275,+0.991
1652177640,+3.20, +1.550, +9.269,+0.991
1652177700,+3.20, +1.550, +9.269,+0.991
1652177760,+3.20, +1.539, +9.272,+0.991
1652177820,+3.20, +1.518, +9.286,+0.991
1652177880,+3.20, +1.550, +9.274,+0.991
1652177940,+3.20, +1.539, +9.279,+0.991
1652178000,+3.20, +1.550, +9.272,+0.991
1652178060,+3.20, +1.539, +9.276,+0.991
1652178120,+3.20, +1.539, +9.281,+0.991
1652178180,+3.20, +1.496, +9.295,+0.991
1652178240,+3.20, +1.529, +9.282,+0.991
1652178300,+3.20, +1.571, +9.275,+0.991
1652178360,+3.20, +1.539, +9.277,+0.991
1652178420,+3.20, +1.529, +9.288,+0.991
1652178480,+3.20, +1.518, +9.284,+0.991
1652178540,+3.20, +1.539, +9.274,+0.991
1652178600,+3.20, +1.539, +9.276,+0.991
1652178660,+3.20, +1.518, +9.284,+0.990
1652178720,+3.20, +1.539, +9.290,+0.991
1652178780,+3.20, +1.550, +9.274,+0.991
1652178840,+3.20, +1.550, +9.286,+0.991
1652178900,+3.20, +1.507, +9.292,+0.991
1652178960,+3.20, +1.529, +9.280,+0.991
1652179020,+3.20, +1.496, +9.301,+0.991
1652179080,+3.20, +1.550, +9.271,+0.991
1652179140,+3.20, +1.550, +9.275,+0.991
1652179200,+3.20, +1.529, +9.284,+0.991
1652179260,+3.20, +1.475, +9.297,+0.990
1652179320,+3.20, +1.539, +9.277,+0.991
1652179380,+3.20, +1.539, +9.268,+0.991
1652179440,+3.20, +1.518, +9.300,+0.991
1652179500,+3.20, +1.539, +9.289,+0.991
1652179560,+3.20, +1.529, +9.290,+0.991
1652179620,+3.20, +1.539, +9.276,+0.991
1652179680,+3.20, +1.550, +9.273,+0.991
1652179740,+3.20, +1.507, +9.286,+0.991
1652179800,+3.20, +1.529, +9.289,+0.991
1652179860,+3.20, +1.529, +9.289,+0.991
1652179920,+3.20, +1.561, +9.263,+0.991
1652179980,+3.20, +1.518, +9.296,+0.991
1652180040,+3.20, +1.539, +9.276,+0.991
1652180100,+3.20, +1.529, +9.285,+0.991
1652180160,+3.20, +1.507, +9.301,+0.991
1652180220,+3.20, +1.539, +9.284,+0.991
1652180280,+3.20, +1.550, +9.272,+0.991
1652180340,+3.20, +1.539, +9.275,+0.991
1652180400,+3.20, +1.529, +9.275,+0.991
1652180460,+3.20, +1.529, +9.281,+0.991
1652180520,+3.20, +1.518, +9.286,+0.991
1652180580,+3.20, +1.529, +9.287,+0.991
1652180640,+3.20, +1.529, +9.284,+0.991
1652180700,+3.20, +1.539, +9.280,+0.991
1652180760,+3.20, +1.507, +9.279,+0.990
1652180820,+3.20, +1.475, +9.294,+0.990
1652180880,+3.20, +1.539, +9.285,+0.991
1652180940,+3.20, +1.539, +9.272,+0.990
1652181000,+3.20, +1.529, +9.286,+0.991
1652181060,+3.20, +1.539, +9.282,+0.991
1652181120,+3.20, +1.539, +9.273,+0.991
1652181180,+3.20, +1.518, +9.288,+0.991
1652181240,+3.20, +1.518, +9.286,+0.991
1652181300,+3.20, +1.539, +9.288,+0.992
1652181360,+3.20, +1.518, +9.284,+0.991
1652181420,+3.20, +1.518, +9.301,+0.991
1652181480,+3.20, +1.518, +9.285,+0.991
1652181540,+3.20, +1.518, +9.279,+0.991
1652181600,+3.20, +1.529, +9.285,+0.991
1652181660,+3.20, +1.529, +9.292,+0.991
1652181720,+3.20, +1.529, +9.282,+0.991
1652181780,+3.20, +1.561, +9.288,+0.992
1652181840,+3.20, +1.518, +9.293,+0.991
1652181900,+3.20, +1.529, +9.281,+0.991
1652181960,+3.20, +1.539, +9.275,+0.991
1652182020,+3.20, +1.518, +9.277,+0.990
1652182080,+3.20, +1.507, +9.293,+0.991
1652182140,+3.20, +1.518, +9.293,+0.991
1652182200,+3.20, +1.518, +9.292,+0.991
1652182260,+3.20, +1.518, +9.290,+0.991
1652182320,+3.20, +1.529, +9.282,+0.991
1652182380,+3.20, +1.539, +9.284,+0.991
1652182440,+3.20, +1.507, +9.298,+0.991
1652182500,+3.20, +1.518, +9.298,+0.991
1652182560,+3.20, +1.507, +9.299,+0.991
1652182620,+3.20, +1.529, +9.288,+0.991
1652182680,+3.20, +1.507, +9.296,+0.991
1652182740,+3.20, +1.507, +9.308,+0.991
1652182800,+3.20, +1.507, +9.301,+0.991
1652182860,+3.20, +1.539, +9.294,+0.991
1652182920,+3.20, +1.518, +9.293,+0.991
1652182980,+3.20, +1.518, +9.298,+0.991
1652183040,+3.20, +1.496, +9.304,+0.991
1652183100,+3.20, +1.550, +9.283,+0.991
1652183160,+3.20, +1.518, +9.295,+0.991
1652183220,+3.20, +1.475, +9.304,+0.991
1652183280,+3.20, +1.507, +9.308,+0.991
1652183340,+3.20, +1.518, +9.296,+0.991
1652183400,+3.20, +1.550, +9.284,+0.991
1652183460,+3.20, +1.507, +9.291,+0.991
1652183520,+3.20, +1.507, +9.301,+0.991
1652183580,+3.20, +1.539, +9.273,+0.990
1652183640,+3.20, +1.507, +9.300,+0.991
1652183700,+3.20, +1.539, +9.286,+0.991
1652183760,+3.20, +1.507, +9.305,+0.991
1652183820,+3.20, +1.486, +9.314,+0.991
1652183880,+3.20, +1.486, +9.301,+0.991
1652183940,+3.20, +1.486, +9.315,+0.991
1652184000,+3.20, +1.529, +9.302,+0.991
1652184060,+3.20, +1.496, +9.312,+0.992
1652184120,+3.20, +1.518, +9.285,+0.990
1652184180,+3.20, +1.496, +9.307,+0.991
1652184240,+3.20, +1.529, +9.291,+0.991
1652184300,+3.20, +1.475, +9.316,+0.991
1652184360,+3.20, +1.507, +9.285,+0.990
1652184420,+3.20, +1.518, +9.284,+0.990
1652184480,+3.20, +1.486, +9.301,+0.990
1652184540,+3.20, +1.486, +9.304,+0.991
1652184600,+3.20, +1.507, +9.295,+0.991
1652184660,+3.20, +1.507, +9.300,+0.991
1652184720,+3.20, +1.507, +9.308,+0.991
1652184780,+3.20, +1.496, +9.306,+0.991
1652184840,+3.20, +1.529, +9.274,+0.990
1652184900,+3.20, +1.486, +9.314,+0.991
1652184960,+3.20, +1.496, +9.316,+0.992
1652185020,+3.20, +1.507, +9.313,+0.992
1652185080,+3.20, +1.518, +9.291,+0.991
1652185140,+3.20, +1.486, +9.310,+0.991
1652185200,+3.20, +1.496, +9.309,+0.991
1652185260,+3.20, +1.486, +9.316,+0.991
1652185320,+3.20, +1.507, +9.298,+0.991
1652185380,+3.20, +1.432, +9.334,+0.991
1652185440,+3.20, +1.486, +9.311,+0.991
1652185500,+3.20, +1.432, +9.326,+0.991
1652185560,+3.20, +1.496, +9.311,+0.991
1652185620,+3.20, +1.507, +9.308,+0.991
1652185680,+3.20, +1.443, +9.321,+0.991
1652185740,+3.20, +1.486, +9.313,+0.991
1652185800,+3.20, +1.464, +9.309,+0.991
1652185860,+3.20, +1.507, +9.301,+0.991
1652185920,+3.20, +1.464, +9.315,+0.990
1652185980,+3.20, +1.486, +9.310,+0.991
1652186040,+3.20, +1.486, +9.304,+0.991
1652186100,+3.20, +1.464, +9.318,+0.991
1652186160,+3.20, +1.464, +9.326,+0.991
1652186220,+3.20, +1.475, +9.307,+0.991
1652186280,+3.20, +1.475, +9.309,+0.990
1652186340,+3.20, +1.464, +9.328,+0.992
1652186400,+3.20, +1.464, +9.321,+0.991
1652186460,+3.20, +1.486, +9.311,+0.991
1652186520,+3.20, +1.486, +9.308,+0.991
1652186580,+3.20, +1.486, +9.302,+0.991
1652186640,+3.20, +1.475, +9.312,+0.991
1652186700,+3.20, +1.475, +9.310,+0.991
1652186760,+3.20, +1.486, +9.323,+0.991
1652186820,+3.20, +1.464, +9.322,+0.991
1652186880,+3.20, +1.496, +9.311,+0.992
1652186940,+3.20, +1.496, +9.303,+0.991
1652187000,+3.20, +1.496, +9.312,+0.991
1652187060,+3.20, +1.464, +9.333,+0.992
1652187120,+3.20, +1.486, +9.317,+0.991
1652187180,+3.20, +1.486, +9.311,+0.991
1652187240,+3.20, +1.486, +9.301,+0.990
1652187300,+3.20, +1.475, +9.325,+0.991
1652187360,+3.20, +1.486, +9.315,+0.991
1652187420,+3.20, +1.486, +9.309,+0.991
1652187480,+3.20, +1.475, +9.316,+0.991
1652187540,+3.20, +1.486, +9.313,+0.991
1652187600,+3.20, +1.518, +9.306,+0.991
1652187660,+3.20, +1.486, +9.315,+0.991
1652187720,+3.20, +1.486, +9.309,+0.991
1652187780,+3.20, +1.486, +9.314,+0.991
1652187840,+3.20, +1.486, +9.318,+0.991
1652187900,+3.20, +1.507, +9.309,+0.991
1652187960,+3.20, +1.475, +9.321,+0.991
1652188020,+3.20, +1.486, +9.311,+0.991
1652188080,+3.20, +1.486, +9.309,+0.990
1652188140,+3.20, +1.475, +9.304,+0.990
1652188200,+3.20, +1.486, +9.312,+0.991
1652188260,+3.20, +1.507, +9.297,+0.990
1652188320,+3.20, +1.443, +9.336,+0.991
1652188380,+3.20, +1.475, +9.319,+0.991
1652188440,+3.20, +1.486, +9.307,+0.991
1652188500,+3.20, +1.486, +9.313,+0.991
1652188560,+3.20, +1.486, +9.326,+0.991
1652188620,+3.20, +1.486, +9.319,+0.991
1652188680,+3.20, +1.486, +9.309,+0.991
1652188740,+3.20, +1.486, +9.320,+0.991
1652188800,+3.20, +1.507, +9.312,+0.991
1652188860,+3.20, +1.507, +9.317,+0.991
1652188920,+3.20, +1.475, +9.324,+0.991
1652188980,+3.20, +1.486, +9.309,+0.991
1652189040,+3.20, +1.507, +9.304,+0.991
1652189100,+3.20, +1.529, +9.303,+0.991
1652189160,+3.20, +1.507, +9.317,+0.991
1652189220,+3.20, +1.507, +9.326,+0.992
1652189280,+3.20, +1.496, +9.312,+0.991
1652189340,+3.20, +1.475, +9.327,+0.991
1652189400,+3.20, +1.486, +9.324,+0.991
1652189460,+3.20, +1.518, +9.312,+0.991
1652189520,+3.20, +1.529, +9.309,+0.992
1652189580,+3.20, +1.518, +9.310,+0.991
1652189640,+3.20, +1.432, +9.342,+0.991
1652189700,+3.20, +1.518, +9.307,+0.991
1652189760,+3.20, +1.518, +9.316,+0.991
1652189820,+3.20, +1.507, +9.309,+0.991
1652189880,+3.20, +1.507, +9.304,+0.990
1652189940,+3.20, +1.507, +9.319,+0.991
1652190000,+3.20, +1.518, +9.311,+0.991
1652190060,+3.20, +1.518, +9.322,+0.992
1652190120,+3.20, +1.475, +9.327,+0.991
1652190180,+3.20, +1.518, +9.321,+0.991
1652190240,+3.20, +1.507, +9.315,+0.991
1652190300,+3.20, +1.529, +9.314,+0.991
1652190360,+3.20, +1.529, +9.298,+0.990
1652190420,+3.20, +1.539, +9.305,+0.991
1652190480,+3.20, +1.529, +9.309,+0.991
1652190540,+3.20, +1.496, +9.327,+0.991
1652190600,+3.20, +1.507, +9.320,+0.991
1652190660,+3.20, +1.496, +9.336,+0.991
1652190720,+3.20, +1.539, +9.305,+0.991
1652190780,+3.20, +1.529, +9.326,+0.991
1652190840,+3.20, +1.529, +9.318,+0.991
1652190900,+3.20, +1.518, +9.315,+0.991
1652190960,+3.20, +1.518, +9.315,+0.990
1652191020,+3.20, +1.539, +9.311,+0.991
1652191080,+3.20, +1.518, +9.322,+0.991
1652191140,+3.20, +1.529, +9.312,+0.991
1652191200,+3.20, +1.486, +9.327,+0.991
1652191260,+3.20, +1.539, +9.317,+0.991
1652191320,+3.20, +1.529, +9.312,+0.991
1652191380,+3.20, +1.529, +9.321,+0.991
1652191440,+3.20, +1.539, +9.313,+0.991
1652191500,+3.20, +1.539, +9.319,+0.991
1652191560,+3.20, +1.518, +9.331,+0.992
1652191620,+3.20, +1.529, +9.313,+0.991
1652191680,+3.20, +1.529, +9.322,+0.991
1652191740,+3.20, +1.593, +9.288,+0.991
1652191800,+3.20, +1.539, +9.304,+0.991
1652191860,+3.20, +1.550, +9.305,+0.991
1652191920,+3.20, +1.529, +9.322,+0.991
1652191980,+3.20, +1.550, +9.306,+0.991
1652192040,+3.20, +1.539, +9.319,+0.991
1652192100,+3.20, +1.561, +9.299,+0.991
1652192160,+3.20, +1.571, +9.312,+0.992
1652192220,+3.20, +1.561, +9.298,+0.991
1652192280,+3.20, +1.550, +9.312,+0.991
1652192340,+3.20, +1.561, +9.305,+0.991
1652192400,+3.20, +1.539, +9.316,+0.991
1652192460,+3.20, +1.561, +9.303,+0.991
1652192520,+3.20, +1.550, +9.305,+0.991
1652192580,+3.20, +1.561, +9.299,+0.991
1652192640,+3.20, +1.518, +9.320,+0.991
1652192700,+3.20, +1.550, +9.310,+0.991
1652192760,+3.20, +1.582, +9.302,+0.991
1652192820,+3.20, +1.571, +9.300,+0.991
1652192880,+3.20, +1.582, +9.297,+0.991
1652192940,+3.20, +1.518, +9.328,+0.991
1652193000,+3.20, +1.571, +9.300,+0.991
1652193060,+3.20, +1.582, +9.299,+0.991
1652193120,+3.20, +1.571, +9.303,+0.991
1652193180,+3.20, +1.561, +9.308,+0.991
1652193240,+3.20, +1.593, +9.295,+0.991
1652193300,+3.20, +1.571, +9.298,+0.990
1652193360,+3.20, +1.582, +9.309,+0.991
1652193420,+3.20, +1.571, +9.300,+0.991
1652193480,+3.20, +1.593, +9.296,+0.991
1652193540,+3.20, +1.539, +9.323,+0.991
1652193600,+3.20, +1.604, +9.301,+0.991
1652193660,+3.20, +1.604, +9.293,+0.991
1652193720,+3.20, +1.604, +9.293,+0.991
1652193780,+3.20, +1.593, +9.295,+0.991
1652193840,+3.20, +1.625, +9.283,+0.990
1652193900,+3.20, +1.604, +9.300,+0.991
1652193960,+3.20, +1.582, +9.295,+0.990
1652194020,+3.20, +1.582, +9.299,+0.990
1652194080,+3.20, +1.582, +9.296,+0.990
1652194140,+3.20, +1.582, +9.309,+0.991
1652194200,+3.20, +1.614, +9.298,+0.991
1652194260,+3.20, +1.604, +9.299,+0.991
1652194320,+3.20, +1.571, +9.314,+0.991
1652194380,+3.20, +1.625, +9.291,+0.991
1652194440,+3.20, +1.593, +9.308,+0.991
1652194500,+3.20, +1.625, +9.286,+0.991
1652194560,+3.20, +1.593, +9.305,+0.991
1652194620,+3.20, +1.604, +9.292,+0.990
1652194680,+3.20, +1.582, +9.313,+0.991
1652194740,+3.20, +1.593, +9.296,+0.991
1652194800,+3.20, +1.636, +9.288,+0.991
1652194860,+3.20, +1.614, +9.290,+0.991
1652194920,+3.20, +1.593, +9.296,+0.991
1652194980,+3.20, +1.657, +9.277,+0.991
1652195040,+3.20, +1.636, +9.285,+0.991
1652195100,+3.20, +1.625, +9.298,+0.991
1652195160,+3.20, +1.678, +9.270,+0.991
1652195220,+3.20, +1.625, +9.298,+0.991
1652195280,+3.20, +1.636, +9.288,+0.991
