7392-928226
OS REV: 1.11 Sensor Cal: 1496933196
Time (sec),  BV (Volts),  T (deg C),  DO (mg/l),  Q ()
1652627340,+3.17, +1.923, +9.360,+0.990
1652627400,+3.17, +1.955, +9.344,+0.990
1652627460,+3.17, +1.945, +9.357,+0.991
1652627520,+3.17, +1.945, +9.361,+0.991
1652627580,+3.17, +1.966, +9.340,+0.990
1652627640,+3.17, +1.966, +9.335,+0.990
1652627700,+3.17, +1.976, +9.334,+0.990
1652627760,+3.17, +1.955, +9.348,+0.990
1652627820,+3.17, +1.976, +9.335,+0.990
1652627880,+3.17, +2.008, +9.333,+0.991
1652627940,+3.17, +1.934, +9.360,+0.990
1652628000,+3.17, +1.966, +9.359,+0.991
1652628060,+3.17, +2.008, +9.341,+0.991
1652628120,+3.17, +1.976, +9.337,+0.990
1652628180,+3.17, +1.987, +9.349,+0.991
1652628240,+3.17, +1.945, +9.370,+0.991
1652628300,+3.17, +1.966, +9.368,+0.991
1652628360,+3.17, +1.987, +9.349,+0.991
1652628420,+3.17, +1.966, +9.355,+0.990
1652628480,+3.17, +1.998, +9.347,+0.991
1652628540,+3.17, +1.998, +9.350,+0.991
1652628600,+3.17, +1.987, +9.335,+0.990
1652628660,+3.17, +2.029, +9.331,+0.991
1652628720,+3.17, +2.019, +9.335,+0.990
1652628780,+3.17, +1.987, +9.353,+0.991
1652628840,+3.17, +2.040, +9.335,+0.991
1652628900,+3.17, +2.061, +9.318,+0.990
1652628960,+3.17, +2.019, +9.347,+0.991
1652629020,+3.17, +2.040, +9.340,+0.991
1652629080,+3.17, +1.998, +9.359,+0.991
1652629140,+3.17, +2.061, +9.337,+0.991
1652629200,+3.17, +2.051, +9.331,+0.991
1652629260,+3.17, +2.051, +9.332,+0.991
1652629320,+3.17, +2.019, +9.352,+0.991
1652629380,+3.17, +2.093, +9.319,+0.991
1652629440,+3.17, +2.061, +9.328,+0.991
1652629500,+3.17, +2.061, +9.326,+0.991
1652629560,+3.17, +2.040, +9.352,+0.991
1652629620,+3.17, +2.061, +9.333,+0.991
1652629680,+3.17, +2.082, +9.322,+0.991
1652629740,+3.17, +2.104, +9.324,+0.991
1652629800,+3.17, +2.061, +9.331,+0.991
1652629860,+3.17, +2.093, +9.316,+0.991
1652629920,+3.17, +2.072, +9.344,+0.991
1652629980,+3.17, +2.082, +9.319,+0.991
1652630040,+3.17, +2.072, +9.335,+0.991
1652630100,+3.17, +2.072, +9.337,+0.991
1652630160,+3.17, +2.093, +9.317,+0.991
1652630220,+3.17, +2.104, +9.325,+0.991
1652630280,+3.17, +2.051, +9.340,+0.991
1652630340,+3.17, +2.082, +9.334,+0.991
1652630400,+3.17, +2.093, +9.325,+0.991
1652630460,+3.17, +2.104, +9.316,+0.991
1652630520,+3.17, +2.093, +9.336,+0.991
1652630580,+3.17, +2.093, +9.329,+0.991
1652630640,+3.17, +2.114, +9.320,+0.991
1652630700,+3.17, +2.135, +9.310,+0.991
1652630760,+3.17, +2.125, +9.319,+0.991
1652630820,+3.17, +2.125, +9.307,+0.990
1652630880,+3.17, +2.135, +9.315,+0.991
1652630940,+3.17, +2.146, +9.329,+0.992
1652631000,+3.17, +2.146, +9.316,+0.991
1652631060,+3.17, +2.146, +9.309,+0.991
1652631120,+3.17, +2.125, +9.327,+0.991
1652631180,+3.17, +2.167, +9.300,+0.991
1652631240,+3.17, +2.135, +9.319,+0.992
1652631300,+3.17, +2.146, +9.321,+0.992
1652631360,+3.17, +2.157, +9.312,+0.991
1652631420,+3.17, +2.199, +9.317,+0.992
1652631480,+3.17, +2.157, +9.321,+0.992
1652631540,+3.17, +2.178, +9.307,+0.991
1652631600,+3.17, +2.178, +9.315,+0.991
1652631660,+3.17, +2.146, +9.324,+0.991
1652631720,+3.17, +2.178, +9.312,+0.991
1652631780,+3.17, +2.199, +9.295,+0.991
1652631840,+3.17, +2.199, +9.298,+0.991
1652631900,+3.17, +2.209, +9.293,+0.991
1652631960,+3.17, +2.178, +9.317,+0.991
1652632020,+3.17, +2.188, +9.301,+0.991
1652632080,+3.17, +2.230, +9.291,+0.991
1652632140,+3.17, +2.209, +9.294,+0.991
1652632200,+3.17, +2.241, +9.296,+0.991
1652632260,+3.17, +2.230, +9.309,+0.992
1652632320,+3.17, +2.230, +9.290,+0.991
1652632380,+3.17, +2.241, +9.281,+0.991
1652632440,+3.17, +2.252, +9.285,+0.991
1652632500,+3.17, +2.262, +9.270,+0.991
1652632560,+3.17, +2.241, +9.298,+0.991
1652632620,+3.17, +2.273, +9.292,+0.992
1652632680,+3.17, +2.273, +9.289,+0.991
1652632740,+3.17, +2.304, +9.271,+0.991
1652632800,+3.17, +2.304, +9.269,+0.991
1652632860,+3.17, +2.273, +9.286,+0.991
1652632920,+3.17, +2.273, +9.282,+0.991
1652632980,+3.17, +2.283, +9.278,+0.991
1652633040,+3.17, +2.294, +9.269,+0.991
1652633100,+3.17, +2.325, +9.269,+0.991
1652633160,+3.17, +2.336, +9.258,+0.991
1652633220,+3.17, +2.325, +9.280,+0.991
1652633280,+3.17, +2.336, +9.252,+0.990
1652633340,+3.17, +2.346, +9.269,+0.991
1652633400,+3.17, +2.346, +9.270,+0.991
1652633460,+3.17, +2.357, +9.263,+0.991
1652633520,+3.17, +2.336, +9.283,+0.992
1652633580,+3.17, +2.325, +9.284,+0.991
1652633640,+3.17, +2.346, +9.275,+0.991
1652633700,+3.17, +2.357, +9.276,+0.991
1652633760,+3.17, +2.389, +9.249,+0.991
1652633820,+3.17, +2.420, +9.245,+0.991
1652633880,+3.17, +2.357, +9.267,+0.991
1652633940,+3.17, +2.431, +9.242,+0.991
1652634000,+3.17, +2.420, +9.230,+0.990
1652634060,+3.17, +2.399, +9.252,+0.991
1652634120,+3.17, +2.420, +9.261,+0.991
1652634180,+3.17, +2.452, +9.237,+0.991
1652634240,+3.17, +2.431, +9.235,+0.991
1652634300,+3.17, +2.420, +9.240,+0.990
1652634360,+3.17, +2.431, +9.252,+0.991
1652634420,+3.17, +2.452, +9.249,+0.991
1652634480,+3.17, +2.431, +9.244,+0.991
1652634540,+3.17, +2.452, +9.236,+0.991
1652634600,+3.17, +2.462, +9.242,+0.991
1652634660,+3.17, +2.462, +9.243,+0.991
1652634720,+3.17, +2.494, +9.238,+0.991
1652634780,+3.17, +2.483, +9.231,+0.991
1652634840,+3.17, +2.494, +9.230,+0.990
1652634900,+3.17, +2.473, +9.244,+0.991
1652634960,+3.17, +2.515, +9.238,+0.991
1652635020,+3.17, +2.483, +9.236,+0.991
1652635080,+3.16, +2.515, +9.238,+0.991
1652635140,+3.17, +2.525, +9.223,+0.991
1652635200,+3.17, +2.515, +9.224,+0.991
1652635260,+3.17, +2.504, +9.229,+0.991
1652635320,+3.17, +2.536, +9.241,+0.992
1652635380,+3.17, +2.546, +9.224,+0.991
1652635440,+3.17, +2.578, +9.209,+0.991
1652635500,+3.17, +2.557, +9.228,+0.991
1652635560,+3.17, +2.609, +9.201,+0.991
1652635620,+3.17, +2.588, +9.201,+0.991
1652635680,+3.17, +2.609, +9.199,+0.991
1652635740,+3.17, +2.557, +9.234,+0.991
1652635800,+3.17, +2.599, +9.220,+0.991
1652635860,+3.17, +2.620, +9.208,+0.991
1652635920,+3.17, +2.620, +9.216,+0.992
1652635980,+3.17, +2.620, +9.202,+0.991
1652636040,+3.17, +2.620, +9.218,+0.992
1652636100,+3.17, +2.651, +9.188,+0.990
1652636160,+3.17, +2.651, +9.197,+0.991
1652636220,+3.17, +2.651, +9.203,+0.991
1652636280,+3.17, +2.630, +9.211,+0.991
1652636340,+3.17, +2.682, +9.187,+0.991
1652636400,+3.17, +2.672, +9.211,+0.991
1652636460,+3.17, +2.693, +9.187,+0.991
1652636520,+3.17, +2.724, +9.182,+0.991
1652636580,+3.17, +2.714, +9.191,+0.991
1652636640,+3.17, +2.703, +9.192,+0.991
1652636700,+3.17, +2.693, +9.196,+0.991
1652636760,+3.17, +2.693, +9.178,+0.991
1652636820,+3.17, +2.682, +9.181,+0.991
1652636880,+3.17, +2.630, +9.210,+0.990
1652636940,+3.17, +2.703, +9.184,+0.990
1652637000,+3.17, +2.714, +9.191,+0.991
1652637060,+3.17, +2.714, +9.190,+0.991
1652637120,+3.17, +2.735, +9.182,+0.991
1652637180,+3.17, +2.745, +9.150,+0.990
1652637240,+3.17, +2.714, +9.186,+0.991
1652637300,+3.17, +2.745, +9.174,+0.991
1652637360,+3.17, +2.755, +9.179,+0.991
1652637420,+3.17, +2.755, +9.186,+0.991
1652637480,+3.17, +2.797, +9.168,+0.991
1652637540,+3.17, +2.808, +9.162,+0.991
1652637600,+3.17, +2.829, +9.171,+0.992
1652637660,+3.17, +2.839, +9.157,+0.991
1652637720,+3.17, +2.860, +9.152,+0.991
1652637780,+3.17, +2.860, +9.170,+0.992
1652637840,+3.17, +2.829, +9.175,+0.992
1652637900,+3.17, +2.901, +9.138,+0.991
1652637960,+3.17, +2.881, +9.156,+0.991
1652638020,+3.17, +2.870, +9.155,+0.991
1652638080,+3.17, +2.901, +9.144,+0.991
1652638140,+3.17, +2.891, +9.139,+0.991
1652638200,+3.17, +2.943, +9.139,+0.992
1652638260,+3.17, +2.943, +9.133,+0.991
1652638320,+3.17, +2.943, +9.134,+0.991
1652638380,+3.17, +2.933, +9.142,+0.991
1652638440,+3.17, +2.922, +9.155,+0.991
1652638500,+3.17, +2.964, +9.124,+0.991
1652638560,+3.17, +2.985, +9.130,+0.991
1652638620,+3.17, +3.005, +9.109,+0.991
1652638680,+3.17, +3.016, +9.111,+0.991
1652638740,+3.17, +2.964, +9.140,+0.991
1652638800,+3.17, +3.026, +9.123,+0.992
1652638860,+3.17, +3.047, +9.107,+0.991
1652638920,+3.17, +2.995, +9.118,+0.990
1652638980,+3.17, +3.026, +9.125,+0.991
1652639040,+3.17, +3.057, +9.114,+0.991
1652639100,+3.17, +3.057, +9.116,+0.992
1652639160,+3.17, +3.068, +9.112,+0.991
1652639220,+3.17, +3.068, +9.123,+0.991
1652639280,+3.17, +3.099, +9.116,+0.992
1652639340,+3.17, +3.089, +9.114,+0.992
1652639400,+3.17, +3.068, +9.107,+0.991
1652639460,+3.17, +3.120, +9.084,+0.991
1652639520,+3.17, +3.089, +9.115,+0.992
1652639580,+3.17, +3.089, +9.116,+0.991
1652639640,+3.17, +3.099, +9.103,+0.991
1652639700,+3.17, +3.109, +9.093,+0.991
1652639760,+3.17, +3.089, +9.100,+0.991
1652639820,+3.17, +3.089, +9.107,+0.991
1652639880,+3.17, +3.130, +9.093,+0.992
1652639940,+3.17, +3.099, +9.110,+0.992
1652640000,+3.17, +3.151, +9.079,+0.991
1652640060,+3.17, +3.161, +9.076,+0.991
1652640120,+3.17, +3.161, +9.092,+0.992
1652640180,+3.17, +3.171, +9.077,+0.991
1652640240,+3.17, +3.182, +9.083,+0.991
1652640300,+3.17, +3.182, +9.083,+0.991
1652640360,+3.17, +3.192, +9.083,+0.991
1652640420,+3.17, +3.151, +9.103,+0.991
1652640480,+3.17, +3.192, +9.076,+0.991
1652640540,+3.17, +3.192, +9.082,+0.991
1652640600,+3.17, +3.203, +9.079,+0.991
1652640660,+3.17, +3.182, +9.074,+0.991
1652640720,+3.17, +3.171, +9.089,+0.991
1652640780,+3.17, +3.151, +9.094,+0.991
1652640840,+3.17, +3.203, +9.088,+0.992
1652640900,+3.17, +3.213, +9.081,+0.991
1652640960,+3.17, +3.244, +9.074,+0.992
1652641020,+3.17, +3.254, +9.064,+0.991
1652641080,+3.17, +3.244, +9.068,+0.991
1652641140,+3.17, +3.265, +9.066,+0.991
1652641200,+3.17, +3.254, +9.077,+0.992
1652641260,+3.17, +3.285, +9.057,+0.991
1652641320,+3.17, +3.265, +9.058,+0.991
1652641380,+3.17, +3.265, +9.059,+0.991
1652641440,+3.17, +3.296, +9.053,+0.991
1652641500,+3.17, +3.296, +9.057,+0.991
1652641560,+3.17, +3.265, +9.063,+0.991
1652641620,+3.17, +3.285, +9.055,+0.991
1652641680,+3.17, +3.275, +9.051,+0.991
1652641740,+3.17, +3.234, +9.071,+0.991
1652641800,+3.17, +3.275, +9.057,+0.991
1652641860,+3.17, +3.265, +9.058,+0.991
1652641920,+3.17, +3.254, +9.062,+0.991
1652641980,+3.17, +3.265, +9.053,+0.990
1652642040,+3.17, +3.254, +9.064,+0.991
1652642100,+3.17, +3.285, +9.047,+0.991
1652642160,+3.17, +3.265, +9.056,+0.990
1652642220,+3.17, +3.306, +9.042,+0.991
1652642280,+3.17, +3.275, +9.056,+0.991
1652642340,+3.17, +3.285, +9.052,+0.991
1652642400,+3.17, +3.337, +9.045,+0.991
1652642460,+3.17, +3.161, +8.852,+0.990
1652642520,+3.17, +3.109, +9.072,+0.991
1652642580,+3.17, +3.182, +9.073,+0.991
1652642640,+3.17, +3.244, +9.062,+0.991
1652642700,+3.17, +3.296, +9.053,+0.991
1652642760,+3.17, +3.306, +9.058,+0.991
1652642820,+3.17, +3.327, +9.053,+0.991
1652642880,+3.17, +3.327, +9.048,+0.991
1652642940,+3.17, +3.357, +9.044,+0.991
1652643000,+3.17, +3.357, +9.034,+0.991
1652643060,+3.17, +3.337, +9.053,+0.991
1652643120,+3.17, +3.357, +9.031,+0.991
1652643180,+3.17, +3.306, +9.057,+0.991
1652643240,+3.17, +3.368, +9.029,+0.991
1652643300,+3.17, +3.337, +9.048,+0.991
1652643360,+3.17, +3.357, +9.036,+0.991
1652643420,+3.17, +3.337, +9.040,+0.991
1652643480,+3.17, +3.347, +9.036,+0.991
1652643540,+3.17, +3.337, +9.047,+0.991
1652643600,+3.17, +3.347, +9.039,+0.991
1652643660,+3.17, +3.347, +9.030,+0.991
1652643720,+3.17, +3.316, +8.983,+0.990
1652643780,+3.17, +3.192, +9.000,+0.990
1652643840,+3.17, +3.161, +9.061,+0.991
1652643900,+3.17, +3.192, +9.065,+0.991
1652643960,+3.17, +3.171, +9.058,+0.991
1652644020,+3.17, +3.120, +9.036,+0.990
1652644080,+3.17, +3.047, +9.052,+0.990
1652644140,+3.17, +3.026, +9.083,+0.991
1652644200,+3.17, +3.057, +9.076,+0.990
1652644260,+3.17, +3.099, +9.064,+0.991
1652644320,+3.17, +3.109, +9.053,+0.990
1652644380,+3.17, +3.151, +9.070,+0.991
1652644440,+3.17, +3.161, +9.092,+0.991
1652644500,+3.17, +3.254, +9.059,+0.991
1652644560,+3.17, +3.296, +9.065,+0.992
1652644620,+3.17, +3.296, +9.055,+0.991
1652644680,+3.17, +3.316, +9.034,+0.990
1652644740,+3.17, +3.327, +9.034,+0.991
1652644800,+3.17, +3.306, +9.022,+0.991
1652644860,+3.17, +3.265, +9.037,+0.991
1652644920,+3.17, +3.223, +9.046,+0.991
1652644980,+3.17, +3.192, +9.066,+0.991
1652645040,+3.17, +3.171, +9.075,+0.991
1652645100,+3.17, +3.109, +9.084,+0.990
1652645160,+3.17, +3.099, +9.088,+0.991
1652645220,+3.17, +3.068, +9.092,+0.990
1652645280,+3.17, +3.057, +9.089,+0.990
1652645340,+3.17, +3.037, +9.099,+0.990
1652645400,+3.17, +3.026, +9.115,+0.991
1652645460,+3.17, +3.026, +9.127,+0.991
1652645520,+3.17, +3.026, +9.115,+0.991
1652645580,+3.17, +3.026, +9.112,+0.991
1652645640,+3.17, +3.037, +9.100,+0.990
1652645700,+3.17, +3.089, +9.085,+0.991
1652645760,+3.17, +3.057, +9.112,+0.991
1652645820,+3.17, +3.099, +9.080,+0.991
1652645880,+3.17, +3.109, +9.095,+0.991
1652645940,+3.17, +3.120, +9.085,+0.990
1652646000,+3.17, +3.140, +9.090,+0.991
1652646060,+3.17, +3.109, +9.097,+0.990
1652646120,+3.17, +3.171, +9.066,+0.990
1652646180,+3.17, +3.182, +9.072,+0.991
1652646240,+3.17, +3.203, +9.064,+0.991
1652646300,+3.17, +3.213, +9.054,+0.990
1652646360,+3.17, +3.203, +9.085,+0.992
1652646420,+3.17, +3.223, +9.066,+0.991
1652646480,+3.17, +3.234, +9.054,+0.990
1652646540,+3.17, +3.223, +9.064,+0.991
1652646600,+3.17, +3.234, +9.052,+0.990
1652646660,+3.17, +3.244, +9.035,+0.990
1652646720,+3.17, +3.223, +9.061,+0.991
1652646780,+3.17, +3.234, +9.032,+0.990
1652646840,+3.17, +3.203, +9.048,+0.990
1652646900,+3.17, +3.182, +9.050,+0.990
1652646960,+3.17, +3.171, +9.063,+0.990
1652647020,+3.17, +3.182, +9.062,+0.991
1652647080,+3.17, +3.171, +9.064,+0.990
1652647140,+3.17, +3.182, +9.060,+0.990
1652647200,+3.17, +3.182, +9.064,+0.990
1652647260,+3.17, +3.182, +9.051,+0.990
1652647320,+3.17, +3.171, +9.072,+0.991
1652647380,+3.17, +3.171, +9.057,+0.990
1652647440,+3.17, +3.120, +9.058,+0.990
1652647500,+3.17, +3.099, +9.078,+0.991
1652647560,+3.17, +3.057, +9.082,+0.990
1652647620,+3.17, +2.943, +9.121,+0.990
1652647680,+3.17, +2.974, +9.103,+0.990
1652647740,+3.17, +2.933, +9.122,+0.991
1652647800,+3.17, +2.891, +9.125,+0.990
1652647860,+3.17, +2.891, +9.128,+0.990
1652647920,+3.17, +2.881, +9.150,+0.991
1652647980,+3.17, +2.922, +9.117,+0.990
1652648040,+3.17, +2.954, +9.106,+0.990
1652648100,+3.17, +2.954, +9.120,+0.991
1652648160,+3.17, +2.964, +9.121,+0.991
1652648220,+3.17, +3.005, +9.106,+0.991
1652648280,+3.17, +2.985, +9.115,+0.991
1652648340,+3.17, +3.026, +9.098,+0.991
1652648400,+3.17, +3.037, +9.095,+0.991
1652648460,+3.17, +3.047, +9.097,+0.991
1652648520,+3.17, +3.026, +9.117,+0.992
1652648580,+3.17, +3.047, +9.105,+0.991
1652648640,+3.17, +3.047, +9.092,+0.991
1652648700,+3.17, +3.057, +9.086,+0.991
1652648760,+3.17, +3.068, +9.098,+0.991
1652648820,+3.17, +3.078, +9.086,+0.991
1652648880,+3.17, +3.068, +9.089,+0.991
1652648940,+3.17, +3.068, +9.094,+0.991
1652649000,+3.17, +3.026, +9.096,+0.990
1652649060,+3.17, +3.068, +9.082,+0.991
1652649120,+3.17, +3.037, +9.090,+0.991
1652649180,+3.17, +3.057, +9.089,+0.992
1652649240,+3.17, +3.026, +9.092,+0.991
1652649300,+3.17, +3.016, +9.094,+0.991
1652649360,+3.17, +2.974, +9.107,+0.991
1652649420,+3.17, +2.985, +9.102,+0.990
1652649480,+3.17, +2.974, +9.112,+0.991
1652649540,+3.17, +2.995, +9.098,+0.991
1652649600,+3.17, +3.005, +9.098,+0.991
1652649660,+3.17, +2.974, +9.110,+0.991
1652649720,+3.17, +2.995, +9.091,+0.990
1652649780,+3.17, +2.933, +9.127,+0.991
1652649840,+3.17, +3.005, +9.099,+0.991
1652649900,+3.17, +2.974, +9.098,+0.990
1652649960,+3.17, +2.964, +9.118,+0.992
1652650020,+3.17, +2.974, +9.111,+0.991
1652650080,+3.17, +2.954, +9.104,+0.990
1652650140,+3.17, +2.922, +9.124,+0.991
1652650200,+3.17, +2.954, +9.112,+0.991
1652650260,+3.17, +2.943, +9.104,+0.990
1652650320,+3.17, +2.933, +9.121,+0.991
1652650380,+3.17, +2.912, +9.121,+0.991
1652650440,+3.17, +2.943, +9.112,+0.991
1652650500,+3.17, +2.912, +9.117,+0.991
1652650560,+3.17, +2.860, +9.140,+0.991
1652650620,+3.17, +2.891, +9.133,+0.991
1652650680,+3.17, +2.870, +9.125,+0.991
1652650740,+3.17, +2.849, +9.144,+0.992
1652650800,+3.17, +2.839, +9.132,+0.991
1652650860,+3.17, +2.818, +9.142,+0.991
1652650920,+3.17, +2.849, +9.125,+0.991
1652650980,+3.17, +2.755, +9.158,+0.991
1652651040,+3.17, +2.797, +9.140,+0.991
1652651100,+3.17, +2.797, +9.146,+0.991
1652651160,+3.17, +2.745, +9.166,+0.991
1652651220,+3.17, +2.808, +9.134,+0.991
1652651280,+3.17, +2.808, +9.143,+0.991
1652651340,+3.17, +2.776, +9.151,+0.991
1652651400,+3.17, +2.745, +9.151,+0.990
1652651460,+3.17, +2.766, +9.144,+0.990
1652651520,+3.17, +2.724, +9.165,+0.991
1652651580,+3.17, +2.755, +9.147,+0.991
1652651640,+3.17, +2.735, +9.166,+0.991
1652651700,+3.17, +2.714, +9.174,+0.991
1652651760,+3.17, +2.776, +9.139,+0.991
1652651820,+3.17, +2.724, +9.159,+0.991
1652651880,+3.17, +2.745, +9.160,+0.991
1652651940,+3.17, +2.724, +9.162,+0.991
1652652000,+3.17, +2.735, +9.164,+0.991
1652652060,+3.17, +2.724, +9.176,+0.992
1652652120,+3.17, +2.745, +9.159,+0.992
1652652180,+3.17, +2.724, +9.149,+0.990
1652652240,+3.17, +2.745, +9.147,+0.991
1652652300,+3.17, +2.714, +9.146,+0.990
1652652360,+3.17, +2.724, +9.168,+0.992
1652652420,+3.17, +2.703, +9.176,+0.992
1652652480,+3.17, +2.693, +9.161,+0.991
1652652540,+3.17, +2.703, +9.152,+0.990
1652652600,+3.17, +2.682, +9.175,+0.991
1652652660,+3.17, +2.672, +9.169,+0.991
1652652720,+3.17, +2.682, +9.173,+0.991
1652652780,+3.17, +2.661, +9.148,+0.990
1652652840,+3.17, +2.640, +9.181,+0.991
1652652900,+3.17, +2.672, +9.161,+0.991
1652652960,+3.17, +2.640, +9.189,+0.992
1652653020,+3.17, +2.651, +9.154,+0.990
1652653080,+3.17, +2.630, +9.184,+0.991
1652653140,+3.17, +2.630, +9.172,+0.991
1652653200,+3.17, +2.609, +9.182,+0.991
1652653260,+3.17, +2.609, +9.175,+0.991
1652653320,+3.17, +2.609, +9.171,+0.991
1652653380,+3.17, +2.609, +9.180,+0.991
1652653440,+3.17, +2.588, +9.167,+0.990
1652653500,+3.17, +2.588, +9.184,+0.991
1652653560,+3.17, +2.599, +9.174,+0.991
1652653620,+3.17, +2.588, +9.192,+0.991
1652653680,+3.17, +2.578, +9.193,+0.991
1652653740,+3.17, +2.567, +9.196,+0.991
1652653800,+3.17, +2.588, +9.178,+0.990
1652653860,+3.17, +2.588, +9.186,+0.991
1652653920,+3.17, +2.588, +9.180,+0.991
1652653980,+3.17, +2.599, +9.178,+0.991
1652654040,+3.17, +2.588, +9.179,+0.991
1652654100,+3.16, +2.599, +9.171,+0.991
1652654160,+3.17, +2.578, +9.190,+0.991
1652654220,+3.17, +2.546, +9.197,+0.991
1652654280,+3.17, +2.557, +9.199,+0.991
1652654340,+3.17, +2.567, +9.190,+0.991
1652654400,+3.17, +2.536, +9.189,+0.991
1652654460,+3.17, +2.546, +9.193,+0.991
1652654520,+3.17, +2.536, +9.196,+0.991
1652654580,+3.17, +2.525, +9.201,+0.991
1652654640,+3.17, +2.473, +9.204,+0.990
1652654700,+3.17, +2.494, +9.200,+0.991
1652654760,+3.17, +2.462, +9.213,+0.991
1652654820,+3.17, +2.494, +9.208,+0.991
1652654880,+3.17, +2.473, +9.200,+0.991
1652654940,+3.17, +2.420, +9.220,+0.991
1652655000,+3.17, +2.431, +9.222,+0.991
1652655060,+3.17, +2.399, +9.222,+0.991
1652655120,+3.17, +2.410, +9.215,+0.990
1652655180,+3.17, +2.431, +9.215,+0.991
1652655240,+3.17, +2.399, +9.220,+0.990
1652655300,+3.17, +2.420, +9.223,+0.991
1652655360,+3.17, +2.431, +9.223,+0.991
1652655420,+3.17, +2.420, +9.232,+0.991
1652655480,+3.17, +2.452, +9.211,+0.991
1652655540,+3.17, +2.410, +9.223,+0.991
1652655600,+3.17, +2.420, +9.227,+0.991
1652655660,+3.17, +2.441, +9.211,+0.991
1652655720,+3.17, +2.410, +9.227,+0.991
1652655780,+3.17, +2.420, +9.226,+0.991
1652655840,+3.17, +2.420, +9.223,+0.991
1652655900,+3.17, +2.410, +9.221,+0.991
1652655960,+3.17, +2.399, +9.238,+0.991
1652656020,+3.17, +2.399, +9.236,+0.991
1652656080,+3.17, +2.399, +9.222,+0.991
1652656140,+3.17, +2.410, +9.227,+0.991
1652656200,+3.17, +2.431, +9.219,+0.991
1652656260,+3.17, +2.410, +9.223,+0.991
1652656320,+3.17, +2.399, +9.224,+0.991
1652656380,+3.17, +2.431, +9.219,+0.991
1652656440,+3.17, +2.420, +9.225,+0.991
1652656500,+3.17, +2.368, +9.242,+0.991
1652656560,+3.17, +2.410, +9.214,+0.991
1652656620,+3.17, +2.399, +9.226,+0.991
1652656680,+3.17, +2.399, +9.226,+0.991
1652656740,+3.17, +2.410, +9.230,+0.991
1652656800,+3.17, +2.399, +9.224,+0.991
1652656860,+3.17, +2.410, +9.209,+0.991
1652656920,+3.17, +2.368, +9.224,+0.991
1652656980,+3.17, +2.410, +9.219,+0.991
1652657040,+3.17, +2.378, +9.233,+0.991
1652657100,+3.17, +2.378, +9.218,+0.990
1652657160,+3.17, +2.368, +9.241,+0.991
1652657220,+3.17, +2.378, +9.227,+0.990
1652657280,+3.17, +2.420, +9.223,+0.991
1652657340,+3.17, +2.399, +9.228,+0.991
1652657400,+3.17, +2.399, +9.224,+0.991
1652657460,+3.17, +2.378, +9.229,+0.991
1652657520,+3.17, +2.378, +9.226,+0.991
1652657580,+3.17, +2.378, +9.224,+0.991
1652657640,+3.17, +2.389, +9.217,+0.991
1652657700,+3.17, +2.378, +9.229,+0.991
1652657760,+3.17, +2.378, +9.232,+0.991
1652657820,+3.17, +2.346, +9.238,+0.991
1652657880,+3.17, +2.357, +9.224,+0.990
1652657940,+3.17, +2.368, +9.230,+0.991
1652658000,+3.17, +2.389, +9.223,+0.991
1652658060,+3.17, +2.357, +9.228,+0.991
1652658120,+3.17, +2.325, +9.250,+0.991
1652658180,+3.17, +2.325, +9.240,+0.991
1652658240,+3.17, +2.357, +9.225,+0.991
1652658300,+3.17, +2.336, +9.244,+0.991
1652658360,+3.17, +2.357, +9.223,+0.991
1652658420,+3.17, +2.368, +9.240,+0.992
1652658480,+3.17, +2.336, +9.238,+0.991
1652658540,+3.17, +2.325, +9.247,+0.991
1652658600,+3.17, +2.357, +9.244,+0.991
1652658660,+3.17, +2.357, +9.233,+0.991
1652658720,+3.17, +2.336, +9.249,+0.992
1652658780,+3.17, +2.315, +9.240,+0.991
1652658840,+3.17, +2.294, +9.261,+0.991
1652658900,+3.17, +2.346, +9.245,+0.991
1652658960,+3.17, +2.294, +9.249,+0.991
1652659020,+3.17, +2.315, +9.243,+0.991
1652659080,+3.17, +2.294, +9.244,+0.991
1652659140,+3.17, +2.304, +9.245,+0.991
1652659200,+3.17, +2.294, +9.250,+0.991
1652659260,+3.16, +2.262, +9.267,+0.992
1652659320,+3.17, +2.273, +9.261,+0.991
1652659380,+3.17, +2.294, +9.242,+0.991
1652659440,+3.17, +2.304, +9.252,+0.991
1652659500,+3.17, +2.283, +9.255,+0.991
1652659560,+3.17, +2.294, +9.244,+0.991
1652659620,+3.17, +2.273, +9.250,+0.991
1652659680,+3.17, +2.304, +9.239,+0.991
1652659740,+3.17, +2.325, +9.233,+0.991
1652659800,+3.17, +2.273, +9.251,+0.991
1652659860,+3.17, +2.294, +9.257,+0.991
1652659920,+3.17, +2.283, +9.245,+0.991
1652659980,+3.17, +2.262, +9.261,+0.991
1652660040,+3.17, +2.283, +9.250,+0.991
1652660100,+3.17, +2.241, +9.268,+0.991
1652660160,+3.17, +2.273, +9.258,+0.991
1652660220,+3.17, +2.273, +9.254,+0.991
1652660280,+3.16, +2.283, +9.242,+0.991
1652660340,+3.17, +2.262, +9.255,+0.991
1652660400,+3.17, +2.273, +9.256,+0.991
1652660460,+3.17, +2.294, +9.253,+0.992
1652660520,+3.17, +2.283, +9.253,+0.991
1652660580,+3.17, +2.262, +9.241,+0.990
1652660640,+3.17, +2.252, +9.260,+0.991
1652660700,+3.17, +2.252, +9.259,+0.991
1652660760,+3.17, +2.262, +9.256,+0.991
1652660820,+3.17, +2.220, +9.253,+0.990
1652660880,+3.17, +2.241, +9.265,+0.991
1652660940,+3.17, +2.262, +9.245,+0.991
1652661000,+3.17, +2.230, +9.257,+0.990
1652661060,+3.17, +2.241, +9.262,+0.991
1652661120,+3.17, +2.252, +9.256,+0.991
1652661180,+3.17, +2.220, +9.267,+0.991
1652661240,+3.17, +2.241, +9.262,+0.991
1652661300,+3.17, +2.230, +9.263,+0.991
1652661360,+3.17, +2.241, +9.262,+0.991
1652661420,+3.17, +2.199, +9.275,+0.991
1652661480,+3.17, +2.230, +9.262,+0.991
1652661540,+3.17, +2.209, +9.273,+0.991
1652661600,+3.17, +2.220, +9.262,+0.991
1652661660,+3.17, +2.188, +9.276,+0.991
1652661720,+3.17, +2.220, +9.272,+0.991
1652661780,+3.17, +2.220, +9.260,+0.991
1652661840,+3.17, +2.209, +9.259,+0.991
1652661900,+3.17, +2.209, +9.248,+0.990
1652661960,+3.17, +2.220, +9.264,+0.991
1652662020,+3.17, +2.220, +9.259,+0.991
1652662080,+3.17, +2.199, +9.261,+0.991
1652662140,+3.17, +2.199, +9.263,+0.991
1652662200,+3.17, +2.220, +9.257,+0.991
1652662260,+3.17, +2.199, +9.265,+0.991
1652662320,+3.17, +2.199, +9.259,+0.991
1652662380,+3.17, +2.199, +9.265,+0.991
1652662440,+3.17, +2.178, +9.275,+0.991
1652662500,+3.17, +2.125, +9.287,+0.991
1652662560,+3.17, +2.167, +9.280,+0.991
1652662620,+3.17, +2.220, +9.250,+0.991
1652662680,+3.17, +2.188, +9.272,+0.991
1652662740,+3.17, +2.188, +9.268,+0.991
1652662800,+3.17, +2.157, +9.285,+0.991
1652662860,+3.17, +2.178, +9.285,+0.991
1652662920,+3.17, +2.157, +9.277,+0.991
1652662980,+3.17, +2.167, +9.280,+0.991
1652663040,+3.17, +2.178, +9.274,+0.991
1652663100,+3.17, +2.178, +9.259,+0.991
1652663160,+3.17, +2.114, +9.280,+0.990
1652663220,+3.17, +2.167, +9.252,+0.990
1652663280,+3.17, +2.104, +9.278,+0.990
1652663340,+3.17, +2.114, +9.271,+0.990
1652663400,+3.17, +2.093, +9.306,+0.992
1652663460,+3.17, +2.061, +9.323,+0.991
1652663520,+3.17, +2.104, +9.291,+0.991
1652663580,+3.17, +2.104, +9.295,+0.991
1652663640,+3.17, +2.125, +9.293,+0.991
1652663700,+3.17, +2.125, +9.281,+0.991
1652663760,+3.17, +2.125, +9.297,+0.992
1652663820,+3.17, +2.135, +9.283,+0.991
1652663880,+3.17, +2.114, +9.278,+0.991
1652663940,+3.17, +2.072, +9.302,+0.991
1652664000,+3.17, +2.114, +9.297,+0.991
1652664060,+3.17, +2.125, +9.289,+0.991
1652664120,+3.17, +2.135, +9.281,+0.991
1652664180,+3.17, +2.114, +9.292,+0.991
1652664240,+3.17, +2.125, +9.294,+0.992
1652664300,+3.17, +2.146, +9.279,+0.991
1652664360,+3.17, +2.114, +9.295,+0.991
1652664420,+3.17, +2.104, +9.294,+0.991
1652664480,+3.17, +2.082, +9.306,+0.991
1652664540,+3.17, +2.104, +9.284,+0.991
1652664600,+3.17, +2.114, +9.282,+0.991
1652664660,+3.17, +2.146, +9.266,+0.991
1652664720,+3.17, +2.061, +9.301,+0.991
1652664780,+3.17, +2.093, +9.301,+0.991
1652664840,+3.17, +2.093, +9.299,+0.991
1652664900,+3.17, +2.082, +9.307,+0.991
1652664960,+3.17, +2.082, +9.287,+0.990
1652665020,+3.17, +2.104, +9.285,+0.991
1652665080,+3.17, +2.093, +9.287,+0.991
1652665140,+3.17, +2.104, +9.295,+0.991
1652665200,+3.17, +2.072, +9.302,+0.991
1652665260,+3.17, +2.093, +9.289,+0.991
1652665320,+3.17, +2.104, +9.275,+0.991
1652665380,+3.17, +2.104, +9.286,+0.991
1652665440,+3.17, +2.082, +9.279,+0.990
1652665500,+3.17, +2.072, +9.300,+0.991
1652665560,+3.17, +2.061, +9.296,+0.990
1652665620,+3.17, +2.072, +9.300,+0.991
1652665680,+3.17, +2.082, +9.291,+0.990
1652665740,+3.17, +2.029, +9.316,+0.991
1652665800,+3.17, +2.104, +9.283,+0.991
1652665860,+3.17, +2.072, +9.303,+0.991
1652665920,+3.17, +2.061, +9.307,+0.991
1652665980,+3.17, +2.061, +9.307,+0.991
1652666040,+3.17, +2.093, +9.288,+0.991
1652666100,+3.17, +2.061, +9.294,+0.990
1652666160,+3.17, +2.114, +9.276,+0.991
1652666220,+3.17, +2.029, +9.322,+0.991
1652666280,+3.17, +2.093, +9.293,+0.991
1652666340,+3.17, +2.061, +9.300,+0.991
1652666400,+3.17, +2.082, +9.296,+0.991
1652666460,+3.17, +2.061, +9.315,+0.992
1652666520,+3.17, +2.040, +9.315,+0.991
1652666580,+3.17, +2.061, +9.297,+0.991
1652666640,+3.17, +2.019, +9.313,+0.990
1652666700,+3.17, +2.072, +9.304,+0.991
1652666760,+3.17, +2.051, +9.317,+0.992
1652666820,+3.17, +2.040, +9.292,+0.990
1652666880,+3.17, +2.051, +9.299,+0.991
1652666940,+3.17, +2.008, +9.316,+0.991
1652667000,+3.17, +2.051, +9.300,+0.991
1652667060,+3.17, +2.029, +9.316,+0.991
1652667120,+3.16, +2.040, +9.305,+0.991
1652667180,+3.17, +2.040, +9.309,+0.991
1652667240,+3.17, +2.061, +9.296,+0.991
1652667300,+3.17, +2.051, +9.299,+0.991
1652667360,+3.17, +2.040, +9.303,+0.991
1652667420,+3.17, +2.029, +9.312,+0.991
1652667480,+3.17, +2.019, +9.317,+0.991
1652667540,+3.17, +2.019, +9.314,+0.991
1652667600,+3.17, +2.051, +9.296,+0.991
1652667660,+3.17, +2.029, +9.310,+0.991
1652667720,+3.17, +2.029, +9.310,+0.991
1652667780,+3.17, +2.008, +9.320,+0.991
1652667840,+3.17, +2.019, +9.318,+0.991
1652667900,+3.17, +2.008, +9.319,+0.991
1652667960,+3.17, +2.008, +9.323,+0.991
1652668020,+3.17, +2.051, +9.296,+0.991
1652668080,+3.17, +2.008, +9.309,+0.991
1652668140,+3.17, +1.987, +9.332,+0.991
1652668200,+3.17, +2.019, +9.304,+0.991
1652668260,+3.17, +2.040, +9.298,+0.991
1652668320,+3.17, +2.029, +9.313,+0.991
1652668380,+3.17, +2.019, +9.294,+0.990
1652668440,+3.17, +2.040, +9.306,+0.991
1652668500,+3.17, +2.019, +9.315,+0.991
1652668560,+3.17, +2.019, +9.311,+0.991
1652668620,+3.17, +2.008, +9.310,+0.991
1652668680,+3.17, +2.019, +9.303,+0.991
1652668740,+3.17, +2.029, +9.308,+0.991
1652668800,+3.17, +1.998, +9.322,+0.991
1652668860,+3.17, +2.008, +9.309,+0.991
1652668920,+3.17, +1.998, +9.325,+0.991
1652668980,+3.17, +1.998, +9.307,+0.990
1652669040,+3.17, +2.019, +9.321,+0.992
1652669100,+3.17, +1.987, +9.326,+0.991
1652669160,+3.17, +2.008, +9.304,+0.991
1652669220,+3.17, +1.976, +9.313,+0.990
1652669280,+3.17, +2.029, +9.314,+0.991
1652669340,+3.17, +2.008, +9.315,+0.991
1652669400,+3.17, +1.998, +9.333,+0.992
1652669460,+3.17, +1.998, +9.310,+0.991
1652669520,+3.17, +1.998, +9.323,+0.991
1652669580,+3.17, +1.998, +9.315,+0.991
1652669640,+3.17, +1.966, +9.328,+0.991
1652669700,+3.17, +1.987, +9.309,+0.990
1652669760,+3.17, +1.955, +9.338,+0.991
1652669820,+3.17, +1.987, +9.322,+0.991
1652669880,+3.17, +1.945, +9.338,+0.991
1652669940,+3.17, +1.976, +9.329,+0.991
1652670000,+3.17, +1.987, +9.322,+0.991
1652670060,+3.17, +1.955, +9.332,+0.991
1652670120,+3.17, +2.008, +9.304,+0.991
1652670180,+3.17, +1.987, +9.316,+0.991
1652670240,+3.17, +1.966, +9.320,+0.991
1652670300,+3.17, +1.966, +9.329,+0.991
1652670360,+3.17, +1.934, +9.330,+0.991
1652670420,+3.17, +1.976, +9.310,+0.990
1652670480,+3.17, +1.987, +9.317,+0.991
1652670540,+3.17, +1.955, +9.338,+0.991
1652670600,+3.17, +1.987, +9.326,+0.991
1652670660,+3.17, +1.966, +9.332,+0.991
1652670720,+3.17, +1.966, +9.331,+0.991
1652670780,+3.17, +1.976, +9.316,+0.991
1652670840,+3.17, +1.987, +9.318,+0.991
1652670900,+3.17, +1.934, +9.339,+0.991
1652670960,+3.17, +1.976, +9.310,+0.991
1652671020,+3.17, +1.966, +9.335,+0.992
1652671080,+3.17, +1.987, +9.310,+0.991
1652671140,+3.17, +1.966, +9.322,+0.991
1652671200,+3.17, +1.976, +9.316,+0.991
1652671260,+3.17, +1.966, +9.324,+0.991
1652671320,+3.17, +1.976, +9.339,+0.992
1652671380,+3.17, +1.955, +9.325,+0.991
1652671440,+3.17, +1.955, +9.327,+0.991
1652671500,+3.17, +1.945, +9.331,+0.991
1652671560,+3.17, +1.966, +9.330,+0.991
1652671620,+3.17, +1.955, +9.332,+0.991
1652671680,+3.17, +1.976, +9.317,+0.991
1652671740,+3.17, +1.955, +9.330,+0.991
1652671800,+3.17, +1.934, +9.343,+0.991
1652671860,+3.17, +1.923, +9.351,+0.992
1652671920,+3.17, +1.945, +9.342,+0.992
1652671980,+3.17, +1.934, +9.330,+0.991
1652672040,+3.17, +1.955, +9.332,+0.991
1652672100,+3.17, +1.934, +9.339,+0.991
1652672160,+3.17, +1.934, +9.345,+0.992
1652672220,+3.17, +1.934, +9.338,+0.991
1652672280,+3.17, +1.913, +9.344,+0.991
1652672340,+3.17, +1.955, +9.331,+0.992
1652672400,+3.17, +1.913, +9.350,+0.992
1652672460,+3.17, +1.923, +9.352,+0.991
1652672520,+3.17, +1.923, +9.336,+0.991
1652672580,+3.17, +1.945, +9.328,+0.991
1652672640,+3.17, +1.902, +9.343,+0.991
1652672700,+3.17, +1.923, +9.355,+0.992
1652672760,+3.17, +1.923, +9.340,+0.991
1652672820,+3.17, +1.934, +9.330,+0.991
1652672880,+3.17, +1.934, +9.333,+0.991
1652672940,+3.17, +1.913, +9.348,+0.991
1652673000,+3.17, +1.923, +9.336,+0.991
1652673060,+3.17, +1.923, +9.331,+0.991
1652673120,+3.17, +1.881, +9.356,+0.991
1652673180,+3.17, +1.923, +9.331,+0.991
1652673240,+3.17, +1.923, +9.340,+0.991
1652673300,+3.17, +1.913, +9.327,+0.991
1652673360,+3.17, +1.923, +9.339,+0.991
1652673420,+3.17, +1.934, +9.331,+0.991
1652673480,+3.17, +1.923, +9.338,+0.991
1652673540,+3.17, +1.913, +9.312,+0.991
1652673600,+3.17, +1.796, +9.243,+0.990
1652673660,+3.17, +1.742, +9.318,+0.990
1652673720,+3.17, +1.710, +9.301,+0.991
1652673780,+3.17, +1.700, +9.276,+0.990
1652673840,+3.17, +1.593, +9.282,+0.991
1652673900,+3.17, +1.700, +9.373,+0.991
1652673960,+3.17, +1.764, +9.365,+0.991
1652674020,+3.17, +1.806, +9.358,+0.991
1652674080,+3.17, +1.828, +9.367,+0.991
1652674140,+3.17, +1.881, +9.350,+0.991
1652674200,+3.17, +1.881, +9.340,+0.991
1652674260,+3.17, +1.891, +9.341,+0.991
1652674320,+3.17, +1.891, +9.355,+0.992
1652674380,+3.17, +1.881, +9.357,+0.992
1652674440,+3.17, +1.860, +9.359,+0.991
1652674500,+3.17, +1.881, +9.346,+0.991
1652674560,+3.17, +1.902, +9.334,+0.991
1652674620,+3.17, +1.913, +9.344,+0.991
1652674680,+3.17, +1.881, +9.366,+0.992
1652674740,+3.17, +1.902, +9.336,+0.991
1652674800,+3.17, +1.913, +9.334,+0.991
1652674860,+3.17, +1.923, +9.336,+0.991
1652674920,+3.17, +1.913, +9.341,+0.991
1652674980,+3.17, +1.913, +9.340,+0.991
1652675040,+3.17, +1.870, +9.353,+0.991
1652675100,+3.17, +1.923, +9.335,+0.991
1652675160,+3.17, +1.913, +9.339,+0.991
1652675220,+3.17, +1.923, +9.335,+0.991
1652675280,+3.17, +1.923, +9.317,+0.990
1652675340,+3.17, +1.945, +9.331,+0.991
1652675400,+3.17, +1.934, +9.315,+0.991
1652675460,+3.17, +1.870, +9.356,+0.991
1652675520,+3.17, +1.860, +9.355,+0.991
1652675580,+3.17, +1.913, +9.340,+0.991
1652675640,+3.17, +1.913, +9.350,+0.991
1652675700,+3.17, +1.934, +9.329,+0.991
1652675760,+3.17, +1.923, +9.333,+0.991
1652675820,+3.17, +1.891, +9.321,+0.990
1652675880,+3.17, +1.891, +9.346,+0.991
1652675940,+3.17, +1.902, +9.351,+0.992
1652676000,+3.17, +1.913, +9.326,+0.990
1652676060,+3.17, +1.913, +9.338,+0.991
1652676120,+3.17, +1.934, +9.326,+0.991
1652676180,+3.17, +1.860, +9.350,+0.991
1652676240,+3.17, +1.891, +9.339,+0.991
1652676300,+3.17, +1.902, +9.333,+0.991
1652676360,+3.17, +1.923, +9.339,+0.991
1652676420,+3.17, +1.870, +9.354,+0.991
1652676480,+3.17, +1.881, +9.353,+0.991
1652676540,+3.17, +1.902, +9.342,+0.991
1652676600,+3.17, +1.913, +9.335,+0.991
1652676660,+3.17, +1.902, +9.339,+0.991
1652676720,+3.17, +1.881, +9.347,+0.991
1652676780,+3.17, +1.902, +9.328,+0.991
1652676840,+3.17, +1.891, +9.345,+0.992
1652676900,+3.17, +1.870, +9.348,+0.991
1652676960,+3.17, +1.881, +9.357,+0.991
1652677020,+3.17, +1.881, +9.343,+0.991
1652677080,+3.17, +1.870, +9.340,+0.991
1652677140,+3.17, +1.881, +9.339,+0.991
1652677200,+3.17, +1.860, +9.364,+0.992
1652677260,+3.17, +1.891, +9.350,+0.991
1652677320,+3.16, +1.891, +9.344,+0.991
1652677380,+3.17, +1.881, +9.341,+0.991
1652677440,+3.17, +1.881, +9.347,+0.991
1652677500,+3.17, +1.902, +9.344,+0.992
1652677560,+3.17, +1.881, +9.334,+0.991
1652677620,+3.17, +1.881, +9.336,+0.991
1652677680,+3.17, +1.891, +9.348,+0.991
1652677740,+3.17, +1.881, +9.347,+0.991
1652677800,+3.17, +1.902, +9.330,+0.991
1652677860,+3.17, +1.860, +9.344,+0.991
1652677920,+3.17, +1.881, +9.350,+0.992
1652677980,+3.17, +1.902, +9.335,+0.991
1652678040,+3.17, +1.860, +9.349,+0.991
1652678100,+3.17, +1.828, +9.369,+0.991
1652678160,+3.17, +1.870, +9.335,+0.990
1652678220,+3.17, +1.891, +9.332,+0.991
1652678280,+3.17, +1.860, +9.348,+0.991
1652678340,+3.17, +1.891, +9.336,+0.991
1652678400,+3.17, +1.891, +9.340,+0.991
1652678460,+3.17, +1.902, +9.318,+0.990
1652678520,+3.17, +1.881, +9.333,+0.991
1652678580,+3.17, +1.838, +9.353,+0.991
1652678640,+3.17, +1.891, +9.338,+0.991
1652678700,+3.17, +1.849, +9.353,+0.991
1652678760,+3.17, +1.881, +9.342,+0.991
1652678820,+3.17, +1.849, +9.356,+0.991
1652678880,+3.17, +1.860, +9.348,+0.991
1652678940,+3.17, +1.860, +9.347,+0.991
1652679000,+3.17, +1.891, +9.325,+0.991
1652679060,+3.17, +1.870, +9.340,+0.991
1652679120,+3.17, +1.828, +9.350,+0.991
1652679180,+3.17, +1.881, +9.338,+0.991
1652679240,+3.17, +1.881, +9.334,+0.991
1652679300,+3.17, +1.860, +9.340,+0.991
1652679360,+3.17, +1.881, +9.341,+0.991
1652679420,+3.17, +1.860, +9.333,+0.991
1652679480,+3.17, +1.881, +9.338,+0.991
1652679540,+3.17, +1.849, +9.356,+0.991
1652679600,+3.17, +1.870, +9.330,+0.991
1652679660,+3.17, +1.860, +9.362,+0.992
1652679720,+3.17, +1.828, +9.355,+0.991
1652679780,+3.17, +1.881, +9.339,+0.991
1652679840,+3.17, +1.891, +9.324,+0.990
1652679900,+3.17, +1.860, +9.354,+0.991
1652679960,+3.17, +1.838, +9.353,+0.991
1652680020,+3.17, +1.870, +9.343,+0.991
1652680080,+3.17, +1.870, +9.338,+0.991
1652680140,+3.17, +1.870, +9.330,+0.991
1652680200,+3.17, +1.860, +9.329,+0.990
1652680260,+3.17, +1.860, +9.347,+0.991
1652680320,+3.17, +1.849, +9.367,+0.992
1652680380,+3.17, +1.860, +9.340,+0.991
1652680440,+3.17, +1.860, +9.344,+0.991
1652680500,+3.17, +1.870, +9.335,+0.991
1652680560,+3.17, +1.870, +9.346,+0.991
1652680620,+3.17, +1.838, +9.348,+0.991
1652680680,+3.17, +1.849, +9.364,+0.992
1652680740,+3.17, +1.881, +9.336,+0.991
1652680800,+3.17, +1.881, +9.347,+0.992
1652680860,+3.17, +1.838, +9.350,+0.991
1652680920,+3.17, +1.849, +9.346,+0.991
1652680980,+3.17, +1.881, +9.321,+0.990
1652681040,+3.17, +1.870, +9.332,+0.991
1652681100,+3.17, +1.860, +9.340,+0.991
1652681160,+3.17, +1.870, +9.339,+0.991
1652681220,+3.17, +1.849, +9.351,+0.991
1652681280,+3.17, +1.849, +9.348,+0.991
1652681340,+3.17, +1.860, +9.339,+0.991
1652681400,+3.17, +1.860, +9.333,+0.991
1652681460,+3.17, +1.881, +9.332,+0.991
1652681520,+3.17, +1.881, +9.344,+0.991
1652681580,+3.17, +1.860, +9.348,+0.991
1652681640,+3.17, +1.849, +9.346,+0.991
1652681700,+3.17, +1.860, +9.341,+0.991
1652681760,+3.17, +1.902, +9.336,+0.991
1652681820,+3.17, +1.870, +9.348,+0.992
1652681880,+3.17, +1.849, +9.349,+0.991
1652681940,+3.17, +1.870, +9.338,+0.991
1652682000,+3.17, +1.838, +9.349,+0.991
1652682060,+3.17, +1.849, +9.356,+0.992
1652682120,+3.17, +1.817, +9.367,+0.991
1652682180,+3.17, +1.849, +9.349,+0.991
1652682240,+3.17, +1.849, +9.348,+0.991
1652682300,+3.17, +1.849, +9.342,+0.991
1652682360,+3.17, +1.838, +9.356,+0.991
1652682420,+3.17, +1.849, +9.347,+0.991
1652682480,+3.17, +1.860, +9.332,+0.991
1652682540,+3.17, +1.860, +9.349,+0.991
1652682600,+3.17, +1.838, +9.343,+0.991
1652682660,+3.17, +1.838, +9.346,+0.991
1652682720,+3.17, +1.838, +9.342,+0.991
1652682780,+3.17, +1.828, +9.360,+0.992
1652682840,+3.17, +1.870, +9.333,+0.991
1652682900,+3.17, +1.849, +9.364,+0.992
1652682960,+3.17, +1.817, +9.364,+0.991
1652683020,+3.17, +1.870, +9.345,+0.991
1652683080,+3.17, +1.870, +9.335,+0.991
1652683140,+3.17, +1.838, +9.350,+0.991
1652683200,+3.17, +1.849, +9.335,+0.991
1652683260,+3.17, +1.849, +9.357,+0.992
1652683320,+3.17, +1.849, +9.344,+0.991
1652683380,+3.17, +1.838, +9.338,+0.991
1652683440,+3.17, +1.849, +9.335,+0.991
1652683500,+3.17, +1.838, +9.341,+0.991
1652683560,+3.17, +1.849, +9.343,+0.991
1652683620,+3.17, +1.860, +9.339,+0.991
1652683680,+3.17, +1.860, +9.344,+0.991
1652683740,+3.17, +1.849, +9.352,+0.992
1652683800,+3.17, +1.849, +9.338,+0.991
1652683860,+3.17, +1.860, +9.346,+0.992
1652683920,+3.17, +1.849, +9.358,+0.992
1652683980,+3.17, +1.881, +9.319,+0.991
1652684040,+3.17, +1.828, +9.353,+0.991
1652684100,+3.17, +1.838, +9.342,+0.991
1652684160,+3.17, +1.849, +9.342,+0.991
1652684220,+3.17, +1.838, +9.343,+0.991
1652684280,+3.17, +1.838, +9.352,+0.991
1652684340,+3.17, +1.849, +9.327,+0.991
1652684400,+3.17, +1.838, +9.331,+0.990
1652684460,+3.17, +1.849, +9.331,+0.990
1652684520,+3.17, +1.860, +9.344,+0.991
1652684580,+3.17, +1.828, +9.348,+0.991
1652684640,+3.17, +1.860, +9.338,+0.991
1652684700,+3.17, +1.881, +9.333,+0.991
1652684760,+3.17, +1.828, +9.345,+0.991
1652684820,+3.17, +1.849, +9.342,+0.991
1652684880,+3.17, +1.838, +9.357,+0.992
1652684940,+3.17, +1.838, +9.343,+0.991
1652685000,+3.17, +1.849, +9.348,+0.991
1652685060,+3.17, +1.838, +9.344,+0.991
1652685120,+3.17, +1.828, +9.349,+0.991
1652685180,+3.17, +1.838, +9.340,+0.991
1652685240,+3.17, +1.828, +9.351,+0.991
1652685300,+3.17, +1.817, +9.338,+0.990
1652685360,+3.17, +1.838, +9.329,+0.990
1652685420,+3.17, +1.806, +9.352,+0.991
1652685480,+3.17, +1.860, +9.334,+0.991
1652685540,+3.17, +1.806, +9.372,+0.992
1652685600,+3.17, +1.817, +9.344,+0.991
1652685660,+3.17, +1.828, +9.355,+0.991
1652685720,+3.17, +1.796, +9.367,+0.991
1652685780,+3.17, +1.828, +9.354,+0.991
1652685840,+3.17, +1.828, +9.348,+0.991
1652685900,+3.17, +1.838, +9.342,+0.991
1652685960,+3.17, +1.828, +9.333,+0.991
1652686020,+3.17, +1.838, +9.357,+0.992
1652686080,+3.17, +1.838, +9.344,+0.991
1652686140,+3.17, +1.796, +9.346,+0.990
1652686200,+3.17, +1.838, +9.324,+0.990
1652686260,+3.17, +1.828, +9.339,+0.991
1652686320,+3.17, +1.817, +9.361,+0.991
1652686380,+3.17, +1.838, +9.343,+0.991
1652686440,+3.17, +1.838, +9.347,+0.991
1652686500,+3.17, +1.785, +9.369,+0.991
1652686560,+3.17, +1.849, +9.338,+0.991
1652686620,+3.17, +1.828, +9.350,+0.991
1652686680,+3.17, +1.828, +9.337,+0.991
1652686740,+3.17, +1.838, +9.341,+0.991
1652686800,+3.17, +1.796, +9.364,+0.991
1652686860,+3.17, +1.817, +9.345,+0.991
1652686920,+3.17, +1.806, +9.356,+0.991
1652686980,+3.17, +1.838, +9.340,+0.991
1652687040,+3.17, +1.817, +9.354,+0.991
1652687100,+3.17, +1.828, +9.353,+0.992
1652687160,+3.17, +1.828, +9.343,+0.991
1652687220,+3.17, +1.796, +9.348,+0.990
1652687280,+3.17, +1.849, +9.333,+0.991
1652687340,+3.17, +1.817, +9.351,+0.991
1652687400,+3.17, +1.838, +9.335,+0.991
1652687460,+3.17, +1.806, +9.360,+0.991
1652687520,+3.17, +1.806, +9.350,+0.991
1652687580,+3.17, +1.860, +9.338,+0.991
1652687640,+3.17, +1.806, +9.346,+0.991
1652687700,+3.17, +1.785, +9.358,+0.991
1652687760,+3.17, +1.828, +9.342,+0.991
1652687820,+3.17, +1.817, +9.345,+0.991
1652687880,+3.17, +1.796, +9.330,+0.990
1652687940,+3.17, +1.806, +9.352,+0.991
1652688000,+3.17, +1.796, +9.354,+0.991
1652688060,+3.17, +1.828, +9.350,+0.992
1652688120,+3.17, +1.806, +9.339,+0.991
1652688180,+3.17, +1.796, +9.356,+0.991
1652688240,+3.16, +1.838, +9.328,+0.991
1652688300,+3.17, +1.806, +9.342,+0.991
1652688360,+3.17, +1.817, +9.336,+0.991
1652688420,+3.17, +1.828, +9.347,+0.991
1652688480,+3.17, +1.838, +9.333,+0.991
1652688540,+3.17, +1.870, +9.331,+0.991
1652688600,+3.17, +1.806, +9.347,+0.991
1652688660,+3.17, +1.838, +9.336,+0.991
1652688720,+3.17, +1.828, +9.341,+0.991
1652688780,+3.17, +1.817, +9.353,+0.991
1652688840,+3.17, +1.817, +9.343,+0.991
1652688900,+3.16, +1.817, +9.347,+0.991
1652688960,+3.17, +1.828, +9.339,+0.991
1652689020,+3.17, +1.828, +9.342,+0.991
1652689080,+3.17, +1.817, +9.346,+0.991
1652689140,+3.17, +1.817, +9.332,+0.990
1652689200,+3.17, +1.817, +9.345,+0.991
1652689260,+3.17, +1.828, +9.345,+0.991
1652689320,+3.16, +1.774, +9.358,+0.991
1652689380,+3.17, +1.796, +9.342,+0.991
1652689440,+3.17, +1.817, +9.346,+0.991
1652689500,+3.17, +1.838, +9.331,+0.991
1652689560,+3.17, +1.806, +9.344,+0.991
1652689620,+3.17, +1.806, +9.340,+0.991
1652689680,+3.17, +1.774, +9.365,+0.991
1652689740,+3.17, +1.806, +9.364,+0.992
1652689800,+3.17, +1.806, +9.342,+0.991
1652689860,+3.17, +1.806, +9.341,+0.991
1652689920,+3.17, +1.806, +9.347,+0.991
1652689980,+3.17, +1.828, +9.334,+0.991
1652690040,+3.17, +1.806, +9.335,+0.990
1652690100,+3.17, +1.817, +9.334,+0.991
1652690160,+3.16, +1.806, +9.355,+0.992
1652690220,+3.17, +1.828, +9.341,+0.991
1652690280,+3.17, +1.828, +9.338,+0.991
1652690340,+3.17, +1.806, +9.343,+0.991
1652690400,+3.17, +1.796, +9.344,+0.991
1652690460,+3.17, +1.817, +9.340,+0.991
1652690520,+3.17, +1.806, +9.346,+0.991
1652690580,+3.17, +1.796, +9.351,+0.991
1652690640,+3.17, +1.806, +9.347,+0.991
1652690700,+3.17, +1.806, +9.337,+0.991
1652690760,+3.17, +1.817, +9.340,+0.991
1652690820,+3.17, +1.785, +9.348,+0.991
1652690880,+3.17, +1.753, +9.359,+0.991
1652690940,+3.17, +1.774, +9.364,+0.991
1652691000,+3.17, +1.796, +9.344,+0.991
1652691060,+3.17, +1.806, +9.356,+0.991
1652691120,+3.17, +1.785, +9.337,+0.990
1652691180,+3.17, +1.817, +9.333,+0.991
1652691240,+3.17, +1.796, +9.348,+0.991
1652691300,+3.17, +1.806, +9.339,+0.991
1652691360,+3.17, +1.796, +9.330,+0.990
1652691420,+3.17, +1.806, +9.335,+0.991
1652691480,+3.17, +1.796, +9.336,+0.991
1652691540,+3.17, +1.796, +9.350,+0.991
1652691600,+3.17, +1.817, +9.325,+0.990
1652691660,+3.17, +1.817, +9.341,+0.991
1652691720,+3.17, +1.817, +9.340,+0.992
1652691780,+3.17, +1.764, +9.364,+0.991
1652691840,+3.17, +1.817, +9.337,+0.991
1652691900,+3.17, +1.817, +9.334,+0.991
1652691960,+3.17, +1.796, +9.363,+0.992
1652692020,+3.17, +1.796, +9.361,+0.992
1652692080,+3.17, +1.806, +9.331,+0.991
1652692140,+3.17, +1.828, +9.340,+0.991
1652692200,+3.17, +1.806, +9.344,+0.991
1652692260,+3.17, +1.774, +9.355,+0.991
1652692320,+3.17, +1.817, +9.339,+0.991
1652692380,+3.17, +1.796, +9.344,+0.991
1652692440,+3.17, +1.774, +9.352,+0.991
1652692500,+3.17, +1.774, +9.364,+0.992
1652692560,+3.17, +1.785, +9.348,+0.991
1652692620,+3.17, +1.785, +9.346,+0.991
1652692680,+3.17, +1.785, +9.351,+0.991
1652692740,+3.17, +1.785, +9.351,+0.991
1652692800,+3.17, +1.785, +9.346,+0.991
1652692860,+3.17, +1.796, +9.352,+0.991
1652692920,+3.17, +1.774, +9.357,+0.991
1652692980,+3.17, +1.785, +9.352,+0.991
1652693040,+3.17, +1.785, +9.351,+0.991
1652693100,+3.17, +1.785, +9.349,+0.991
1652693160,+3.17, +1.785, +9.347,+0.991
1652693220,+3.17, +1.764, +9.354,+0.991
1652693280,+3.16, +1.785, +9.339,+0.991
1652693340,+3.17, +1.796, +9.337,+0.991
1652693400,+3.17, +1.785, +9.361,+0.992
1652693460,+3.17, +1.796, +9.347,+0.991
1652693520,+3.17, +1.817, +9.336,+0.991
1652693580,+3.17, +1.785, +9.350,+0.991
1652693640,+3.17, +1.806, +9.326,+0.991
1652693700,+3.17, +1.806, +9.336,+0.991
1652693760,+3.17, +1.785, +9.347,+0.991
1652693820,+3.17, +1.785, +9.349,+0.991
1652693880,+3.17, +1.785, +9.349,+0.991
1652693940,+3.17, +1.785, +9.344,+0.991
1652694000,+3.17, +1.774, +9.349,+0.991
1652694060,+3.17, +1.764, +9.359,+0.991
1652694120,+3.17, +1.806, +9.350,+0.992
1652694180,+3.17, +1.785, +9.344,+0.991
1652694240,+3.17, +1.774, +9.355,+0.991
1652694300,+3.17, +1.764, +9.363,+0.992
1652694360,+3.17, +1.796, +9.350,+0.992
1652694420,+3.17, +1.796, +9.339,+0.991
1652694480,+3.17, +1.785, +9.350,+0.991
1652694540,+3.17, +1.764, +9.360,+0.991
1652694600,+3.17, +1.774, +9.348,+0.991
1652694660,+3.17, +1.785, +9.344,+0.991
1652694720,+3.17, +1.785, +9.346,+0.991
1652694780,+3.17, +1.764, +9.352,+0.991
1652694840,+3.17, +1.796, +9.351,+0.992
1652694900,+3.17, +1.806, +9.338,+0.991
1652694960,+3.17, +1.796, +9.335,+0.991
1652695020,+3.17, +1.774, +9.355,+0.991
1652695080,+3.17, +1.785, +9.350,+0.991
1652695140,+3.17, +1.764, +9.355,+0.991
1652695200,+3.17, +1.764, +9.361,+0.991
1652695260,+3.17, +1.764, +9.345,+0.991
1652695320,+3.17, +1.753, +9.361,+0.991
1652695380,+3.17, +1.774, +9.346,+0.991
1652695440,+3.17, +1.785, +9.349,+0.991
1652695500,+3.17, +1.753, +9.355,+0.991
1652695560,+3.17, +1.732, +9.362,+0.991
1652695620,+3.17, +1.774, +9.352,+0.991
1652695680,+3.17, +1.796, +9.350,+0.991
1652695740,+3.17, +1.785, +9.343,+0.991
1652695800,+3.17, +1.785, +9.355,+0.992
1652695860,+3.17, +1.796, +9.341,+0.991
1652695920,+3.17, +1.753, +9.347,+0.990
1652695980,+3.17, +1.785, +9.335,+0.991
1652696040,+3.17, +1.785, +9.347,+0.991
1652696100,+3.17, +1.785, +9.338,+0.991
1652696160,+3.17, +1.764, +9.353,+0.991
1652696220,+3.17, +1.774, +9.352,+0.991
1652696280,+3.17, +1.774, +9.357,+0.991
1652696340,+3.17, +1.764, +9.362,+0.992
1652696400,+3.17, +1.774, +9.340,+0.991
1652696460,+3.17, +1.764, +9.347,+0.991
1652696520,+3.17, +1.753, +9.353,+0.991
1652696580,+3.17, +1.764, +9.352,+0.991
1652696640,+3.17, +1.774, +9.335,+0.991
1652696700,+3.17, +1.764, +9.347,+0.991
1652696760,+3.17, +1.764, +9.354,+0.991
1652696820,+3.17, +1.764, +9.359,+0.991
1652696880,+3.17, +1.732, +9.350,+0.990
1652696940,+3.17, +1.764, +9.345,+0.991
1652697000,+3.17, +1.753, +9.351,+0.991
1652697060,+3.17, +1.764, +9.356,+0.991
1652697120,+3.17, +1.774, +9.336,+0.990
1652697180,+3.17, +1.774, +9.346,+0.991
1652697240,+3.17, +1.764, +9.346,+0.991
1652697300,+3.17, +1.774, +9.342,+0.991
1652697360,+3.17, +1.774, +9.334,+0.991
1652697420,+3.17, +1.753, +9.355,+0.991
1652697480,+3.17, +1.742, +9.366,+0.991
1652697540,+3.16, +1.753, +9.355,+0.991
1652697600,+3.17, +1.742, +9.356,+0.991
1652697660,+3.16, +1.732, +9.355,+0.991
1652697720,+3.17, +1.753, +9.344,+0.991
1652697780,+3.17, +1.753, +9.355,+0.991
1652697840,+3.17, +1.753, +9.352,+0.991
1652697900,+3.17, +1.742, +9.353,+0.991
1652697960,+3.17, +1.732, +9.367,+0.991
1652698020,+3.17, +1.753, +9.360,+0.992
1652698080,+3.17, +1.732, +9.361,+0.991
1652698140,+3.17, +1.732, +9.354,+0.991
1652698200,+3.17, +1.764, +9.360,+0.992
1652698260,+3.17, +1.764, +9.352,+0.991
1652698320,+3.17, +1.732, +9.361,+0.991
1652698380,+3.17, +1.753, +9.344,+0.991
1652698440,+3.17, +1.753, +9.353,+0.991
1652698500,+3.17, +1.710, +9.368,+0.991
1652698560,+3.17, +1.732, +9.356,+0.991
1652698620,+3.17, +1.732, +9.356,+0.991
1652698680,+3.17, +1.764, +9.355,+0.991
1652698740,+3.17, +1.742, +9.371,+0.992
1652698800,+3.17, +1.753, +9.345,+0.991
1652698860,+3.17, +1.721, +9.359,+0.991
1652698920,+3.17, +1.721, +9.378,+0.992
1652698980,+3.16, +1.753, +9.353,+0.991
1652699040,+3.16, +1.742, +9.358,+0.991
1652699100,+3.17, +1.721, +9.362,+0.991
1652699160,+3.17, +1.742, +9.362,+0.991
1652699220,+3.17, +1.742, +9.349,+0.991
1652699280,+3.17, +1.753, +9.350,+0.991
1652699340,+3.17, +1.742, +9.362,+0.991
1652699400,+3.17, +1.753, +9.347,+0.991
1652699460,+3.17, +1.742, +9.363,+0.991
1652699520,+3.17, +1.753, +9.346,+0.991
1652699580,+3.17, +1.753, +9.339,+0.990
1652699640,+3.17, +1.732, +9.365,+0.991
1652699700,+3.17, +1.732, +9.362,+0.991
1652699760,+3.17, +1.732, +9.354,+0.991
1652699820,+3.17, +1.764, +9.337,+0.991
1652699880,+3.16, +1.742, +9.350,+0.991
1652699940,+3.17, +1.721, +9.382,+0.992
1652700000,+3.17, +1.710, +9.372,+0.991
1652700060,+3.17, +1.764, +9.336,+0.990
1652700120,+3.17, +1.753, +9.357,+0.991
1652700180,+3.16, +1.753, +9.367,+0.992
1652700240,+3.17, +1.753, +9.351,+0.991
1652700300,+3.17, +1.742, +9.348,+0.991
1652700360,+3.17, +1.753, +9.348,+0.991
1652700420,+3.17, +1.742, +9.345,+0.991
1652700480,+3.16, +1.689, +9.377,+0.991
1652700540,+3.17, +1.732, +9.362,+0.991
1652700600,+3.17, +1.742, +9.356,+0.991
1652700660,+3.17, +1.764, +9.338,+0.991
1652700720,+3.17, +1.732, +9.358,+0.991
1652700780,+3.17, +1.721, +9.367,+0.991
1652700840,+3.17, +1.742, +9.346,+0.991
1652700900,+3.16, +1.742, +9.362,+0.992
1652700960,+3.16, +1.742, +9.356,+0.991
1652701020,+3.17, +1.764, +9.337,+0.991
1652701080,+3.17, +1.742, +9.342,+0.990
1652701140,+3.17, +1.668, +9.368,+0.991
1652701200,+3.17, +1.753, +9.359,+0.991
1652701260,+3.17, +1.732, +9.373,+0.992
1652701320,+3.17, +1.742, +9.359,+0.991
1652701380,+3.17, +1.710, +9.362,+0.991
1652701440,+3.17, +1.732, +9.356,+0.991
1652701500,+3.17, +1.721, +9.378,+0.992
1652701560,+3.17, +1.753, +9.355,+0.991
1652701620,+3.17, +1.732, +9.364,+0.991
1652701680,+3.17, +1.721, +9.366,+0.991
1652701740,+3.17, +1.721, +9.377,+0.992
1652701800,+3.17, +1.721, +9.366,+0.991
1652701860,+3.16, +1.732, +9.357,+0.991
1652701920,+3.17, +1.742, +9.354,+0.991
1652701980,+3.17, +1.732, +9.356,+0.991
1652702040,+3.17, +1.764, +9.346,+0.991
1652702100,+3.17, +1.721, +9.347,+0.991
1652702160,+3.17, +1.732, +9.362,+0.991
1652702220,+3.17, +1.742, +9.360,+0.991
1652702280,+3.17, +1.742, +9.360,+0.991
1652702340,+3.16, +1.742, +9.346,+0.991
1652702400,+3.17, +1.732, +9.355,+0.991
1652702460,+3.17, +1.721, +9.354,+0.991
1652702520,+3.17, +1.742, +9.365,+0.992
1652702580,+3.17, +1.732, +9.371,+0.992
1652702640,+3.16, +1.700, +9.370,+0.991
1652702700,+3.17, +1.668, +9.383,+0.991
1652702760,+3.16, +1.700, +9.377,+0.991
1652702820,+3.17, +1.700, +9.362,+0.991
1652702880,+3.17, +1.710, +9.359,+0.991
1652702940,+3.17, +1.710, +9.364,+0.991
1652703000,+3.17, +1.742, +9.350,+0.991
1652703060,+3.17, +1.721, +9.355,+0.991
1652703120,+3.16, +1.689, +9.376,+0.991
1652703180,+3.17, +1.721, +9.365,+0.991
1652703240,+3.17, +1.732, +9.370,+0.992
1652703300,+3.17, +1.721, +9.361,+0.991
1652703360,+3.16, +1.742, +9.349,+0.991
1652703420,+3.17, +1.700, +9.366,+0.991
1652703480,+3.16, +1.721, +9.365,+0.991
1652703540,+3.17, +1.721, +9.354,+0.990
1652703600,+3.17, +1.732, +9.350,+0.990
1652703660,+3.17, +1.732, +9.364,+0.991
1652703720,+3.16, +1.710, +9.359,+0.991
1652703780,+3.17, +1.732, +9.358,+0.991
1652703840,+3.17, +1.732, +9.351,+0.991
1652703900,+3.17, +1.678, +9.381,+0.991
1652703960,+3.17, +1.732, +9.352,+0.991
1652704020,+3.17, +1.764, +9.342,+0.991
1652704080,+3.17, +1.742, +9.362,+0.991
1652704140,+3.17, +1.742, +9.358,+0.991
1652704200,+3.17, +1.742, +9.349,+0.991
1652704260,+3.17, +1.721, +9.353,+0.991
1652704320,+3.17, +1.753, +9.355,+0.991
1652704380,+3.16, +1.721, +9.366,+0.991
1652704440,+3.17, +1.785, +9.356,+0.992
1652704500,+3.17, +1.764, +9.343,+0.991
1652704560,+3.17, +1.742, +9.350,+0.991
1652704620,+3.17, +1.753, +9.357,+0.991
1652704680,+3.16, +1.742, +9.356,+0.991
1652704740,+3.17, +1.753, +9.342,+0.991
1652704800,+3.17, +1.753, +9.347,+0.991
1652704860,+3.16, +1.764, +9.332,+0.991
1652704920,+3.17, +1.753, +9.358,+0.991
1652704980,+3.17, +1.732, +9.359,+0.991
1652705040,+3.16, +1.785, +9.339,+0.991
1652705100,+3.17, +1.742, +9.358,+0.991
1652705160,+3.17, +1.742, +9.359,+0.991
1652705220,+3.17, +1.732, +9.356,+0.991
1652705280,+3.17, +1.753, +9.361,+0.991
1652705340,+3.17, +1.742, +9.349,+0.991
1652705400,+3.17, +1.742, +9.358,+0.991
1652705460,+3.17, +1.764, +9.349,+0.991
1652705520,+3.16, +1.742, +9.355,+0.991
1652705580,+3.17, +1.785, +9.335,+0.991
1652705640,+3.17, +1.774, +9.340,+0.991
1652705700,+3.17, +1.742, +9.355,+0.991
1652705760,+3.17, +1.753, +9.349,+0.991
1652705820,+3.17, +1.753, +9.357,+0.991
1652705880,+3.16, +1.764, +9.340,+0.990
1652705940,+3.17, +1.742, +9.352,+0.991
1652706000,+3.17, +1.742, +9.369,+0.991
1652706060,+3.17, +1.742, +9.373,+0.992
1652706120,+3.17, +1.742, +9.365,+0.991
1652706180,+3.17, +1.764, +9.341,+0.991
1652706240,+3.17, +1.742, +9.358,+0.991
1652706300,+3.17, +1.764, +9.356,+0.991
1652706360,+3.17, +1.774, +9.355,+0.992
1652706420,+3.17, +1.764, +9.363,+0.992
1652706480,+3.17, +1.774, +9.337,+0.991
1652706540,+3.17, +1.764, +9.340,+0.991
1652706600,+3.17, +1.764, +9.341,+0.990
1652706660,+3.17, +1.774, +9.345,+0.991
1652706720,+3.16, +1.774, +9.337,+0.991
1652706780,+3.16, +1.764, +9.359,+0.991
1652706840,+3.16, +1.774, +9.354,+0.991
1652706900,+3.17, +1.753, +9.368,+0.991
1652706960,+3.16, +1.721, +9.369,+0.991
1652707020,+3.17, +1.774, +9.343,+0.991
1652707080,+3.17, +1.785, +9.332,+0.991
1652707140,+3.17, +1.742, +9.351,+0.991
1652707200,+3.17, +1.764, +9.344,+0.991
1652707260,+3.17, +1.753, +9.353,+0.991
1652707320,+3.16, +1.785, +9.344,+0.991
1652707380,+3.17, +1.806, +9.339,+0.991
1652707440,+3.16, +1.764, +9.355,+0.991
1652707500,+3.17, +1.753, +9.371,+0.992
1652707560,+3.17, +1.774, +9.347,+0.991
1652707620,+3.17, +1.774, +9.344,+0.991
1652707680,+3.17, +1.774, +9.350,+0.991
1652707740,+3.17, +1.796, +9.335,+0.991
1652707800,+3.17, +1.774, +9.341,+0.991
1652707860,+3.17, +1.764, +9.364,+0.992
1652707920,+3.17, +1.796, +9.346,+0.991
1652707980,+3.16, +1.774, +9.353,+0.991
1652708040,+3.16, +1.785, +9.341,+0.991
1652708100,+3.17, +1.806, +9.334,+0.991
1652708160,+3.17, +1.796, +9.338,+0.991
1652708220,+3.17, +1.764, +9.354,+0.991
1652708280,+3.17, +1.753, +9.357,+0.991
1652708340,+3.17, +1.774, +9.354,+0.991
1652708400,+3.16, +1.764, +9.360,+0.991
1652708460,+3.16, +1.796, +9.349,+0.991
1652708520,+3.17, +1.796, +9.350,+0.991
1652708580,+3.17, +1.796, +9.349,+0.991
1652708640,+3.17, +1.796, +9.353,+0.991
1652708700,+3.17, +1.785, +9.352,+0.991
1652708760,+3.17, +1.796, +9.352,+0.992
1652708820,+3.17, +1.806, +9.348,+0.991
1652708880,+3.17, +1.806, +9.353,+0.991
1652708940,+3.17, +1.828, +9.336,+0.991
1652709000,+3.17, +1.774, +9.345,+0.990
1652709060,+3.17, +1.796, +9.357,+0.991
1652709120,+3.17, +1.828, +9.336,+0.991
1652709180,+3.17, +1.817, +9.344,+0.991
1652709240,+3.16, +1.817, +9.331,+0.990
1652709300,+3.17, +1.849, +9.331,+0.991
1652709360,+3.16, +1.806, +9.346,+0.991
1652709420,+3.16, +1.828, +9.333,+0.991
1652709480,+3.17, +1.828, +9.337,+0.991
1652709540,+3.17, +1.838, +9.342,+0.991
1652709600,+3.17, +1.796, +9.344,+0.991
1652709660,+3.17, +1.838, +9.353,+0.992
1652709720,+3.16, +1.817, +9.354,+0.992
1652709780,+3.17, +1.838, +9.345,+0.991
1652709840,+3.16, +1.838, +9.345,+0.991
1652709900,+3.17, +1.817, +9.337,+0.991
1652709960,+3.17, +1.849, +9.339,+0.991
1652710020,+3.17, +1.838, +9.340,+0.991
1652710080,+3.16, +1.838, +9.335,+0.991
1652710140,+3.16, +1.849, +9.355,+0.992
1652710200,+3.17, +1.838, +9.350,+0.992
1652710260,+3.17, +1.849, +9.324,+0.990
1652710320,+3.17, +1.860, +9.354,+0.992
1652710380,+3.17, +1.860, +9.328,+0.991
1652710440,+3.16, +1.870, +9.336,+0.991
1652710500,+3.16, +1.870, +9.336,+0.992
1652710560,+3.17, +1.870, +9.335,+0.991
1652710620,+3.17, +1.881, +9.330,+0.991
1652710680,+3.17, +1.891, +9.328,+0.991
1652710740,+3.17, +1.870, +9.327,+0.991
1652710800,+3.17, +1.891, +9.338,+0.992
1652710860,+3.17, +1.891, +9.331,+0.991
1652710920,+3.16, +1.913, +9.322,+0.991
1652710980,+3.17, +1.891, +9.325,+0.991
1652711040,+3.17, +1.881, +9.338,+0.991
1652711100,+3.17, +1.902, +9.315,+0.990
1652711160,+3.17, +1.870, +9.332,+0.991
1652711220,+3.17, +1.891, +9.332,+0.991
1652711280,+3.16, +1.934, +9.314,+0.991
1652711340,+3.17, +1.902, +9.334,+0.991
1652711400,+3.17, +1.902, +9.329,+0.991
1652711460,+3.17, +1.913, +9.319,+0.991
1652711520,+3.16, +1.945, +9.323,+0.991
1652711580,+3.17, +1.923, +9.311,+0.991
1652711640,+3.17, +1.913, +9.329,+0.991
1652711700,+3.16, +1.945, +9.317,+0.991
1652711760,+3.17, +1.923, +9.314,+0.991
1652711820,+3.16, +1.934, +9.315,+0.991
1652711880,+3.17, +1.913, +9.325,+0.991
1652711940,+3.17, +1.902, +9.319,+0.990
1652712000,+3.17, +1.923, +9.315,+0.990
1652712060,+3.17, +1.955, +9.319,+0.991
1652712120,+3.16, +1.955, +9.305,+0.990
1652712180,+3.16, +1.966, +9.309,+0.991
1652712240,+3.17, +1.976, +9.297,+0.990
1652712300,+3.17, +1.987, +9.293,+0.990
1652712360,+3.16, +1.976, +9.293,+0.990
1652712420,+3.17, +1.945, +9.323,+0.991
1652712480,+3.16, +1.987, +9.290,+0.990
1652712540,+3.17, +1.998, +9.296,+0.990
1652712600,+3.17, +1.976, +9.309,+0.991
1652712660,+3.17, +1.998, +9.296,+0.990
1652712720,+3.17, +1.998, +9.311,+0.991
1652712780,+3.17, +1.998, +9.295,+0.990
1652712840,+3.16, +2.019, +9.294,+0.990
1652712900,+3.16, +1.987, +9.302,+0.991
1652712960,+3.16, +2.008, +9.290,+0.990
1652713020,+3.17, +1.976, +9.310,+0.991
1652713080,+3.16, +1.998, +9.298,+0.990
1652713140,+3.16, +2.019, +9.288,+0.991
1652713200,+3.17, +2.019, +9.282,+0.990
1652713260,+3.16, +2.019, +9.311,+0.991
1652713320,+3.16, +2.040, +9.288,+0.991
1652713380,+3.16, +2.029, +9.289,+0.991
1652713440,+3.16, +2.061, +9.292,+0.991
1652713500,+3.17, +2.051, +9.280,+0.990
1652713560,+3.17, +2.019, +9.298,+0.991
1652713620,+3.17, +2.040, +9.292,+0.991
1652713680,+3.17, +2.051, +9.279,+0.990
