7392-928226
OS REV: 1.11 Sensor Cal: 1496933196
Time (sec),  BV (Volts),  T (deg C),  DO (mg/l),  Q ()
1652368140,+3.19, +1.561, +9.303,+0.991
1652368200,+3.19, +1.571, +9.289,+0.990
1652368260,+3.19, +1.571, +9.300,+0.991
1652368320,+3.19, +1.571, +9.289,+0.990
1652368380,+3.19, +1.571, +9.294,+0.990
1652368440,+3.19, +1.561, +9.302,+0.990
1652368500,+3.19, +1.593, +9.294,+0.991
1652368560,+3.19, +1.561, +9.295,+0.990
1652368620,+3.19, +1.582, +9.296,+0.991
1652368680,+3.19, +1.571, +9.303,+0.991
1652368740,+3.19, +1.604, +9.278,+0.990
1652368800,+3.19, +1.571, +9.291,+0.991
1652368860,+3.19, +1.561, +9.301,+0.991
1652368920,+3.19, +1.571, +9.293,+0.990
1652368980,+3.19, +1.571, +9.293,+0.990
1652369040,+3.19, +1.571, +9.297,+0.991
1652369100,+3.19, +1.604, +9.291,+0.990
1652369160,+3.19, +1.593, +9.295,+0.990
1652369220,+3.19, +1.593, +9.300,+0.991
1652369280,+3.19, +1.561, +9.305,+0.991
1652369340,+3.19, +1.593, +9.306,+0.991
1652369400,+3.19, +1.593, +9.294,+0.991
1652369460,+3.19, +1.582, +9.311,+0.991
1652369520,+3.19, +1.604, +9.283,+0.990
1652369580,+3.19, +1.625, +9.283,+0.991
1652369640,+3.19, +1.604, +9.294,+0.991
1652369700,+3.19, +1.604, +9.307,+0.991
1652369760,+3.19, +1.582, +9.302,+0.991
1652369820,+3.19, +1.593, +9.304,+0.991
1652369880,+3.19, +1.604, +9.298,+0.991
1652369940,+3.19, +1.625, +9.280,+0.990
1652370000,+3.19, +1.614, +9.302,+0.991
1652370060,+3.19, +1.614, +9.295,+0.991
1652370120,+3.19, +1.614, +9.296,+0.991
1652370180,+3.19, +1.636, +9.286,+0.991
1652370240,+3.19, +1.614, +9.295,+0.991
1652370300,+3.19, +1.625, +9.290,+0.991
1652370360,+3.19, +1.668, +9.286,+0.992
1652370420,+3.19, +1.636, +9.284,+0.991
1652370480,+3.19, +1.646, +9.284,+0.991
1652370540,+3.19, +1.657, +9.285,+0.991
1652370600,+3.19, +1.668, +9.279,+0.991
1652370660,+3.19, +1.625, +9.308,+0.991
1652370720,+3.19, +1.625, +9.295,+0.991
1652370780,+3.19, +1.646, +9.290,+0.991
1652370840,+3.19, +1.646, +9.290,+0.991
1652370900,+3.19, +1.646, +9.302,+0.991
1652370960,+3.19, +1.636, +9.305,+0.991
1652371020,+3.19, +1.678, +9.289,+0.992
1652371080,+3.19, +1.646, +9.301,+0.991
1652371140,+3.19, +1.657, +9.287,+0.991
1652371200,+3.19, +1.678, +9.283,+0.991
1652371260,+3.19, +1.678, +9.276,+0.991
1652371320,+3.19, +1.636, +9.301,+0.991
1652371380,+3.19, +1.668, +9.291,+0.991
1652371440,+3.19, +1.646, +9.298,+0.991
1652371500,+3.19, +1.657, +9.293,+0.991
1652371560,+3.19, +1.668, +9.282,+0.991
1652371620,+3.19, +1.657, +9.288,+0.991
1652371680,+3.19, +1.657, +9.297,+0.991
1652371740,+3.19, +1.657, +9.293,+0.991
1652371800,+3.19, +1.678, +9.275,+0.991
1652371860,+3.19, +1.678, +9.277,+0.991
1652371920,+3.19, +1.678, +9.278,+0.991
1652371980,+3.19, +1.668, +9.293,+0.991
1652372040,+3.19, +1.700, +9.291,+0.991
1652372100,+3.19, +1.668, +9.280,+0.990
1652372160,+3.19, +1.700, +9.288,+0.992
1652372220,+3.19, +1.689, +9.290,+0.992
1652372280,+3.19, +1.700, +9.282,+0.991
1652372340,+3.19, +1.657, +9.290,+0.991
1652372400,+3.19, +1.689, +9.282,+0.991
1652372460,+3.19, +1.700, +9.293,+0.992
1652372520,+3.19, +1.710, +9.278,+0.991
1652372580,+3.19, +1.689, +9.290,+0.991
1652372640,+3.19, +1.689, +9.263,+0.990
1652372700,+3.19, +1.710, +9.280,+0.991
1652372760,+3.19, +1.678, +9.297,+0.991
1652372820,+3.19, +1.721, +9.286,+0.992
1652372880,+3.19, +1.700, +9.273,+0.991
1652372940,+3.19, +1.689, +9.294,+0.991
1652373000,+3.19, +1.710, +9.287,+0.991
1652373060,+3.19, +1.700, +9.290,+0.991
1652373120,+3.19, +1.721, +9.281,+0.991
1652373180,+3.19, +1.732, +9.281,+0.992
1652373240,+3.19, +1.721, +9.275,+0.991
1652373300,+3.19, +1.700, +9.280,+0.991
1652373360,+3.19, +1.721, +9.286,+0.991
1652373420,+3.19, +1.742, +9.271,+0.991
1652373480,+3.19, +1.710, +9.282,+0.991
1652373540,+3.19, +1.710, +9.275,+0.991
1652373600,+3.19, +1.689, +9.290,+0.991
1652373660,+3.19, +1.700, +9.290,+0.991
1652373720,+3.19, +1.721, +9.281,+0.991
1652373780,+3.19, +1.742, +9.287,+0.992
1652373840,+3.19, +1.700, +9.291,+0.991
1652373900,+3.19, +1.700, +9.294,+0.991
1652373960,+3.19, +1.732, +9.279,+0.991
1652374020,+3.19, +1.753, +9.270,+0.991
1652374080,+3.19, +1.678, +9.301,+0.991
1652374140,+3.19, +1.753, +9.278,+0.991
1652374200,+3.19, +1.785, +9.283,+0.992
1652374260,+3.19, +1.753, +9.278,+0.991
1652374320,+3.19, +1.774, +9.267,+0.991
1652374380,+3.19, +1.764, +9.276,+0.991
1652374440,+3.19, +1.742, +9.287,+0.991
1652374500,+3.19, +1.774, +9.258,+0.990
1652374560,+3.19, +1.796, +9.268,+0.991
1652374620,+3.19, +1.732, +9.290,+0.990
1652374680,+3.19, +1.753, +9.291,+0.991
1652374740,+3.19, +1.838, +9.256,+0.991
1652374800,+3.19, +1.817, +9.258,+0.990
1652374860,+3.19, +1.806, +9.277,+0.991
1652374920,+3.19, +1.817, +9.275,+0.991
1652374980,+3.19, +1.806, +9.274,+0.991
1652375040,+3.19, +1.817, +9.264,+0.991
1652375100,+3.18, +1.828, +9.255,+0.990
1652375160,+3.19, +1.838, +9.263,+0.991
1652375220,+3.19, +1.838, +9.267,+0.991
1652375280,+3.19, +1.806, +9.280,+0.991
1652375340,+3.18, +1.806, +9.282,+0.991
1652375400,+3.18, +1.838, +9.275,+0.991
1652375460,+3.19, +1.828, +9.274,+0.991
1652375520,+3.19, +1.817, +9.287,+0.991
1652375580,+3.19, +1.838, +9.257,+0.990
1652375640,+3.19, +1.849, +9.261,+0.991
1652375700,+3.19, +1.838, +9.267,+0.991
1652375760,+3.19, +1.870, +9.259,+0.991
1652375820,+3.19, +1.849, +9.268,+0.991
1652375880,+3.19, +1.860, +9.263,+0.991
1652375940,+3.19, +1.870, +9.259,+0.991
1652376000,+3.19, +1.860, +9.257,+0.991
1652376060,+3.19, +1.849, +9.272,+0.991
1652376120,+3.19, +1.849, +9.260,+0.991
1652376180,+3.19, +1.860, +9.256,+0.991
1652376240,+3.19, +1.817, +9.278,+0.991
1652376300,+3.19, +1.817, +9.271,+0.991
1652376360,+3.19, +1.796, +9.266,+0.991
1652376420,+3.19, +1.796, +9.277,+0.991
1652376480,+3.19, +1.732, +9.292,+0.991
1652376540,+3.19, +1.753, +9.295,+0.991
1652376600,+3.19, +1.796, +9.275,+0.991
1652376660,+3.19, +1.764, +9.282,+0.991
1652376720,+3.19, +1.785, +9.283,+0.991
1652376780,+3.19, +1.796, +9.284,+0.991
1652376840,+3.19, +1.785, +9.290,+0.991
1652376900,+3.19, +1.828, +9.277,+0.991
1652376960,+3.19, +1.849, +9.272,+0.991
1652377020,+3.19, +1.828, +9.277,+0.991
1652377080,+3.19, +1.849, +9.273,+0.991
1652377140,+3.19, +1.870, +9.274,+0.991
1652377200,+3.19, +1.891, +9.263,+0.991
1652377260,+3.19, +1.913, +9.253,+0.991
1652377320,+3.19, +1.902, +9.267,+0.992
1652377380,+3.19, +1.934, +9.255,+0.991
1652377440,+3.19, +1.923, +9.255,+0.991
1652377500,+3.19, +1.955, +9.228,+0.990
1652377560,+3.19, +1.955, +9.241,+0.991
1652377620,+3.19, +1.955, +9.241,+0.991
1652377680,+3.19, +1.913, +9.280,+0.992
1652377740,+3.18, +2.008, +9.231,+0.991
1652377800,+3.19, +1.966, +9.250,+0.991
1652377860,+3.19, +1.998, +9.243,+0.992
1652377920,+3.19, +2.019, +9.213,+0.990
1652377980,+3.19, +2.019, +9.241,+0.991
1652378040,+3.19, +2.019, +9.241,+0.991
1652378100,+3.19, +2.040, +9.231,+0.991
1652378160,+3.19, +2.008, +9.245,+0.991
1652378220,+3.19, +2.019, +9.250,+0.992
1652378280,+3.19, +2.061, +9.212,+0.991
1652378340,+3.19, +2.061, +9.223,+0.991
1652378400,+3.19, +2.093, +9.214,+0.991
1652378460,+3.18, +2.061, +9.214,+0.991
1652378520,+3.19, +2.082, +9.218,+0.991
1652378580,+3.19, +2.114, +9.205,+0.991
1652378640,+3.19, +2.104, +9.208,+0.991
1652378700,+3.19, +2.104, +9.221,+0.991
1652378760,+3.19, +2.146, +9.188,+0.991
1652378820,+3.19, +2.135, +9.197,+0.991
1652378880,+3.19, +2.125, +9.206,+0.991
1652378940,+3.19, +2.146, +9.199,+0.991
1652379000,+3.19, +2.146, +9.203,+0.991
1652379060,+3.19, +2.125, +9.217,+0.991
1652379120,+3.19, +2.146, +9.197,+0.991
1652379180,+3.19, +2.146, +9.194,+0.991
1652379240,+3.18, +2.188, +9.185,+0.991
1652379300,+3.19, +2.167, +9.199,+0.991
1652379360,+3.18, +2.146, +9.209,+0.991
1652379420,+3.18, +2.125, +9.209,+0.991
1652379480,+3.19, +2.178, +9.188,+0.991
1652379540,+3.19, +2.157, +9.199,+0.991
1652379600,+3.19, +2.146, +9.196,+0.991
1652379660,+3.19, +2.135, +9.194,+0.990
1652379720,+3.19, +2.114, +9.200,+0.991
1652379780,+3.19, +2.072, +9.213,+0.990
1652379840,+3.19, +2.051, +9.228,+0.991
1652379900,+3.19, +2.051, +9.222,+0.991
1652379960,+3.19, +2.072, +9.219,+0.991
1652380020,+3.19, +2.061, +9.220,+0.991
1652380080,+3.19, +2.082, +9.207,+0.990
1652380140,+3.19, +2.125, +9.221,+0.992
1652380200,+3.19, +2.146, +9.204,+0.991
1652380260,+3.19, +2.082, +9.235,+0.991
1652380320,+3.18, +2.167, +9.198,+0.991
1652380380,+3.19, +2.178, +9.210,+0.992
1652380440,+3.19, +2.178, +9.207,+0.991
1652380500,+3.19, +2.199, +9.193,+0.991
1652380560,+3.19, +2.220, +9.183,+0.991
1652380620,+3.19, +2.209, +9.198,+0.991
1652380680,+3.19, +2.220, +9.196,+0.991
1652380740,+3.19, +2.230, +9.185,+0.991
1652380800,+3.19, +2.209, +9.193,+0.991
1652380860,+3.19, +2.220, +9.194,+0.992
1652380920,+3.19, +2.220, +9.185,+0.991
1652380980,+3.19, +2.241, +9.179,+0.991
1652381040,+3.19, +2.220, +9.190,+0.991
1652381100,+3.19, +2.273, +9.163,+0.991
1652381160,+3.19, +2.241, +9.177,+0.991
1652381220,+3.18, +2.241, +9.177,+0.991
1652381280,+3.19, +2.220, +9.171,+0.991
1652381340,+3.19, +2.252, +9.177,+0.991
1652381400,+3.19, +2.230, +9.182,+0.991
1652381460,+3.18, +2.252, +9.185,+0.991
1652381520,+3.19, +2.283, +9.154,+0.991
1652381580,+3.19, +2.273, +9.161,+0.991
1652381640,+3.19, +2.283, +9.174,+0.991
1652381700,+3.19, +2.262, +9.178,+0.991
1652381760,+3.19, +2.283, +9.178,+0.991
1652381820,+3.18, +2.304, +9.174,+0.991
1652381880,+3.19, +2.252, +9.177,+0.991
1652381940,+3.18, +2.283, +9.157,+0.990
1652382000,+3.19, +2.283, +9.184,+0.992
1652382060,+3.19, +2.315, +9.143,+0.990
1652382120,+3.19, +2.294, +9.179,+0.992
1652382180,+3.19, +2.336, +9.156,+0.991
1652382240,+3.19, +2.315, +9.166,+0.991
1652382300,+3.19, +2.273, +9.170,+0.990
1652382360,+3.19, +2.325, +9.148,+0.990
1652382420,+3.19, +2.325, +9.177,+0.992
1652382480,+3.19, +2.357, +9.159,+0.991
1652382540,+3.18, +2.325, +9.175,+0.991
1652382600,+3.19, +2.357, +9.138,+0.990
1652382660,+3.18, +2.346, +9.155,+0.991
1652382720,+3.19, +2.357, +9.162,+0.992
1652382780,+3.18, +2.357, +9.151,+0.991
1652382840,+3.19, +2.315, +9.168,+0.991
1652382900,+3.19, +2.315, +9.157,+0.991
1652382960,+3.18, +2.346, +9.141,+0.991
1652383020,+3.19, +2.252, +9.184,+0.991
1652383080,+3.19, +2.304, +9.159,+0.991
1652383140,+3.19, +2.325, +9.161,+0.991
1652383200,+3.18, +2.325, +9.161,+0.991
1652383260,+3.19, +2.325, +9.159,+0.991
1652383320,+3.19, +2.336, +9.160,+0.991
1652383380,+3.19, +2.304, +9.177,+0.991
1652383440,+3.19, +2.273, +9.186,+0.991
1652383500,+3.19, +2.294, +9.181,+0.991
1652383560,+3.19, +2.325, +9.171,+0.991
1652383620,+3.19, +2.294, +9.174,+0.991
1652383680,+3.18, +2.325, +9.163,+0.991
1652383740,+3.18, +2.346, +9.157,+0.991
1652383800,+3.19, +2.357, +9.156,+0.991
1652383860,+3.19, +2.357, +9.162,+0.991
1652383920,+3.18, +2.357, +9.156,+0.991
1652383980,+3.19, +2.368, +9.160,+0.991
1652384040,+3.19, +2.346, +9.168,+0.991
1652384100,+3.19, +2.399, +9.155,+0.991
1652384160,+3.19, +2.378, +9.152,+0.991
1652384220,+3.19, +2.399, +9.150,+0.991
1652384280,+3.19, +2.378, +9.150,+0.991
1652384340,+3.18, +2.399, +9.148,+0.991
1652384400,+3.19, +2.420, +9.142,+0.991
1652384460,+3.19, +2.410, +9.148,+0.991
1652384520,+3.19, +2.431, +9.127,+0.991
1652384580,+3.18, +2.378, +9.141,+0.991
1652384640,+3.19, +2.357, +9.157,+0.991
1652384700,+3.19, +2.357, +9.156,+0.990
1652384760,+3.19, +2.378, +9.165,+0.991
1652384820,+3.19, +2.368, +9.163,+0.991
1652384880,+3.18, +2.368, +9.164,+0.991
1652384940,+3.19, +2.389, +9.151,+0.991
1652385000,+3.19, +2.399, +9.155,+0.992
1652385060,+3.19, +2.378, +9.151,+0.991
1652385120,+3.19, +2.389, +9.151,+0.991
1652385180,+3.19, +2.357, +9.158,+0.991
1652385240,+3.19, +2.368, +9.151,+0.991
1652385300,+3.19, +2.399, +9.147,+0.991
1652385360,+3.18, +2.368, +9.161,+0.991
1652385420,+3.18, +2.357, +9.168,+0.992
1652385480,+3.18, +2.378, +9.144,+0.990
1652385540,+3.19, +2.410, +9.156,+0.992
1652385600,+3.19, +2.389, +9.152,+0.991
1652385660,+3.19, +2.378, +9.162,+0.991
1652385720,+3.19, +2.399, +9.151,+0.991
1652385780,+3.18, +2.431, +9.146,+0.991
1652385840,+3.19, +2.420, +9.140,+0.991
1652385900,+3.19, +2.420, +9.147,+0.990
1652385960,+3.19, +2.420, +9.151,+0.991
1652386020,+3.19, +2.420, +9.151,+0.991
1652386080,+3.19, +2.441, +9.140,+0.991
1652386140,+3.18, +2.368, +9.165,+0.990
1652386200,+3.19, +2.410, +9.140,+0.990
1652386260,+3.19, +2.399, +9.138,+0.991
1652386320,+3.19, +2.378, +9.151,+0.990
1652386380,+3.19, +2.368, +9.158,+0.990
1652386440,+3.18, +2.389, +9.152,+0.991
1652386500,+3.19, +2.389, +9.158,+0.991
1652386560,+3.19, +2.389, +9.139,+0.990
1652386620,+3.19, +2.357, +9.152,+0.990
1652386680,+3.19, +2.378, +9.147,+0.990
1652386740,+3.18, +2.368, +9.158,+0.991
1652386800,+3.19, +2.325, +9.164,+0.990
1652386860,+3.19, +2.357, +9.158,+0.991
1652386920,+3.18, +2.325, +9.163,+0.990
1652386980,+3.19, +2.325, +9.163,+0.990
1652387040,+3.19, +2.357, +9.150,+0.990
1652387100,+3.18, +2.325, +9.170,+0.990
1652387160,+3.19, +2.325, +9.173,+0.991
1652387220,+3.19, +2.336, +9.156,+0.990
1652387280,+3.18, +2.357, +9.160,+0.991
1652387340,+3.19, +2.357, +9.166,+0.991
1652387400,+3.18, +2.368, +9.155,+0.990
1652387460,+3.19, +2.346, +9.158,+0.990
1652387520,+3.19, +2.336, +9.168,+0.991
1652387580,+3.19, +2.304, +9.165,+0.990
1652387640,+3.19, +2.262, +9.179,+0.990
1652387700,+3.18, +2.262, +9.171,+0.990
1652387760,+3.19, +2.252, +9.171,+0.990
1652387820,+3.19, +2.241, +9.185,+0.990
1652387880,+3.19, +2.199, +9.198,+0.990
1652387940,+3.19, +2.230, +9.189,+0.990
1652388000,+3.19, +2.220, +9.192,+0.991
1652388060,+3.19, +2.252, +9.171,+0.990
1652388120,+3.19, +2.230, +9.188,+0.990
1652388180,+3.19, +2.209, +9.183,+0.990
1652388240,+3.19, +2.241, +9.177,+0.990
1652388300,+3.18, +2.209, +9.193,+0.990
1652388360,+3.19, +2.188, +9.195,+0.990
1652388420,+3.18, +2.178, +9.181,+0.990
1652388480,+3.19, +2.093, +9.197,+0.989
1652388540,+3.19, +2.019, +9.231,+0.990
1652388600,+3.19, +2.029, +9.224,+0.990
1652388660,+3.19, +2.029, +9.228,+0.990
1652388720,+3.19, +2.040, +9.218,+0.990
1652388780,+3.19, +2.051, +9.233,+0.990
1652388840,+3.19, +2.072, +9.233,+0.991
1652388900,+3.19, +2.061, +9.237,+0.990
1652388960,+3.18, +2.114, +9.224,+0.990
1652389020,+3.19, +2.114, +9.214,+0.990
1652389080,+3.19, +2.104, +9.236,+0.991
1652389140,+3.18, +2.167, +9.217,+0.991
1652389200,+3.19, +2.157, +9.225,+0.991
1652389260,+3.19, +2.188, +9.213,+0.991
1652389320,+3.18, +2.209, +9.205,+0.991
1652389380,+3.19, +2.188, +9.202,+0.991
1652389440,+3.19, +2.199, +9.195,+0.990
1652389500,+3.18, +2.199, +9.190,+0.991
1652389560,+3.19, +2.114, +9.158,+0.990
1652389620,+3.18, +2.104, +9.190,+0.990
1652389680,+3.19, +2.157, +9.216,+0.991
1652389740,+3.18, +2.146, +9.218,+0.991
1652389800,+3.18, +2.209, +9.205,+0.991
1652389860,+3.19, +2.199, +9.199,+0.991
1652389920,+3.18, +2.220, +9.201,+0.991
1652389980,+3.18, +2.199, +9.208,+0.991
1652390040,+3.18, +2.220, +9.180,+0.990
1652390100,+3.19, +2.188, +9.208,+0.991
1652390160,+3.19, +2.209, +9.195,+0.991
1652390220,+3.18, +2.199, +9.201,+0.991
1652390280,+3.19, +2.199, +9.202,+0.991
1652390340,+3.19, +2.157, +9.206,+0.990
1652390400,+3.19, +2.199, +9.186,+0.991
1652390460,+3.19, +2.135, +9.221,+0.991
1652390520,+3.19, +2.093, +9.218,+0.991
1652390580,+3.19, +2.061, +9.216,+0.990
1652390640,+3.19, +2.008, +9.233,+0.991
1652390700,+3.18, +1.955, +9.257,+0.991
1652390760,+3.19, +1.934, +9.260,+0.991
1652390820,+3.18, +1.955, +9.251,+0.990
1652390880,+3.19, +1.966, +9.259,+0.991
1652390940,+3.19, +1.987, +9.245,+0.991
1652391000,+3.19, +1.987, +9.249,+0.991
1652391060,+3.19, +2.040, +9.238,+0.991
1652391120,+3.19, +2.019, +9.248,+0.991
1652391180,+3.19, +2.029, +9.234,+0.990
1652391240,+3.19, +2.051, +9.249,+0.992
1652391300,+3.19, +2.072, +9.220,+0.991
1652391360,+3.18, +2.072, +9.233,+0.991
1652391420,+3.19, +2.040, +9.237,+0.991
1652391480,+3.19, +2.051, +9.223,+0.991
1652391540,+3.19, +2.029, +9.237,+0.991
1652391600,+3.19, +2.008, +9.243,+0.991
1652391660,+3.18, +2.008, +9.232,+0.990
1652391720,+3.18, +2.082, +9.205,+0.991
1652391780,+3.18, +1.998, +9.250,+0.991
1652391840,+3.19, +2.029, +9.230,+0.991
1652391900,+3.18, +2.008, +9.244,+0.991
1652391960,+3.19, +2.008, +9.245,+0.991
1652392020,+3.18, +2.019, +9.238,+0.991
1652392080,+3.19, +1.976, +9.255,+0.991
1652392140,+3.18, +2.008, +9.230,+0.990
1652392200,+3.18, +1.998, +9.242,+0.991
1652392260,+3.19, +1.998, +9.237,+0.991
1652392320,+3.19, +1.976, +9.241,+0.991
1652392380,+3.19, +1.998, +9.245,+0.991
1652392440,+3.19, +1.976, +9.257,+0.992
1652392500,+3.18, +1.976, +9.231,+0.990
1652392560,+3.18, +1.923, +9.272,+0.991
1652392620,+3.18, +1.966, +9.250,+0.991
1652392680,+3.19, +1.966, +9.241,+0.991
1652392740,+3.19, +1.923, +9.265,+0.991
1652392800,+3.18, +1.966, +9.252,+0.991
1652392860,+3.18, +1.976, +9.248,+0.991
1652392920,+3.19, +1.934, +9.257,+0.991
1652392980,+3.19, +1.913, +9.248,+0.990
1652393040,+3.19, +1.923, +9.266,+0.991
1652393100,+3.18, +1.934, +9.251,+0.991
1652393160,+3.18, +1.891, +9.273,+0.991
1652393220,+3.18, +1.860, +9.271,+0.990
1652393280,+3.18, +1.913, +9.269,+0.991
1652393340,+3.18, +1.902, +9.256,+0.991
1652393400,+3.18, +1.881, +9.261,+0.990
1652393460,+3.18, +1.913, +9.234,+0.991
1652393520,+3.19, +1.881, +9.268,+0.991
1652393580,+3.18, +1.870, +9.265,+0.991
1652393640,+3.18, +1.870, +9.267,+0.991
1652393700,+3.19, +1.881, +9.265,+0.991
1652393760,+3.19, +1.838, +9.284,+0.991
1652393820,+3.19, +1.849, +9.270,+0.990
1652393880,+3.19, +1.838, +9.278,+0.991
1652393940,+3.19, +1.870, +9.276,+0.991
1652394000,+3.18, +1.881, +9.265,+0.991
1652394060,+3.19, +1.849, +9.278,+0.991
1652394120,+3.18, +1.870, +9.266,+0.991
1652394180,+3.19, +1.817, +9.285,+0.991
1652394240,+3.19, +1.860, +9.263,+0.991
1652394300,+3.19, +1.806, +9.277,+0.990
1652394360,+3.18, +1.838, +9.284,+0.991
1652394420,+3.19, +1.806, +9.296,+0.991
1652394480,+3.19, +1.828, +9.286,+0.991
1652394540,+3.19, +1.817, +9.280,+0.991
1652394600,+3.19, +1.828, +9.276,+0.991
1652394660,+3.18, +1.828, +9.278,+0.991
1652394720,+3.19, +1.849, +9.270,+0.991
1652394780,+3.19, +1.828, +9.280,+0.991
1652394840,+3.19, +1.838, +9.282,+0.991
1652394900,+3.18, +1.838, +9.275,+0.991
1652394960,+3.19, +1.838, +9.277,+0.991
1652395020,+3.19, +1.806, +9.280,+0.990
1652395080,+3.18, +1.806, +9.276,+0.990
1652395140,+3.19, +1.817, +9.282,+0.991
1652395200,+3.18, +1.806, +9.278,+0.991
1652395260,+3.18, +1.806, +9.279,+0.991
1652395320,+3.19, +1.806, +9.277,+0.991
1652395380,+3.19, +1.796, +9.286,+0.991
1652395440,+3.19, +1.774, +9.291,+0.991
1652395500,+3.19, +1.774, +9.291,+0.991
1652395560,+3.19, +1.774, +9.295,+0.991
1652395620,+3.18, +1.806, +9.281,+0.991
1652395680,+3.18, +1.764, +9.298,+0.991
1652395740,+3.19, +1.774, +9.283,+0.991
1652395800,+3.18, +1.753, +9.303,+0.991
1652395860,+3.18, +1.764, +9.285,+0.990
1652395920,+3.18, +1.753, +9.297,+0.991
1652395980,+3.19, +1.785, +9.266,+0.990
1652396040,+3.18, +1.796, +9.278,+0.991
1652396100,+3.19, +1.753, +9.308,+0.992
1652396160,+3.18, +1.764, +9.291,+0.991
1652396220,+3.19, +1.774, +9.292,+0.991
1652396280,+3.19, +1.753, +9.308,+0.992
1652396340,+3.19, +1.764, +9.302,+0.991
1652396400,+3.18, +1.753, +9.295,+0.991
1652396460,+3.19, +1.732, +9.304,+0.991
1652396520,+3.18, +1.774, +9.280,+0.991
1652396580,+3.19, +1.764, +9.290,+0.991
1652396640,+3.19, +1.764, +9.282,+0.990
1652396700,+3.18, +1.764, +9.289,+0.991
1652396760,+3.18, +1.764, +9.284,+0.991
1652396820,+3.18, +1.742, +9.305,+0.992
1652396880,+3.18, +1.764, +9.283,+0.991
1652396940,+3.18, +1.764, +9.277,+0.990
1652397000,+3.18, +1.774, +9.286,+0.991
1652397060,+3.18, +1.721, +9.291,+0.990
1652397120,+3.19, +1.753, +9.291,+0.991
1652397180,+3.19, +1.742, +9.291,+0.991
1652397240,+3.19, +1.732, +9.291,+0.990
1652397300,+3.19, +1.721, +9.304,+0.991
1652397360,+3.19, +1.721, +9.302,+0.991
1652397420,+3.19, +1.710, +9.303,+0.991
1652397480,+3.19, +1.721, +9.301,+0.991
1652397540,+3.19, +1.710, +9.308,+0.991
1652397600,+3.18, +1.678, +9.332,+0.992
1652397660,+3.19, +1.710, +9.298,+0.991
1652397720,+3.18, +1.710, +9.298,+0.991
1652397780,+3.18, +1.700, +9.300,+0.991
1652397840,+3.19, +1.689, +9.306,+0.991
1652397900,+3.19, +1.689, +9.309,+0.991
1652397960,+3.18, +1.646, +9.320,+0.990
1652398020,+3.18, +1.689, +9.314,+0.991
1652398080,+3.19, +1.710, +9.300,+0.991
1652398140,+3.19, +1.689, +9.323,+0.991
1652398200,+3.18, +1.657, +9.313,+0.991
1652398260,+3.19, +1.700, +9.303,+0.991
1652398320,+3.19, +1.732, +9.297,+0.991
1652398380,+3.19, +1.700, +9.304,+0.991
1652398440,+3.19, +1.678, +9.320,+0.991
1652398500,+3.18, +1.668, +9.325,+0.991
1652398560,+3.18, +1.689, +9.303,+0.991
1652398620,+3.19, +1.678, +9.318,+0.991
1652398680,+3.19, +1.657, +9.317,+0.991
1652398740,+3.19, +1.668, +9.322,+0.991
1652398800,+3.18, +1.657, +9.328,+0.991
1652398860,+3.19, +1.657, +9.310,+0.991
1652398920,+3.18, +1.636, +9.315,+0.990
1652398980,+3.19, +1.625, +9.323,+0.991
1652399040,+3.18, +1.614, +9.322,+0.991
1652399100,+3.19, +1.604, +9.336,+0.991
1652399160,+3.19, +1.625, +9.323,+0.991
1652399220,+3.18, +1.593, +9.331,+0.990
1652399280,+3.19, +1.582, +9.335,+0.991
1652399340,+3.18, +1.614, +9.320,+0.991
1652399400,+3.19, +1.636, +9.307,+0.990
1652399460,+3.19, +1.646, +9.312,+0.991
1652399520,+3.19, +1.636, +9.326,+0.991
1652399580,+3.19, +1.604, +9.331,+0.991
1652399640,+3.19, +1.625, +9.314,+0.991
1652399700,+3.18, +1.614, +9.331,+0.991
1652399760,+3.19, +1.625, +9.313,+0.990
1652399820,+3.18, +1.636, +9.331,+0.991
1652399880,+3.18, +1.636, +9.320,+0.991
1652399940,+3.18, +1.646, +9.315,+0.991
1652400000,+3.19, +1.593, +9.349,+0.991
1652400060,+3.19, +1.636, +9.324,+0.991
1652400120,+3.19, +1.625, +9.332,+0.991
1652400180,+3.19, +1.646, +9.310,+0.991
1652400240,+3.19, +1.636, +9.324,+0.991
1652400300,+3.18, +1.593, +9.339,+0.991
1652400360,+3.19, +1.646, +9.323,+0.991
1652400420,+3.18, +1.646, +9.311,+0.991
1652400480,+3.19, +1.646, +9.320,+0.991
1652400540,+3.18, +1.646, +9.306,+0.990
1652400600,+3.18, +1.604, +9.337,+0.991
1652400660,+3.19, +1.614, +9.329,+0.991
1652400720,+3.18, +1.614, +9.325,+0.991
1652400780,+3.18, +1.625, +9.323,+0.991
1652400840,+3.18, +1.646, +9.324,+0.991
1652400900,+3.19, +1.636, +9.324,+0.991
1652400960,+3.19, +1.636, +9.314,+0.991
1652401020,+3.18, +1.636, +9.322,+0.991
1652401080,+3.18, +1.625, +9.341,+0.992
1652401140,+3.18, +1.604, +9.336,+0.991
1652401200,+3.18, +1.625, +9.329,+0.991
1652401260,+3.19, +1.636, +9.320,+0.991
1652401320,+3.18, +1.614, +9.344,+0.991
1652401380,+3.18, +1.625, +9.328,+0.991
1652401440,+3.18, +1.625, +9.324,+0.991
1652401500,+3.19, +1.625, +9.331,+0.991
1652401560,+3.18, +1.604, +9.332,+0.991
1652401620,+3.19, +1.625, +9.331,+0.991
1652401680,+3.19, +1.614, +9.326,+0.991
1652401740,+3.18, +1.604, +9.326,+0.991
1652401800,+3.18, +1.593, +9.324,+0.991
1652401860,+3.18, +1.646, +9.321,+0.991
1652401920,+3.18, +1.625, +9.329,+0.991
1652401980,+3.18, +1.614, +9.329,+0.991
1652402040,+3.18, +1.604, +9.333,+0.991
1652402100,+3.19, +1.614, +9.325,+0.991
1652402160,+3.18, +1.582, +9.351,+0.991
1652402220,+3.19, +1.614, +9.323,+0.991
1652402280,+3.19, +1.582, +9.348,+0.991
1652402340,+3.18, +1.636, +9.329,+0.991
1652402400,+3.18, +1.625, +9.322,+0.991
1652402460,+3.18, +1.604, +9.329,+0.991
1652402520,+3.19, +1.593, +9.335,+0.991
1652402580,+3.18, +1.593, +9.337,+0.991
1652402640,+3.18, +1.593, +9.329,+0.991
1652402700,+3.19, +1.614, +9.322,+0.991
1652402760,+3.19, +1.614, +9.320,+0.991
1652402820,+3.18, +1.604, +9.332,+0.991
1652402880,+3.19, +1.593, +9.343,+0.991
1652402940,+3.18, +1.614, +9.327,+0.991
1652403000,+3.19, +1.614, +9.334,+0.991
1652403060,+3.18, +1.582, +9.341,+0.991
1652403120,+3.18, +1.625, +9.325,+0.991
1652403180,+3.18, +1.604, +9.338,+0.991
1652403240,+3.18, +1.593, +9.344,+0.992
1652403300,+3.18, +1.614, +9.328,+0.991
1652403360,+3.18, +1.582, +9.345,+0.991
1652403420,+3.19, +1.604, +9.330,+0.991
1652403480,+3.19, +1.604, +9.349,+0.991
1652403540,+3.18, +1.593, +9.338,+0.991
1652403600,+3.18, +1.614, +9.335,+0.991
1652403660,+3.18, +1.593, +9.341,+0.991
1652403720,+3.18, +1.582, +9.341,+0.991
1652403780,+3.18, +1.604, +9.330,+0.991
1652403840,+3.18, +1.571, +9.349,+0.991
1652403900,+3.18, +1.604, +9.337,+0.991
1652403960,+3.18, +1.614, +9.337,+0.992
1652404020,+3.19, +1.604, +9.356,+0.992
1652404080,+3.18, +1.582, +9.340,+0.991
1652404140,+3.18, +1.582, +9.350,+0.992
1652404200,+3.19, +1.571, +9.346,+0.991
1652404260,+3.19, +1.604, +9.336,+0.991
1652404320,+3.18, +1.614, +9.329,+0.991
1652404380,+3.18, +1.593, +9.340,+0.991
1652404440,+3.18, +1.593, +9.332,+0.991
1652404500,+3.18, +1.593, +9.341,+0.991
1652404560,+3.18, +1.593, +9.333,+0.991
1652404620,+3.19, +1.593, +9.329,+0.991
1652404680,+3.18, +1.571, +9.355,+0.991
1652404740,+3.18, +1.539, +9.351,+0.991
1652404800,+3.18, +1.582, +9.337,+0.991
1652404860,+3.18, +1.582, +9.350,+0.991
1652404920,+3.18, +1.550, +9.340,+0.991
1652404980,+3.18, +1.571, +9.340,+0.991
1652405040,+3.19, +1.539, +9.349,+0.990
1652405100,+3.18, +1.539, +9.359,+0.991
1652405160,+3.18, +1.561, +9.350,+0.991
1652405220,+3.18, +1.582, +9.344,+0.991
1652405280,+3.18, +1.550, +9.354,+0.991
1652405340,+3.18, +1.539, +9.359,+0.991
1652405400,+3.18, +1.561, +9.345,+0.991
1652405460,+3.19, +1.561, +9.358,+0.992
1652405520,+3.18, +1.582, +9.333,+0.991
1652405580,+3.19, +1.539, +9.364,+0.991
1652405640,+3.19, +1.561, +9.363,+0.991
1652405700,+3.19, +1.582, +9.357,+0.992
1652405760,+3.18, +1.582, +9.329,+0.991
1652405820,+3.19, +1.561, +9.347,+0.991
1652405880,+3.19, +1.571, +9.335,+0.990
1652405940,+3.19, +1.561, +9.347,+0.991
1652406000,+3.18, +1.539, +9.351,+0.991
1652406060,+3.18, +1.550, +9.360,+0.991
1652406120,+3.18, +1.561, +9.350,+0.991
1652406180,+3.19, +1.550, +9.352,+0.991
1652406240,+3.18, +1.561, +9.345,+0.991
1652406300,+3.18, +1.561, +9.356,+0.991
1652406360,+3.18, +1.561, +9.356,+0.991
1652406420,+3.18, +1.571, +9.368,+0.992
1652406480,+3.18, +1.529, +9.364,+0.991
1652406540,+3.18, +1.550, +9.345,+0.991
1652406600,+3.18, +1.561, +9.364,+0.992
1652406660,+3.18, +1.529, +9.343,+0.990
1652406720,+3.18, +1.582, +9.337,+0.991
1652406780,+3.19, +1.539, +9.362,+0.991
1652406840,+3.19, +1.561, +9.346,+0.991
1652406900,+3.18, +1.539, +9.373,+0.992
1652406960,+3.18, +1.561, +9.341,+0.991
1652407020,+3.18, +1.539, +9.357,+0.991
1652407080,+3.18, +1.582, +9.348,+0.991
1652407140,+3.18, +1.539, +9.349,+0.991
1652407200,+3.18, +1.518, +9.365,+0.991
1652407260,+3.18, +1.529, +9.364,+0.991
1652407320,+3.18, +1.561, +9.346,+0.991
1652407380,+3.18, +1.571, +9.344,+0.991
1652407440,+3.18, +1.539, +9.355,+0.991
1652407500,+3.18, +1.571, +9.338,+0.991
1652407560,+3.19, +1.550, +9.355,+0.991
1652407620,+3.18, +1.529, +9.361,+0.991
1652407680,+3.18, +1.529, +9.370,+0.991
1652407740,+3.18, +1.518, +9.359,+0.991
1652407800,+3.18, +1.539, +9.361,+0.991
1652407860,+3.18, +1.561, +9.343,+0.991
1652407920,+3.18, +1.550, +9.357,+0.991
1652407980,+3.18, +1.539, +9.356,+0.991
1652408040,+3.18, +1.571, +9.356,+0.991
1652408100,+3.18, +1.550, +9.358,+0.991
1652408160,+3.18, +1.529, +9.352,+0.990
1652408220,+3.18, +1.571, +9.347,+0.991
1652408280,+3.18, +1.518, +9.360,+0.990
1652408340,+3.19, +1.507, +9.370,+0.991
1652408400,+3.19, +1.539, +9.360,+0.991
1652408460,+3.19, +1.529, +9.373,+0.991
1652408520,+3.18, +1.518, +9.364,+0.991
1652408580,+3.18, +1.518, +9.367,+0.991
1652408640,+3.19, +1.529, +9.361,+0.991
1652408700,+3.18, +1.539, +9.353,+0.991
1652408760,+3.18, +1.518, +9.374,+0.991
1652408820,+3.18, +1.529, +9.368,+0.991
1652408880,+3.18, +1.529, +9.368,+0.991
1652408940,+3.18, +1.518, +9.353,+0.990
1652409000,+3.18, +1.550, +9.347,+0.991
1652409060,+3.18, +1.539, +9.359,+0.991
1652409120,+3.18, +1.539, +9.359,+0.991
1652409180,+3.18, +1.518, +9.359,+0.991
1652409240,+3.18, +1.507, +9.374,+0.991
1652409300,+3.18, +1.529, +9.369,+0.991
1652409360,+3.18, +1.507, +9.366,+0.991
1652409420,+3.18, +1.582, +9.334,+0.991
1652409480,+3.18, +1.507, +9.370,+0.991
1652409540,+3.18, +1.475, +9.388,+0.991
1652409600,+3.19, +1.507, +9.365,+0.991
1652409660,+3.18, +1.539, +9.359,+0.991
1652409720,+3.18, +1.518, +9.370,+0.991
1652409780,+3.18, +1.475, +9.383,+0.991
1652409840,+3.18, +1.507, +9.360,+0.990
1652409900,+3.19, +1.529, +9.359,+0.991
1652409960,+3.18, +1.518, +9.369,+0.991
1652410020,+3.18, +1.550, +9.359,+0.991
1652410080,+3.18, +1.507, +9.366,+0.991
1652410140,+3.18, +1.539, +9.359,+0.991
1652410200,+3.18, +1.475, +9.392,+0.991
1652410260,+3.18, +1.518, +9.388,+0.992
1652410320,+3.18, +1.496, +9.361,+0.990
1652410380,+3.18, +1.529, +9.369,+0.991
1652410440,+3.18, +1.496, +9.371,+0.991
1652410500,+3.18, +1.518, +9.361,+0.991
1652410560,+3.18, +1.518, +9.374,+0.991
1652410620,+3.18, +1.529, +9.365,+0.991
1652410680,+3.18, +1.496, +9.371,+0.991
1652410740,+3.18, +1.529, +9.361,+0.991
1652410800,+3.18, +1.507, +9.366,+0.991
1652410860,+3.18, +1.507, +9.382,+0.992
1652410920,+3.18, +1.518, +9.358,+0.991
1652410980,+3.18, +1.496, +9.375,+0.991
1652411040,+3.18, +1.507, +9.386,+0.992
1652411100,+3.18, +1.518, +9.368,+0.991
1652411160,+3.18, +1.496, +9.384,+0.991
1652411220,+3.19, +1.496, +9.379,+0.991
1652411280,+3.18, +1.518, +9.364,+0.991
1652411340,+3.18, +1.496, +9.372,+0.991
1652411400,+3.18, +1.454, +9.396,+0.991
1652411460,+3.18, +1.496, +9.373,+0.991
1652411520,+3.18, +1.496, +9.382,+0.991
1652411580,+3.18, +1.529, +9.366,+0.991
1652411640,+3.18, +1.486, +9.384,+0.991
1652411700,+3.19, +1.486, +9.376,+0.991
1652411760,+3.18, +1.507, +9.371,+0.991
1652411820,+3.18, +1.496, +9.388,+0.992
1652411880,+3.18, +1.496, +9.377,+0.991
1652411940,+3.18, +1.518, +9.371,+0.991
1652412000,+3.18, +1.486, +9.373,+0.990
1652412060,+3.19, +1.486, +9.398,+0.992
1652412120,+3.18, +1.496, +9.374,+0.991
1652412180,+3.18, +1.454, +9.388,+0.991
1652412240,+3.18, +1.496, +9.371,+0.991
1652412300,+3.18, +1.464, +9.390,+0.991
1652412360,+3.18, +1.475, +9.393,+0.991
1652412420,+3.18, +1.454, +9.380,+0.991
1652412480,+3.18, +1.464, +9.376,+0.991
1652412540,+3.18, +1.432, +9.409,+0.991
1652412600,+3.18, +1.475, +9.373,+0.991
1652412660,+3.18, +1.443, +9.386,+0.991
1652412720,+3.18, +1.475, +9.378,+0.991
1652412780,+3.18, +1.496, +9.369,+0.991
1652412840,+3.18, +1.464, +9.385,+0.991
1652412900,+3.18, +1.475, +9.372,+0.991
1652412960,+3.18, +1.454, +9.393,+0.991
1652413020,+3.19, +1.421, +9.407,+0.991
1652413080,+3.18, +1.443, +9.388,+0.991
1652413140,+3.18, +1.454, +9.382,+0.990
1652413200,+3.18, +1.443, +9.384,+0.991
1652413260,+3.18, +1.454, +9.389,+0.991
1652413320,+3.18, +1.443, +9.396,+0.991
1652413380,+3.18, +1.454, +9.390,+0.991
1652413440,+3.18, +1.443, +9.371,+0.990
1652413500,+3.18, +1.443, +9.392,+0.991
1652413560,+3.18, +1.454, +9.389,+0.991
1652413620,+3.18, +1.454, +9.381,+0.991
1652413680,+3.18, +1.432, +9.385,+0.990
1652413740,+3.18, +1.454, +9.384,+0.991
1652413800,+3.18, +1.421, +9.387,+0.991
1652413860,+3.18, +1.454, +9.386,+0.991
1652413920,+3.18, +1.421, +9.399,+0.991
1652413980,+3.18, +1.421, +9.387,+0.990
1652414040,+3.18, +1.432, +9.400,+0.991
1652414100,+3.18, +1.443, +9.398,+0.991
1652414160,+3.18, +1.421, +9.408,+0.992
1652414220,+3.18, +1.443, +9.380,+0.991
1652414280,+3.18, +1.421, +9.400,+0.991
1652414340,+3.18, +1.443, +9.392,+0.991
1652414400,+3.18, +1.443, +9.397,+0.991
1652414460,+3.18, +1.411, +9.402,+0.991
1652414520,+3.18, +1.389, +9.410,+0.991
1652414580,+3.18, +1.411, +9.405,+0.991
1652414640,+3.18, +1.389, +9.412,+0.991
1652414700,+3.18, +1.389, +9.415,+0.991
1652414760,+3.18, +1.421, +9.399,+0.991
1652414820,+3.18, +1.411, +9.398,+0.991
1652414880,+3.18, +1.389, +9.397,+0.991
1652414940,+3.19, +1.421, +9.398,+0.991
1652415000,+3.18, +1.389, +9.413,+0.991
1652415060,+3.18, +1.411, +9.401,+0.991
1652415120,+3.18, +1.400, +9.409,+0.991
1652415180,+3.18, +1.368, +9.419,+0.991
1652415240,+3.18, +1.400, +9.410,+0.992
1652415300,+3.18, +1.400, +9.413,+0.991
1652415360,+3.18, +1.421, +9.393,+0.991
1652415420,+3.18, +1.411, +9.394,+0.991
1652415480,+3.18, +1.411, +9.398,+0.991
1652415540,+3.18, +1.400, +9.402,+0.991
1652415600,+3.19, +1.378, +9.422,+0.991
1652415660,+3.18, +1.400, +9.404,+0.991
1652415720,+3.18, +1.400, +9.411,+0.991
1652415780,+3.18, +1.389, +9.410,+0.991
1652415840,+3.18, +1.368, +9.416,+0.991
1652415900,+3.18, +1.400, +9.406,+0.991
1652415960,+3.18, +1.400, +9.401,+0.991
1652416020,+3.18, +1.411, +9.403,+0.991
1652416080,+3.18, +1.411, +9.393,+0.991
1652416140,+3.18, +1.389, +9.408,+0.991
1652416200,+3.18, +1.400, +9.392,+0.990
1652416260,+3.18, +1.378, +9.413,+0.991
1652416320,+3.18, +1.389, +9.418,+0.992
1652416380,+3.18, +1.432, +9.392,+0.991
1652416440,+3.18, +1.400, +9.406,+0.991
1652416500,+3.18, +1.411, +9.395,+0.991
1652416560,+3.18, +1.389, +9.402,+0.991
1652416620,+3.18, +1.400, +9.411,+0.991
1652416680,+3.18, +1.378, +9.410,+0.991
1652416740,+3.18, +1.389, +9.417,+0.991
1652416800,+3.18, +1.357, +9.419,+0.991
1652416860,+3.18, +1.346, +9.442,+0.992
1652416920,+3.18, +1.378, +9.420,+0.992
1652416980,+3.18, +1.389, +9.393,+0.990
1652417040,+3.18, +1.368, +9.408,+0.991
1652417100,+3.18, +1.378, +9.413,+0.991
1652417160,+3.18, +1.411, +9.400,+0.991
1652417220,+3.18, +1.400, +9.398,+0.991
1652417280,+3.18, +1.378, +9.409,+0.991
1652417340,+3.18, +1.378, +9.412,+0.991
1652417400,+3.18, +1.389, +9.418,+0.992
1652417460,+3.18, +1.357, +9.409,+0.991
1652417520,+3.18, +1.357, +9.413,+0.991
1652417580,+3.18, +1.368, +9.409,+0.991
1652417640,+3.18, +1.400, +9.404,+0.991
1652417700,+3.18, +1.389, +9.397,+0.990
1652417760,+3.18, +1.357, +9.420,+0.991
1652417820,+3.18, +1.368, +9.416,+0.991
1652417880,+3.18, +1.368, +9.417,+0.991
1652417940,+3.18, +1.389, +9.414,+0.991
1652418000,+3.18, +1.389, +9.415,+0.992
1652418060,+3.18, +1.378, +9.415,+0.991
1652418120,+3.18, +1.325, +9.435,+0.991
1652418180,+3.18, +1.335, +9.416,+0.990
1652418240,+3.18, +1.368, +9.410,+0.991
1652418300,+3.18, +1.357, +9.418,+0.991
1652418360,+3.18, +1.368, +9.401,+0.991
1652418420,+3.18, +1.378, +9.404,+0.991
1652418480,+3.18, +1.346, +9.416,+0.991
1652418540,+3.18, +1.335, +9.427,+0.991
1652418600,+3.18, +1.400, +9.410,+0.992
1652418660,+3.18, +1.357, +9.420,+0.991
1652418720,+3.18, +1.357, +9.415,+0.991
1652418780,+3.18, +1.314, +9.442,+0.991
1652418840,+3.18, +1.368, +9.410,+0.991
1652418900,+3.18, +1.335, +9.423,+0.991
1652418960,+3.18, +1.368, +9.414,+0.991
1652419020,+3.18, +1.368, +9.412,+0.991
1652419080,+3.18, +1.357, +9.424,+0.991
1652419140,+3.18, +1.378, +9.409,+0.991
1652419200,+3.18, +1.368, +9.417,+0.991
1652419260,+3.18, +1.357, +9.416,+0.991
1652419320,+3.18, +1.378, +9.417,+0.991
1652419380,+3.18, +1.368, +9.418,+0.991
1652419440,+3.18, +1.378, +9.399,+0.991
1652419500,+3.18, +1.357, +9.409,+0.991
1652419560,+3.18, +1.357, +9.412,+0.991
1652419620,+3.18, +1.357, +9.418,+0.991
1652419680,+3.18, +1.346, +9.430,+0.991
1652419740,+3.18, +1.368, +9.406,+0.991
1652419800,+3.19, +1.357, +9.421,+0.991
1652419860,+3.18, +1.357, +9.425,+0.991
1652419920,+3.18, +1.346, +9.412,+0.991
1652419980,+3.18, +1.357, +9.418,+0.991
1652420040,+3.18, +1.346, +9.416,+0.991
1652420100,+3.18, +1.325, +9.439,+0.991
1652420160,+3.18, +1.346, +9.423,+0.991
1652420220,+3.18, +1.357, +9.412,+0.991
1652420280,+3.18, +1.335, +9.421,+0.990
1652420340,+3.18, +1.378, +9.402,+0.991
1652420400,+3.18, +1.346, +9.421,+0.991
1652420460,+3.18, +1.325, +9.425,+0.991
1652420520,+3.18, +1.325, +9.430,+0.991
1652420580,+3.18, +1.346, +9.421,+0.991
1652420640,+3.18, +1.357, +9.413,+0.991
1652420700,+3.18, +1.357, +9.426,+0.992
1652420760,+3.18, +1.368, +9.409,+0.991
1652420820,+3.18, +1.357, +9.426,+0.991
1652420880,+3.18, +1.368, +9.415,+0.991
1652420940,+3.18, +1.357, +9.420,+0.991
1652421000,+3.18, +1.368, +9.403,+0.991
1652421060,+3.18, +1.357, +9.418,+0.991
1652421120,+3.18, +1.325, +9.426,+0.991
1652421180,+3.18, +1.378, +9.415,+0.991
1652421240,+3.18, +1.368, +9.409,+0.991
1652421300,+3.18, +1.368, +9.404,+0.991
1652421360,+3.18, +1.335, +9.436,+0.992
1652421420,+3.18, +1.346, +9.428,+0.992
1652421480,+3.18, +1.357, +9.413,+0.991
1652421540,+3.18, +1.346, +9.423,+0.991
1652421600,+3.18, +1.346, +9.427,+0.991
1652421660,+3.18, +1.389, +9.398,+0.991
1652421720,+3.18, +1.389, +9.397,+0.991
1652421780,+3.18, +1.335, +9.429,+0.991
1652421840,+3.18, +1.357, +9.423,+0.991
1652421900,+3.18, +1.357, +9.408,+0.991
1652421960,+3.18, +1.346, +9.425,+0.991
1652422020,+3.18, +1.335, +9.417,+0.991
1652422080,+3.18, +1.325, +9.439,+0.992
1652422140,+3.18, +1.335, +9.422,+0.991
1652422200,+3.18, +1.325, +9.413,+0.990
1652422260,+3.18, +1.325, +9.428,+0.991
1652422320,+3.18, +1.335, +9.428,+0.991
1652422380,+3.18, +1.357, +9.409,+0.991
1652422440,+3.18, +1.335, +9.428,+0.991
1652422500,+3.18, +1.346, +9.416,+0.991
1652422560,+3.18, +1.335, +9.409,+0.991
1652422620,+3.18, +1.346, +9.417,+0.991
1652422680,+3.18, +1.325, +9.416,+0.991
1652422740,+3.18, +1.368, +9.403,+0.991
1652422800,+3.18, +1.357, +9.405,+0.991
1652422860,+3.18, +1.314, +9.420,+0.991
1652422920,+3.18, +1.346, +9.417,+0.991
1652422980,+3.18, +1.314, +9.431,+0.991
1652423040,+3.18, +1.335, +9.424,+0.991
1652423100,+3.18, +1.335, +9.407,+0.991
1652423160,+3.18, +1.325, +9.423,+0.991
1652423220,+3.18, +1.346, +9.409,+0.991
1652423280,+3.18, +1.325, +9.419,+0.991
1652423340,+3.18, +1.346, +9.410,+0.991
1652423400,+3.18, +1.335, +9.423,+0.991
1652423460,+3.18, +1.335, +9.418,+0.991
1652423520,+3.18, +1.325, +9.432,+0.991
1652423580,+3.18, +1.335, +9.417,+0.991
1652423640,+3.18, +1.325, +9.422,+0.991
1652423700,+3.18, +1.325, +9.416,+0.991
1652423760,+3.18, +1.335, +9.417,+0.991
1652423820,+3.18, +1.314, +9.417,+0.990
1652423880,+3.18, +1.335, +9.421,+0.991
1652423940,+3.18, +1.325, +9.424,+0.991
1652424000,+3.18, +1.292, +9.435,+0.991
1652424060,+3.18, +1.314, +9.421,+0.991
1652424120,+3.18, +1.325, +9.428,+0.992
1652424180,+3.18, +1.292, +9.431,+0.991
1652424240,+3.18, +1.314, +9.427,+0.991
1652424300,+3.18, +1.335, +9.417,+0.991
1652424360,+3.18, +1.325, +9.407,+0.991
1652424420,+3.18, +1.325, +9.421,+0.991
1652424480,+3.18, +1.314, +9.426,+0.991
1652424540,+3.18, +1.325, +9.414,+0.991
1652424600,+3.18, +1.335, +9.399,+0.990
1652424660,+3.18, +1.314, +9.423,+0.991
1652424720,+3.18, +1.292, +9.415,+0.990
1652424780,+3.18, +1.314, +9.413,+0.991
1652424840,+3.18, +1.325, +9.419,+0.991
1652424900,+3.18, +1.303, +9.415,+0.990
1652424960,+3.18, +1.335, +9.409,+0.991
1652425020,+3.18, +1.303, +9.428,+0.991
1652425080,+3.18, +1.303, +9.413,+0.991
1652425140,+3.18, +1.260, +9.432,+0.990
1652425200,+3.18, +1.314, +9.421,+0.991
1652425260,+3.18, +1.271, +9.443,+0.991
1652425320,+3.18, +1.303, +9.427,+0.991
1652425380,+3.18, +1.303, +9.428,+0.991
1652425440,+3.18, +1.282, +9.435,+0.991
1652425500,+3.18, +1.314, +9.417,+0.991
1652425560,+3.18, +1.292, +9.426,+0.991
1652425620,+3.18, +1.303, +9.419,+0.991
1652425680,+3.18, +1.303, +9.417,+0.991
1652425740,+3.18, +1.303, +9.415,+0.990
1652425800,+3.18, +1.303, +9.421,+0.991
1652425860,+3.18, +1.325, +9.408,+0.991
1652425920,+3.18, +1.325, +9.420,+0.991
1652425980,+3.18, +1.303, +9.421,+0.991
1652426040,+3.18, +1.292, +9.421,+0.991
1652426100,+3.18, +1.303, +9.420,+0.991
1652426160,+3.18, +1.314, +9.420,+0.991
1652426220,+3.18, +1.292, +9.432,+0.991
1652426280,+3.18, +1.325, +9.399,+0.991
1652426340,+3.18, +1.314, +9.411,+0.991
1652426400,+3.18, +1.292, +9.426,+0.991
1652426460,+3.18, +1.303, +9.432,+0.992
1652426520,+3.18, +1.282, +9.408,+0.990
1652426580,+3.18, +1.292, +9.421,+0.991
1652426640,+3.18, +1.314, +9.418,+0.991
1652426700,+3.18, +1.282, +9.432,+0.991
1652426760,+3.18, +1.260, +9.437,+0.991
1652426820,+3.18, +1.325, +9.411,+0.991
1652426880,+3.18, +1.260, +9.438,+0.991
1652426940,+3.18, +1.271, +9.434,+0.991
1652427000,+3.18, +1.282, +9.416,+0.991
1652427060,+3.18, +1.282, +9.442,+0.992
1652427120,+3.18, +1.271, +9.429,+0.991
1652427180,+3.18, +1.260, +9.442,+0.991
1652427240,+3.18, +1.292, +9.419,+0.991
1652427300,+3.18, +1.282, +9.431,+0.991
1652427360,+3.18, +1.249, +9.433,+0.991
1652427420,+3.18, +1.292, +9.426,+0.991
1652427480,+3.18, +1.282, +9.426,+0.991
1652427540,+3.18, +1.282, +9.413,+0.990
1652427600,+3.18, +1.303, +9.417,+0.991
1652427660,+3.18, +1.282, +9.417,+0.991
1652427720,+3.18, +1.292, +9.405,+0.991
1652427780,+3.18, +1.292, +9.419,+0.991
1652427840,+3.18, +1.292, +9.418,+0.991
1652427900,+3.18, +1.271, +9.434,+0.991
1652427960,+3.18, +1.282, +9.416,+0.991
1652428020,+3.18, +1.260, +9.435,+0.991
1652428080,+3.18, +1.292, +9.420,+0.991
1652428140,+3.18, +1.292, +9.423,+0.991
1652428200,+3.18, +1.282, +9.418,+0.991
1652428260,+3.18, +1.282, +9.426,+0.991
1652428320,+3.18, +1.249, +9.433,+0.991
1652428380,+3.18, +1.260, +9.419,+0.991
1652428440,+3.18, +1.217, +9.453,+0.991
1652428500,+3.18, +1.271, +9.432,+0.991
1652428560,+3.18, +1.282, +9.426,+0.991
1652428620,+3.18, +1.292, +9.424,+0.991
1652428680,+3.18, +1.249, +9.437,+0.991
1652428740,+3.18, +1.282, +9.422,+0.991
1652428800,+3.18, +1.271, +9.425,+0.991
1652428860,+3.18, +1.282, +9.434,+0.991
1652428920,+3.18, +1.282, +9.432,+0.992
1652428980,+3.18, +1.249, +9.432,+0.991
1652429040,+3.18, +1.271, +9.414,+0.990
1652429100,+3.18, +1.271, +9.432,+0.991
1652429160,+3.18, +1.271, +9.419,+0.990
1652429220,+3.18, +1.260, +9.422,+0.991
1652429280,+3.18, +1.282, +9.421,+0.991
1652429340,+3.18, +1.292, +9.412,+0.991
1652429400,+3.18, +1.271, +9.426,+0.991
1652429460,+3.18, +1.292, +9.426,+0.991
1652429520,+3.18, +1.282, +9.414,+0.991
1652429580,+3.18, +1.260, +9.430,+0.991
1652429640,+3.18, +1.260, +9.429,+0.991
1652429700,+3.18, +1.271, +9.427,+0.991
1652429760,+3.18, +1.249, +9.429,+0.991
1652429820,+3.18, +1.282, +9.418,+0.991
1652429880,+3.18, +1.260, +9.418,+0.990
1652429940,+3.18, +1.249, +9.429,+0.991
1652430000,+3.18, +1.260, +9.430,+0.991
1652430060,+3.18, +1.228, +9.437,+0.991
1652430120,+3.18, +1.260, +9.429,+0.991
1652430180,+3.18, +1.260, +9.424,+0.991
1652430240,+3.18, +1.282, +9.407,+0.991
1652430300,+3.18, +1.271, +9.417,+0.990
1652430360,+3.18, +1.271, +9.431,+0.992
1652430420,+3.18, +1.260, +9.424,+0.991
1652430480,+3.18, +1.260, +9.419,+0.991
1652430540,+3.18, +1.260, +9.435,+0.991
1652430600,+3.18, +1.228, +9.447,+0.991
1652430660,+3.18, +1.249, +9.434,+0.991
1652430720,+3.18, +1.260, +9.413,+0.990
1652430780,+3.18, +1.238, +9.435,+0.991
1652430840,+3.18, +1.271, +9.422,+0.991
1652430900,+3.18, +1.271, +9.429,+0.991
1652430960,+3.18, +1.282, +9.416,+0.991
1652431020,+3.18, +1.271, +9.427,+0.991
1652431080,+3.18, +1.238, +9.442,+0.992
1652431140,+3.18, +1.195, +9.450,+0.991
1652431200,+3.18, +1.271, +9.422,+0.991
1652431260,+3.18, +1.238, +9.431,+0.991
1652431320,+3.18, +1.260, +9.413,+0.991
1652431380,+3.18, +1.228, +9.452,+0.992
1652431440,+3.18, +1.238, +9.432,+0.991
1652431500,+3.18, +1.249, +9.438,+0.991
1652431560,+3.18, +1.249, +9.433,+0.991
1652431620,+3.18, +1.249, +9.428,+0.991
1652431680,+3.18, +1.260, +9.425,+0.991
1652431740,+3.18, +1.260, +9.425,+0.991
1652431800,+3.18, +1.271, +9.409,+0.990
1652431860,+3.18, +1.249, +9.434,+0.991
1652431920,+3.18, +1.238, +9.436,+0.991
1652431980,+3.18, +1.260, +9.417,+0.991
1652432040,+3.18, +1.249, +9.420,+0.991
1652432100,+3.18, +1.206, +9.438,+0.991
1652432160,+3.18, +1.249, +9.433,+0.991
1652432220,+3.18, +1.238, +9.428,+0.991
1652432280,+3.18, +1.249, +9.429,+0.991
1652432340,+3.18, +1.249, +9.433,+0.991
1652432400,+3.18, +1.238, +9.434,+0.991
1652432460,+3.18, +1.228, +9.426,+0.991
1652432520,+3.18, +1.206, +9.438,+0.990
1652432580,+3.18, +1.228, +9.427,+0.991
1652432640,+3.18, +1.238, +9.423,+0.990
1652432700,+3.18, +1.217, +9.428,+0.990
1652432760,+3.18, +1.238, +9.434,+0.991
1652432820,+3.18, +1.185, +9.456,+0.991
1652432880,+3.18, +1.174, +9.460,+0.991
1652432940,+3.18, +1.260, +9.422,+0.991
1652433000,+3.18, +1.217, +9.438,+0.991
1652433060,+3.18, +1.249, +9.427,+0.991
1652433120,+3.18, +1.217, +9.441,+0.991
1652433180,+3.18, +1.206, +9.456,+0.991
1652433240,+3.18, +1.238, +9.423,+0.991
1652433300,+3.18, +1.260, +9.427,+0.991
1652433360,+3.18, +1.228, +9.436,+0.991
1652433420,+3.18, +1.228, +9.447,+0.992
1652433480,+3.18, +1.217, +9.448,+0.991
1652433540,+3.18, +1.228, +9.442,+0.991
1652433600,+3.18, +1.228, +9.454,+0.992
1652433660,+3.18, +1.228, +9.437,+0.991
1652433720,+3.18, +1.238, +9.431,+0.991
1652433780,+3.18, +1.228, +9.425,+0.990
1652433840,+3.18, +1.249, +9.422,+0.991
1652433900,+3.18, +1.228, +9.442,+0.991
1652433960,+3.18, +1.217, +9.449,+0.991
1652434020,+3.18, +1.228, +9.437,+0.991
1652434080,+3.18, +1.206, +9.448,+0.991
1652434140,+3.18, +1.228, +9.434,+0.991
1652434200,+3.18, +1.217, +9.431,+0.990
1652434260,+3.18, +1.228, +9.442,+0.991
1652434320,+3.18, +1.228, +9.433,+0.991
1652434380,+3.18, +1.228, +9.435,+0.991
1652434440,+3.18, +1.195, +9.446,+0.991
1652434500,+3.18, +1.174, +9.458,+0.991
1652434560,+3.18, +1.228, +9.442,+0.991
1652434620,+3.18, +1.249, +9.428,+0.991
1652434680,+3.18, +1.217, +9.448,+0.991
1652434740,+3.18, +1.217, +9.436,+0.991
1652434800,+3.18, +1.228, +9.434,+0.991
1652434860,+3.18, +1.228, +9.432,+0.991
1652434920,+3.18, +1.206, +9.444,+0.991
1652434980,+3.18, +1.206, +9.452,+0.991
1652435040,+3.18, +1.238, +9.427,+0.991
1652435100,+3.18, +1.206, +9.446,+0.991
1652435160,+3.18, +1.206, +9.449,+0.991
1652435220,+3.18, +1.185, +9.462,+0.991
1652435280,+3.18, +1.249, +9.433,+0.991
1652435340,+3.18, +1.217, +9.432,+0.991
1652435400,+3.18, +1.228, +9.428,+0.990
1652435460,+3.18, +1.238, +9.431,+0.991
1652435520,+3.18, +1.195, +9.455,+0.991
1652435580,+3.18, +1.195, +9.457,+0.991
1652435640,+3.18, +1.185, +9.459,+0.991
1652435700,+3.18, +1.228, +9.441,+0.991
1652435760,+3.18, +1.174, +9.453,+0.991
1652435820,+3.18, +1.217, +9.438,+0.991
1652435880,+3.18, +1.206, +9.439,+0.991
1652435940,+3.18, +1.206, +9.437,+0.991
1652436000,+3.18, +1.195, +9.452,+0.991
1652436060,+3.18, +1.206, +9.457,+0.992
1652436120,+3.18, +1.185, +9.454,+0.991
1652436180,+3.18, +1.195, +9.436,+0.991
1652436240,+3.18, +1.174, +9.455,+0.991
1652436300,+3.18, +1.195, +9.446,+0.991
1652436360,+3.18, +1.217, +9.447,+0.992
1652436420,+3.18, +1.206, +9.431,+0.991
1652436480,+3.18, +1.174, +9.450,+0.991
1652436540,+3.18, +1.228, +9.430,+0.991
1652436600,+3.18, +1.217, +9.427,+0.991
1652436660,+3.18, +1.174, +9.464,+0.991
1652436720,+3.18, +1.195, +9.445,+0.991
1652436780,+3.18, +1.195, +9.439,+0.991
1652436840,+3.18, +1.195, +9.449,+0.991
1652436900,+3.18, +1.174, +9.453,+0.991
1652436960,+3.18, +1.195, +9.435,+0.990
1652437020,+3.18, +1.217, +9.450,+0.992
1652437080,+3.18, +1.206, +9.431,+0.990
1652437140,+3.18, +1.228, +9.445,+0.992
1652437200,+3.18, +1.217, +9.437,+0.991
1652437260,+3.18, +1.163, +9.460,+0.991
1652437320,+3.18, +1.195, +9.446,+0.991
1652437380,+3.18, +1.185, +9.447,+0.991
1652437440,+3.18, +1.217, +9.408,+0.990
1652437500,+3.18, +1.206, +9.441,+0.991
1652437560,+3.18, +1.174, +9.466,+0.992
1652437620,+3.18, +1.185, +9.457,+0.991
1652437680,+3.18, +1.217, +9.435,+0.991
1652437740,+3.18, +1.185, +9.448,+0.991
1652437800,+3.18, +1.195, +9.446,+0.991
1652437860,+3.18, +1.185, +9.445,+0.991
1652437920,+3.18, +1.185, +9.451,+0.991
1652437980,+3.18, +1.195, +9.449,+0.991
1652438040,+3.18, +1.195, +9.438,+0.991
1652438100,+3.18, +1.185, +9.447,+0.991
1652438160,+3.18, +1.174, +9.448,+0.991
1652438220,+3.18, +1.174, +9.457,+0.991
1652438280,+3.18, +1.174, +9.460,+0.991
1652438340,+3.18, +1.185, +9.443,+0.991
1652438400,+3.18, +1.174, +9.455,+0.991
1652438460,+3.18, +1.185, +9.450,+0.991
1652438520,+3.18, +1.185, +9.440,+0.991
1652438580,+3.18, +1.206, +9.440,+0.991
1652438640,+3.18, +1.206, +9.422,+0.990
1652438700,+3.18, +1.163, +9.458,+0.991
1652438760,+3.18, +1.163, +9.450,+0.991
1652438820,+3.18, +1.195, +9.453,+0.992
1652438880,+3.18, +1.185, +9.450,+0.991
1652438940,+3.18, +1.163, +9.452,+0.991
1652439000,+3.18, +1.163, +9.458,+0.991
1652439060,+3.18, +1.174, +9.462,+0.992
1652439120,+3.18, +1.185, +9.431,+0.990
1652439180,+3.18, +1.174, +9.444,+0.991
1652439240,+3.18, +1.163, +9.459,+0.991
1652439300,+3.18, +1.185, +9.444,+0.991
1652439360,+3.18, +1.185, +9.445,+0.991
1652439420,+3.18, +1.163, +9.457,+0.991
1652439480,+3.18, +1.174, +9.443,+0.991
1652439540,+3.18, +1.174, +9.453,+0.991
1652439600,+3.18, +1.195, +9.437,+0.991
1652439660,+3.18, +1.195, +9.436,+0.991
1652439720,+3.18, +1.185, +9.450,+0.991
1652439780,+3.18, +1.141, +9.461,+0.991
1652439840,+3.18, +1.206, +9.434,+0.991
1652439900,+3.18, +1.185, +9.441,+0.991
1652439960,+3.18, +1.163, +9.452,+0.991
1652440020,+3.18, +1.141, +9.463,+0.991
1652440080,+3.18, +1.174, +9.454,+0.991
1652440140,+3.18, +1.174, +9.450,+0.991
1652440200,+3.18, +1.174, +9.444,+0.991
1652440260,+3.18, +1.185, +9.453,+0.991
1652440320,+3.18, +1.174, +9.448,+0.991
1652440380,+3.18, +1.174, +9.460,+0.992
1652440440,+3.18, +1.152, +9.455,+0.991
1652440500,+3.18, +1.195, +9.431,+0.990
1652440560,+3.18, +1.163, +9.451,+0.991
1652440620,+3.18, +1.174, +9.448,+0.991
1652440680,+3.18, +1.163, +9.439,+0.990
1652440740,+3.18, +1.174, +9.442,+0.991
1652440800,+3.18, +1.185, +9.449,+0.991
1652440860,+3.18, +1.163, +9.458,+0.991
1652440920,+3.18, +1.185, +9.430,+0.991
1652440980,+3.18, +1.152, +9.458,+0.991
1652441040,+3.18, +1.174, +9.445,+0.991
1652441100,+3.18, +1.163, +9.441,+0.990
1652441160,+3.18, +1.141, +9.462,+0.991
1652441220,+3.18, +1.163, +9.442,+0.990
1652441280,+3.18, +1.163, +9.455,+0.991
1652441340,+3.18, +1.141, +9.464,+0.991
1652441400,+3.18, +1.163, +9.449,+0.991
1652441460,+3.18, +1.152, +9.456,+0.991
1652441520,+3.18, +1.131, +9.464,+0.991
1652441580,+3.18, +1.141, +9.461,+0.991
1652441640,+3.18, +1.131, +9.458,+0.991
1652441700,+3.18, +1.185, +9.444,+0.991
1652441760,+3.18, +1.120, +9.490,+0.992
1652441820,+3.18, +1.141, +9.467,+0.991
1652441880,+3.18, +1.152, +9.461,+0.991
1652441940,+3.18, +1.152, +9.451,+0.991
1652442000,+3.18, +1.141, +9.466,+0.991
1652442060,+3.18, +1.163, +9.453,+0.991
1652442120,+3.18, +1.152, +9.456,+0.991
1652442180,+3.18, +1.120, +9.469,+0.991
1652442240,+3.18, +1.141, +9.458,+0.991
1652442300,+3.18, +1.163, +9.452,+0.991
1652442360,+3.18, +1.163, +9.445,+0.991
1652442420,+3.18, +1.152, +9.445,+0.991
1652442480,+3.18, +1.174, +9.454,+0.991
1652442540,+3.18, +1.152, +9.456,+0.991
1652442600,+3.18, +1.141, +9.467,+0.991
1652442660,+3.18, +1.163, +9.450,+0.991
1652442720,+3.18, +1.152, +9.448,+0.990
1652442780,+3.18, +1.163, +9.450,+0.991
1652442840,+3.18, +1.163, +9.450,+0.991
1652442900,+3.18, +1.131, +9.447,+0.990
1652442960,+3.18, +1.152, +9.457,+0.991
1652443020,+3.18, +1.141, +9.464,+0.991
1652443080,+3.18, +1.141, +9.457,+0.991
1652443140,+3.18, +1.152, +9.451,+0.991
1652443200,+3.18, +1.152, +9.456,+0.991
1652443260,+3.18, +1.163, +9.455,+0.991
1652443320,+3.18, +1.185, +9.428,+0.990
1652443380,+3.18, +1.163, +9.454,+0.991
1652443440,+3.18, +1.163, +9.455,+0.991
1652443500,+3.18, +1.163, +9.446,+0.991
1652443560,+3.18, +1.163, +9.458,+0.991
1652443620,+3.18, +1.131, +9.463,+0.991
1652443680,+3.18, +1.141, +9.461,+0.991
1652443740,+3.18, +1.152, +9.458,+0.991
1652443800,+3.18, +1.141, +9.457,+0.991
1652443860,+3.18, +1.141, +9.474,+0.992
1652443920,+3.18, +1.141, +9.453,+0.991
1652443980,+3.18, +1.120, +9.480,+0.991
1652444040,+3.18, +1.152, +9.465,+0.991
1652444100,+3.18, +1.141, +9.476,+0.992
1652444160,+3.18, +1.174, +9.440,+0.991
1652444220,+3.18, +1.141, +9.465,+0.991
1652444280,+3.18, +1.163, +9.454,+0.991
1652444340,+3.18, +1.163, +9.453,+0.991
1652444400,+3.18, +1.141, +9.472,+0.991
1652444460,+3.18, +1.152, +9.451,+0.990
1652444520,+3.18, +1.131, +9.462,+0.991
1652444580,+3.18, +1.120, +9.480,+0.991
1652444640,+3.18, +1.152, +9.454,+0.991
1652444700,+3.18, +1.141, +9.446,+0.990
1652444760,+3.18, +1.131, +9.457,+0.990
1652444820,+3.18, +1.141, +9.465,+0.991
1652444880,+3.18, +1.152, +9.444,+0.990
1652444940,+3.18, +1.152, +9.450,+0.991
1652445000,+3.18, +1.120, +9.476,+0.991
1652445060,+3.18, +1.152, +9.461,+0.991
1652445120,+3.18, +1.141, +9.462,+0.991
1652445180,+3.18, +1.152, +9.459,+0.991
1652445240,+3.18, +1.152, +9.450,+0.990
1652445300,+3.18, +1.141, +9.463,+0.991
1652445360,+3.18, +1.141, +9.468,+0.991
1652445420,+3.18, +1.174, +9.441,+0.990
1652445480,+3.18, +1.141, +9.465,+0.991
1652445540,+3.18, +1.152, +9.457,+0.991
1652445600,+3.18, +1.131, +9.478,+0.991
1652445660,+3.18, +1.141, +9.462,+0.990
1652445720,+3.18, +1.131, +9.480,+0.991
1652445780,+3.18, +1.152, +9.463,+0.991
1652445840,+3.18, +1.152, +9.457,+0.991
1652445900,+3.18, +1.120, +9.468,+0.990
1652445960,+3.18, +1.174, +9.462,+0.991
1652446020,+3.18, +1.152, +9.465,+0.991
1652446080,+3.18, +1.163, +9.473,+0.992
1652446140,+3.18, +1.120, +9.484,+0.991
1652446200,+3.18, +1.195, +9.449,+0.991
1652446260,+3.18, +1.174, +9.468,+0.991
1652446320,+3.18, +1.131, +9.483,+0.991
1652446380,+3.18, +1.174, +9.461,+0.991
1652446440,+3.18, +1.174, +9.443,+0.990
1652446500,+3.18, +1.174, +9.460,+0.991
1652446560,+3.18, +1.152, +9.479,+0.992
1652446620,+3.18, +1.185, +9.456,+0.991
1652446680,+3.18, +1.174, +9.460,+0.991
1652446740,+3.18, +1.152, +9.464,+0.991
1652446800,+3.18, +1.174, +9.452,+0.991
1652446860,+3.18, +1.185, +9.446,+0.991
1652446920,+3.18, +1.120, +9.493,+0.992
1652446980,+3.18, +1.152, +9.470,+0.991
1652447040,+3.18, +1.195, +9.447,+0.991
1652447100,+3.18, +1.185, +9.441,+0.990
1652447160,+3.18, +1.152, +9.473,+0.991
1652447220,+3.18, +1.163, +9.458,+0.991
1652447280,+3.18, +1.185, +9.469,+0.992
1652447340,+3.18, +1.195, +9.456,+0.991
1652447400,+3.18, +1.163, +9.473,+0.991
1652447460,+3.18, +1.174, +9.452,+0.991
1652447520,+3.18, +1.185, +9.463,+0.991
1652447580,+3.18, +1.174, +9.473,+0.991
1652447640,+3.18, +1.185, +9.459,+0.991
1652447700,+3.18, +1.163, +9.455,+0.991
1652447760,+3.18, +1.195, +9.458,+0.991
1652447820,+3.18, +1.174, +9.457,+0.991
1652447880,+3.18, +1.206, +9.446,+0.991
1652447940,+3.18, +1.206, +9.451,+0.991
1652448000,+3.18, +1.206, +9.448,+0.991
1652448060,+3.18, +1.163, +9.476,+0.991
1652448120,+3.18, +1.195, +9.457,+0.991
1652448180,+3.18, +1.206, +9.460,+0.991
1652448240,+3.18, +1.185, +9.441,+0.990
1652448300,+3.18, +1.185, +9.470,+0.991
1652448360,+3.18, +1.195, +9.457,+0.991
1652448420,+3.18, +1.195, +9.457,+0.991
1652448480,+3.18, +1.195, +9.460,+0.991
1652448540,+3.18, +1.217, +9.438,+0.991
1652448600,+3.18, +1.206, +9.441,+0.990
1652448660,+3.18, +1.206, +9.449,+0.991
1652448720,+3.18, +1.174, +9.462,+0.991
1652448780,+3.18, +1.206, +9.452,+0.991
1652448840,+3.18, +1.217, +9.472,+0.992
1652448900,+3.18, +1.217, +9.458,+0.991
1652448960,+3.18, +1.228, +9.451,+0.991
1652449020,+3.18, +1.206, +9.450,+0.990
1652449080,+3.18, +1.217, +9.459,+0.991
1652449140,+3.18, +1.238, +9.444,+0.991
1652449200,+3.18, +1.260, +9.425,+0.991
1652449260,+3.18, +1.238, +9.452,+0.991
1652449320,+3.18, +1.217, +9.449,+0.991
1652449380,+3.18, +1.260, +9.438,+0.991
1652449440,+3.18, +1.195, +9.471,+0.991
1652449500,+3.18, +1.228, +9.451,+0.991
1652449560,+3.18, +1.228, +9.460,+0.991
1652449620,+3.18, +1.238, +9.428,+0.990
1652449680,+3.18, +1.271, +9.431,+0.991
1652449740,+3.18, +1.260, +9.446,+0.991
1652449800,+3.18, +1.249, +9.439,+0.991
1652449860,+3.18, +1.260, +9.424,+0.990
1652449920,+3.18, +1.260, +9.441,+0.991
1652449980,+3.18, +1.260, +9.445,+0.991
1652450040,+3.18, +1.260, +9.444,+0.991
1652450100,+3.18, +1.260, +9.436,+0.991
1652450160,+3.18, +1.249, +9.451,+0.991
1652450220,+3.18, +1.260, +9.444,+0.991
1652450280,+3.18, +1.238, +9.454,+0.991
1652450340,+3.18, +1.238, +9.451,+0.991
1652450400,+3.18, +1.249, +9.453,+0.991
1652450460,+3.18, +1.271, +9.450,+0.991
1652450520,+3.18, +1.282, +9.439,+0.991
1652450580,+3.18, +1.260, +9.459,+0.991
1652450640,+3.18, +1.292, +9.440,+0.991
1652450700,+3.18, +1.260, +9.451,+0.991
1652450760,+3.18, +1.282, +9.428,+0.991
1652450820,+3.18, +1.282, +9.441,+0.991
1652450880,+3.18, +1.271, +9.443,+0.991
1652450940,+3.18, +1.303, +9.441,+0.991
1652451000,+3.18, +1.282, +9.453,+0.991
1652451060,+3.18, +1.292, +9.438,+0.991
1652451120,+3.18, +1.282, +9.452,+0.991
1652451180,+3.18, +1.238, +9.465,+0.991
1652451240,+3.18, +1.292, +9.444,+0.991
1652451300,+3.18, +1.303, +9.453,+0.992
1652451360,+3.18, +1.271, +9.451,+0.991
1652451420,+3.18, +1.292, +9.443,+0.991
1652451480,+3.18, +1.282, +9.450,+0.991
1652451540,+3.18, +1.271, +9.455,+0.991
1652451600,+3.18, +1.303, +9.433,+0.991
1652451660,+3.18, +1.325, +9.441,+0.992
1652451720,+3.18, +1.314, +9.440,+0.991
1652451780,+3.18, +1.314, +9.429,+0.991
1652451840,+3.18, +1.260, +9.455,+0.991
1652451900,+3.18, +1.325, +9.425,+0.991
1652451960,+3.18, +1.325, +9.435,+0.991
1652452020,+3.18, +1.357, +9.411,+0.991
1652452080,+3.18, +1.325, +9.424,+0.991
1652452140,+3.18, +1.303, +9.435,+0.991
1652452200,+3.18, +1.325, +9.433,+0.991
1652452260,+3.18, +1.335, +9.435,+0.991
1652452320,+3.18, +1.303, +9.433,+0.990
1652452380,+3.18, +1.357, +9.415,+0.991
1652452440,+3.18, +1.271, +9.453,+0.991
1652452500,+3.18, +1.335, +9.434,+0.991
1652452560,+3.18, +1.325, +9.433,+0.991
1652452620,+3.18, +1.346, +9.418,+0.990
1652452680,+3.18, +1.325, +9.442,+0.991
1652452740,+3.18, +1.314, +9.434,+0.990
1652452800,+3.18, +1.346, +9.434,+0.991
1652452860,+3.18, +1.346, +9.425,+0.991
1652452920,+3.18, +1.335, +9.431,+0.990
1652452980,+3.18, +1.346, +9.436,+0.991
1652453040,+3.18, +1.325, +9.431,+0.990
1652453100,+3.18, +1.325, +9.443,+0.990
1652453160,+3.18, +1.346, +9.433,+0.991
1652453220,+3.18, +1.378, +9.420,+0.990
1652453280,+3.18, +1.368, +9.425,+0.991
1652453340,+3.18, +1.368, +9.416,+0.990
1652453400,+3.18, +1.346, +9.423,+0.990
1652453460,+3.18, +1.432, +9.390,+0.990
1652453520,+3.18, +1.357, +9.421,+0.990
1652453580,+3.18, +1.378, +9.415,+0.990
1652453640,+3.18, +1.400, +9.419,+0.990
1652453700,+3.18, +1.368, +9.409,+0.989
1652453760,+3.18, +1.368, +9.430,+0.990
1652453820,+3.18, +1.389, +9.408,+0.990
1652453880,+3.18, +1.389, +9.406,+0.990
1652453940,+3.18, +1.389, +9.409,+0.990
1652454000,+3.18, +1.400, +9.405,+0.990
1652454060,+3.18, +1.389, +9.421,+0.990
1652454120,+3.18, +1.432, +9.407,+0.990
1652454180,+3.18, +1.400, +9.419,+0.990
1652454240,+3.18, +1.389, +9.424,+0.990
1652454300,+3.18, +1.400, +9.416,+0.990
1652454360,+3.18, +1.432, +9.408,+0.990
1652454420,+3.18, +1.421, +9.407,+0.990
1652454480,+3.18, +1.454, +9.389,+0.990
